 SAMPLE,  BOXLENGTH
           1   8.8480264055336164     
           2   8.8480264055336164     
           3   8.8480264055336164     
           4   8.8480264055336164     
           5   8.8317264408677936     
           6   8.7875387951413071     
           7   8.7875387951413071     
           8   8.7807067022511127     
           9   8.7737288278744963     
          10   8.8303261404850755     
          11   8.8303261404850755     
          12   8.7972441122011151     
          13   8.7972441122011151     
          14   8.8113790749686931     
          15   8.8113790749686931     
          16   8.8256606363260577     
          17   8.8256606363260577     
          18   8.8256606363260577     
          19   8.8256606363260577     
          20   8.8256606363260577     
          21   8.8422083354236385     
          22   8.8422083354236385     
          23   8.8422083354236385     
          24   8.8007277622470799     
          25   8.8161550266732274     
          26   8.8161550266732274     
          27   8.8161550266732274     
          28   8.7945326026051447     
          29   8.8171528188604782     
          30   8.8171528188604782     
          31   8.8325845008971662     
          32   8.8451345298029178     
          33   8.8350507109667955     
          34   8.7764600321488881     
          35   8.7872898224709548     
          36   8.8294315263411747     
          37   8.7746632844636228     
          38   8.7977801816625352     
          39   8.8202425011049854     
          40   8.8202425011049854     
          41   8.8202425011049854     
          42   8.8278654818933884     
          43   8.8571348309262152     
          44   8.8433919279909414     
          45   8.8433919279909414     
          46   8.8157324264296566     
          47   8.8261685479361205     
          48   8.8127789428886985     
          49   8.8014531290786220     
          50   8.8014531290786220     
          51   8.7806529189134430     
          52   8.8219106131842207     
          53   8.7887417989041428     
          54   8.7887417989041428     
          55   8.7944368069878927     
          56   8.7944368069878927     
          57   8.7914493181167579     
          58   8.7914493181167579     
          59   8.8233220736742819     
          60   8.8279156764681144     
          61   8.8161023233215960     
          62   8.8144400869665667     
          63   8.8144400869665667     
          64   8.8266598302572508     
          65   8.8266598302572508     
          66   8.8266598302572508     
          67   8.8623161969801973     
          68   8.8493656626021835     
          69   8.8331901267219823     
          70   8.8331901267219823     
          71   8.8116262947287698     
          72   8.8572040741960691     
          73   8.8310330851530505     
          74   8.8302773592782238     
          75   8.8578266286983656     
          76   8.8578148915816985     
          77   8.8535114015458536     
          78   8.8535114015458536     
          79   8.8620633213792033     
          80   8.8207674260161735     
          81   8.8207674260161735     
          82   8.8249210425517735     
          83   8.8249210425517735     
          84   8.8249210425517735     
          85   8.8416180648341598     
          86   8.7838839079482334     
          87   8.8154354521142775     
          88   8.8154354521142775     
          89   8.7770586886219881     
          90   8.7770586886219881     
          91   8.7829604594170458     
          92   8.7829604594170458     
          93   8.8253829960079724     
          94   8.8253829960079724     
          95   8.8133719013717577     
          96   8.7981840196426955     
          97   8.7981840196426955     
          98   8.8146652961172727     
          99   8.8146652961172727     
         100   8.8146652961172727     
         101   8.8478785297225286     
         102   8.8036415981030860     
         103   8.8036415981030860     
         104   8.8036415981030860     
         105   8.8244239629403225     
         106   8.8244239629403225     
         107   8.7725949178043372     
         108   8.7815250848236310     
         109   8.7842353895209815     
         110   8.7814362141441524     
         111   8.7814362141441524     
         112   8.7814362141441524     
         113   8.7814362141441524     
         114   8.8727461888747055     
         115   8.8847256249623481     
         116   8.8847256249623481     
         117   8.8278804645427105     
         118   8.8148747694130112     
         119   8.8086314408136808     
         120   8.8086314408136808     
         121   8.8015601820752298     
         122   8.8576836761124493     
         123   8.8240853407317719     
         124   8.8240853407317719     
         125   8.8240853407317719     
         126   8.8328159306238465     
         127   8.8328159306238465     
         128   8.8328159306238465     
         129   8.8422391518243053     
         130   8.8167619889638633     
         131   8.8240805083282883     
         132   8.8240805083282883     
         133   8.8240805083282883     
         134   8.7916253466684768     
         135   8.7916253466684768     
         136   8.7916253466684768     
         137   8.8162051823065699     
         138   8.8060841999241077     
         139   8.7728049161192452     
         140   8.7728049161192452     
         141   8.8082073346592100     
         142   8.7852755010614061     
         143   8.8167912140486955     
         144   8.8278127730241209     
         145   8.8278127730241209     
         146   8.7583865717845057     
         147   8.7585666977078986     
         148   8.7672951815998079     
         149   8.8073628166548108     
         150   8.8073628166548108     
         151   8.8073628166548108     
         152   8.8073628166548108     
         153   8.8469213365307500     
         154   8.8295556713559460     
         155   8.8821631789375193     
         156   8.8821631789375193     
         157   8.8638925165341824     
         158   8.8638925165341824     
         159   8.8691550941325303     
         160   8.8809982704624915     
         161   8.8630473984235270     
         162   8.8298115550579759     
         163   8.8298115550579759     
         164   8.8298115550579759     
         165   8.8285428615054045     
         166   8.8264987773036641     
         167   8.8264987773036641     
         168   8.8132951839895473     
         169   8.7638538797683765     
         170   8.7722562327098288     
         171   8.7722562327098288     
         172   8.7924839276308333     
         173   8.7945397924099407     
         174   8.7595783841306680     
         175   8.7929736963630329     
         176   8.7768172545371321     
         177   8.7768172545371321     
         178   8.7470414631245674     
         179   8.7267256300364178     
         180   8.7819700435471155     
         181   8.7801035552246560     
         182   8.7502670458488438     
         183   8.7487548658578191     
         184   8.7838262763465824     
         185   8.7726518243055889     
         186   8.7365689128232127     
         187   8.7225303050572709     
         188   8.7473526792397980     
         189   8.7315926976585754     
         190   8.7315926976585754     
         191   8.7275007309208466     
         192   8.7275007309208466     
         193   8.7027247971029009     
         194   8.7123285031555167     
         195   8.7123285031555167     
         196   8.7123285031555167     
         197   8.7709803039751506     
         198   8.7709803039751506     
         199   8.7956949104881588     
         200   8.7887003018915486     
         201   8.7887003018915486     
         202   8.8060876032691837     
         203   8.8525894489165875     
         204   8.7805667349431324     
         205   8.8474571142938316     
         206   8.8474571142938316     
         207   8.8474571142938316     
         208   8.8474571142938316     
         209   8.8474571142938316     
         210   8.7934834984053438     
         211   8.8434188196290364     
         212   8.8468777839634161     
         213   8.8468777839634161     
         214   8.8567747473207454     
         215   8.8388763516153297     
         216   8.8575075788035083     
         217   8.8520149466975528     
         218   8.8520149466975528     
         219   8.8129636505513016     
         220   8.8218700905521299     
         221   8.8218700905521299     
         222   8.8031437467489990     
         223   8.8141062177947642     
         224   8.7993785437207510     
         225   8.7993785437207510     
         226   8.7993785437207510     
         227   8.8296842972401279     
         228   8.8296842972401279     
         229   8.8469516037000169     
         230   8.8469516037000169     
         231   8.8251588591546692     
         232   8.8206866255718097     
         233   8.8157572857033664     
         234   8.8261941475149079     
         235   8.8261941475149079     
         236   8.8159789067307202     
         237   8.7885792971713084     
         238   8.8359661986455595     
         239   8.8481591971954465     
         240   8.8046690561356513     
         241   8.8017058024702823     
         242   8.7878947762537489     
         243   8.7744410320448871     
         244   8.7744410320448871     
         245   8.8320108926669327     
         246   8.8320108926669327     
         247   8.8320108926669327     
         248   8.8271547166904281     
         249   8.8271547166904281     
         250   8.8024847577912890     
         251   8.8024847577912890     
         252   8.8024847577912890     
         253   8.7603195277459367     
         254   8.7392921401597441     
         255   8.7584985144780507     
         256   8.7584985144780507     
         257   8.7307378504832815     
         258   8.7424027642550843     
         259   8.7787016107586258     
         260   8.7836313993035890     
         261   8.8075695436510095     
         262   8.7929205763585383     
         263   8.8299437038108284     
         264   8.7781935856090545     
         265   8.7781935856090545     
         266   8.7734623224634074     
         267   8.7734623224634074     
         268   8.7975012589708967     
         269   8.7975012589708967     
         270   8.7975012589708967     
         271   8.8029178783189916     
         272   8.8120730882059330     
         273   8.8120730882059330     
         274   8.8120730882059330     
         275   8.7755609164838475     
         276   8.7755609164838475     
         277   8.7755609164838475     
         278   8.7853915049550402     
         279   8.7853915049550402     
         280   8.7853915049550402     
         281   8.8221196323141751     
         282   8.8054117956459024     
         283   8.7939408251836220     
         284   8.7939408251836220     
         285   8.7939408251836220     
         286   8.7939408251836220     
         287   8.7813107761445703     
         288   8.7813107761445703     
         289   8.7623518445110431     
         290   8.7791139346570777     
         291   8.7791139346570777     
         292   8.8043276198044076     
         293   8.8043276198044076     
         294   8.8042400784895545     
         295   8.7933058418868164     
         296   8.7933058418868164     
         297   8.7933058418868164     
         298   8.7686131751703016     
         299   8.7702931642421085     
         300   8.7702931642421085     
         301   8.7702931642421085     
         302   8.7702931642421085     
         303   8.7872389239899995     
         304   8.7932511234201325     
         305   8.7932511234201325     
         306   8.7932511234201325     
         307   8.8171119053494262     
         308   8.7853493877742839     
         309   8.7786699640209580     
         310   8.7786699640209580     
         311   8.7786699640209580     
         312   8.7749134437788943     
         313   8.7852425812942041     
         314   8.7852425812942041     
         315   8.8114191262149397     
         316   8.8114191262149397     
         317   8.8114191262149397     
         318   8.8548091176577319     
         319   8.8506632977198407     
         320   8.8595455920162109     
         321   8.8561569622013216     
         322   8.8561569622013216     
         323   8.8601414758400576     
         324   8.8227138317484073     
         325   8.8227138317484073     
         326   8.8227138317484073     
         327   8.8227138317484073     
         328   8.8576952666728559     
         329   8.8674099325730076     
         330   8.8674099325730076     
         331   8.8674099325730076     
         332   8.8293011554581327     
         333   8.8388054450247502     
         334   8.8388054450247502     
         335   8.8202874829963474     
         336   8.8374816866613184     
         337   8.8374816866613184     
         338   8.8114724486968612     
         339   8.8114724486968612     
         340   8.8114724486968612     
         341   8.8114724486968612     
         342   8.7928881064791611     
         343   8.7928881064791611     
         344   8.7928881064791611     
         345   8.7879010385236658     
         346   8.7991358582316579     
         347   8.7991358582316579     
         348   8.8358560634009926     
         349   8.7953808117841756     
         350   8.7259422259356114     
         351   8.8006573188219264     
         352   8.8222061325714556     
         353   8.8222061325714556     
         354   8.8222061325714556     
         355   8.7915558993915468     
         356   8.7765588767327714     
         357   8.7746655145888539     
         358   8.7746655145888539     
         359   8.7939767344745192     
         360   8.7981248285345135     
         361   8.7878891114744953     
         362   8.7878891114744953     
         363   8.7878891114744953     
         364   8.8668526485538486     
         365   8.8148275180791735     
         366   8.8147484310097255     
         367   8.8341914136273871     
         368   8.8022886583207889     
         369   8.8022886583207889     
         370   8.8452493621434289     
         371   8.8156445892095796     
         372   8.8640912267965373     
         373   8.8640912267965373     
         374   8.8453443422917672     
         375   8.8453443422917672     
         376   8.7855067209530713     
         377   8.7841531070414796     
         378   8.7657394941071676     
         379   8.7761037355012750     
         380   8.7701095255396133     
         381   8.7701095255396133     
         382   8.7701095255396133     
         383   8.7701095255396133     
         384   8.7701095255396133     
         385   8.7575584654189864     
         386   8.7575584654189864     
         387   8.7598718078809217     
         388   8.7598718078809217     
         389   8.7590938026769756     
         390   8.7673815006195177     
         391   8.7742995897536495     
         392   8.7742995897536495     
         393   8.7742995897536495     
         394   8.8089603267072558     
         395   8.7619625785139892     
         396   8.7256350231713071     
         397   8.7760796223289503     
         398   8.7729416562686087     
         399   8.7729416562686087     
         400   8.7729416562686087     
         401   8.7484650627108405     
         402   8.8071091986879662     
         403   8.8071091986879662     
         404   8.8184177667263715     
         405   8.8204718407617939     
         406   8.8254050191224760     
         407   8.7753284413858417     
         408   8.7753284413858417     
         409   8.7753284413858417     
         410   8.7753284413858417     
         411   8.7753284413858417     
         412   8.7753284413858417     
         413   8.7832064468459912     
         414   8.8005199038611988     
         415   8.7902908976103813     
         416   8.8250506432983986     
         417   8.8450544781771345     
         418   8.8450544781771345     
         419   8.8450544781771345     
         420   8.8450544781771345     
         421   8.8045081346137550     
         422   8.7798055421419292     
         423   8.8107704638405746     
         424   8.7952096201745089     
         425   8.8332748865261337     
         426   8.8332748865261337     
         427   8.8332748865261337     
         428   8.8355578659577603     
         429   8.8392692925751959     
         430   8.8392692925751959     
         431   8.8628828981367569     
         432   8.8628828981367569     
         433   8.8628828981367569     
         434   8.8936846738843034     
         435   8.8592169737102662     
         436   8.8598457339758330     
         437   8.8640965404554439     
         438   8.8679763991459399     
         439   8.8652751042443025     
         440   8.8652751042443025     
         441   8.8737607427387371     
         442   8.8803918397564274     
         443   8.8073546099672839     
         444   8.8384312320548357     
         445   8.8641604563876921     
         446   8.8641604563876921     
         447   8.8641604563876921     
         448   8.8641604563876921     
         449   8.8641604563876921     
         450   8.8627950487667206     
         451   8.8627950487667206     
         452   8.8883236866505708     
         453   8.9018128798733862     
         454   8.9413473393258425     
         455   8.9413473393258425     
         456   8.9413473393258425     
         457   8.9387177254228973     
         458   8.9139221684802035     
         459   8.9177330653483260     
         460   8.9177330653483260     
         461   8.9169903121075507     
         462   8.9129691380620546     
         463   8.8908992919547707     
         464   8.8565832333229793     
         465   8.8950385750989209     
         466   8.8950385750989209     
         467   8.8930861179664333     
         468   8.8930861179664333     
         469   8.9262343109299387     
         470   8.9262343109299387     
         471   8.9106550975143524     
         472   8.9039542060747987     
         473   8.9039542060747987     
         474   8.8994582242894680     
         475   8.8930041294347220     
         476   8.8930041294347220     
         477   8.8678321487875618     
         478   8.8962285351302306     
         479   8.8465382948012206     
         480   8.8247462195158288     
         481   8.8247462195158288     
         482   8.8440336215877160     
         483   8.8437109001682526     
         484   8.8437109001682526     
         485   8.8467996968721163     
         486   8.8467996968721163     
         487   8.8813504083226107     
         488   8.8813504083226107     
         489   8.8187379607742731     
         490   8.8077147562030706     
         491   8.8077147562030706     
         492   8.8077147562030706     
         493   8.8597539560382899     
         494   8.8597539560382899     
         495   8.8440086800596056     
         496   8.8474950416850948     
         497   8.8435801557065847     
         498   8.8435801557065847     
         499   8.8045437867042669     
         500   8.8045437867042669     
         501   8.8425934791517982     
         502   8.8166649955413465     
         503   8.8166649955413465     
         504   8.8375236884089627     
         505   8.7961179760326189     
         506   8.7961179760326189     
         507   8.8484374739972100     
         508   8.8014550926348303     
         509   8.8223247098602453     
         510   8.8017600262768099     
         511   8.7907646152804375     
         512   8.8015637750374758     
         513   8.8015637750374758     
         514   8.8150409659619982     
         515   8.8150409659619982     
         516   8.8150409659619982     
         517   8.8150409659619982     
         518   8.8150409659619982     
         519   8.8463382413938145     
         520   8.8463382413938145     
         521   8.8599456361329789     
         522   8.8599456361329789     
         523   8.8738536912223118     
         524   8.8738536912223118     
         525   8.8198577332423103     
         526   8.8198577332423103     
         527   8.8474807571044991     
         528   8.8474807571044991     
         529   8.8087595888827437     
         530   8.8087595888827437     
         531   8.8277403277360520     
         532   8.7864923298539761     
         533   8.8101543988434141     
         534   8.8136186219844763     
         535   8.8525591275295934     
         536   8.8525591275295934     
         537   8.8315325452298481     
         538   8.8619964526892545     
         539   8.8619964526892545     
         540   8.8303552128961762     
         541   8.8594642458367918     
         542   8.8304152398436209     
         543   8.8591347641862104     
         544   8.8079413536154512     
         545   8.8079413536154512     
         546   8.7839219039912777     
         547   8.8196381418718452     
         548   8.7907071684323199     
         549   8.7969333365746873     
         550   8.7969333365746873     
         551   8.7969333365746873     
         552   8.8018074599750697     
         553   8.7500111079551051     
         554   8.7126455812574406     
         555   8.7719589925406076     
         556   8.7719589925406076     
         557   8.7711617743805075     
         558   8.7711617743805075     
         559   8.7995559539875909     
         560   8.7983756130217809     
         561   8.7983756130217809     
         562   8.7983756130217809     
         563   8.7967985221743987     
         564   8.7967985221743987     
         565   8.7608338970177808     
         566   8.7608338970177808     
         567   8.7801654021598097     
         568   8.7458468310859896     
         569   8.7982314693697923     
         570   8.7657828675310014     
         571   8.8251211901562190     
         572   8.8090666925357137     
         573   8.7657418683812445     
         574   8.7778898596855441     
         575   8.8185546659128669     
         576   8.7865145110284875     
         577   8.7865991611279615     
         578   8.8454072070138370     
         579   8.8454072070138370     
         580   8.7972077315824304     
         581   8.7972077315824304     
         582   8.7972077315824304     
         583   8.7850557320172076     
         584   8.8153231045529541     
         585   8.8098062518740932     
         586   8.8098062518740932     
         587   8.7842825269272389     
         588   8.7842825269272389     
         589   8.8094349469665474     
         590   8.8094349469665474     
         591   8.8086887974648889     
         592   8.7754761904117782     
         593   8.8079505646231553     
         594   8.8079505646231553     
         595   8.8079505646231553     
         596   8.7583315139393925     
         597   8.7583315139393925     
         598   8.7421057344285149     
         599   8.7421057344285149     
         600   8.7421057344285149     
         601   8.7421057344285149     
         602   8.7421057344285149     
         603   8.7720715259848934     
         604   8.7720715259848934     
         605   8.7640474830591426     
         606   8.7640474830591426     
         607   8.7592839075314508     
         608   8.8005971674560737     
         609   8.8120205548437589     
         610   8.7785476081398386     
         611   8.7679524692172635     
         612   8.7679524692172635     
         613   8.7974606553238246     
         614   8.8085532329270269     
         615   8.8085532329270269     
         616   8.8085532329270269     
         617   8.8282608156504541     
         618   8.8282608156504541     
         619   8.8052270055137036     
         620   8.8265418775391264     
         621   8.8265418775391264     
         622   8.8265418775391264     
         623   8.8265418775391264     
         624   8.8519034766377303     
         625   8.8492658807299041     
         626   8.8492658807299041     
         627   8.8302801411156864     
         628   8.8302367432532396     
         629   8.8302367432532396     
         630   8.8393288582290843     
         631   8.8277243499009757     
         632   8.7863253174177718     
         633   8.7863253174177718     
         634   8.7510128115292858     
         635   8.7694448983939886     
         636   8.7694448983939886     
         637   8.7653113880166433     
         638   8.7653113880166433     
         639   8.7653113880166433     
         640   8.7732738995898103     
         641   8.7732738995898103     
         642   8.7818911842085985     
         643   8.7818911842085985     
         644   8.8175421094361432     
         645   8.8279504175515910     
         646   8.8099059319431916     
         647   8.7655889484985394     
         648   8.8186973552591557     
         649   8.7901068298715064     
         650   8.7954337613425544     
         651   8.7736575709038274     
         652   8.7736575709038274     
         653   8.8346721917547661     
         654   8.8463377996690316     
         655   8.8531600451867760     
         656   8.8578888240751485     
         657   8.8578888240751485     
         658   8.8578888240751485     
         659   8.8170010593527266     
         660   8.8170010593527266     
         661   8.8422254853945823     
         662   8.8662683762426369     
         663   8.8662683762426369     
         664   8.8133335578309779     
         665   8.8725956470114387     
         666   8.8725956470114387     
         667   8.8392887662597595     
         668   8.8547123032879202     
         669   8.8417098208924561     
         670   8.8091428054452621     
         671   8.8091428054452621     
         672   8.8058460283449342     
         673   8.8439802336258087     
         674   8.8557419854325836     
         675   8.8411946339186063     
         676   8.8379158312189752     
         677   8.8379158312189752     
         678   8.8379158312189752     
         679   8.8530948818336981     
         680   8.8355088750560427     
         681   8.8355088750560427     
         682   8.8355088750560427     
         683   8.8027682436628840     
         684   8.8027682436628840     
         685   8.8557701854194235     
         686   8.8468591305325717     
         687   8.8781736927317905     
         688   8.8863485043789030     
         689   8.8510024267261116     
         690   8.8151966189936655     
         691   8.8276642786730584     
         692   8.7917937728005580     
         693   8.7917937728005580     
         694   8.8037919985352140     
         695   8.8037919985352140     
         696   8.8037919985352140     
         697   8.8522629818455840     
         698   8.8522629818455840     
         699   8.7954369089211344     
         700   8.8545630812579752     
         701   8.8016211950002585     
         702   8.8066957928694922     
         703   8.8066957928694922     
         704   8.8066957928694922     
         705   8.8098295432882274     
         706   8.7730111351740305     
         707   8.7888153403367646     
         708   8.7888153403367646     
         709   8.7445765485597029     
         710   8.7445765485597029     
         711   8.7997774441060610     
         712   8.7493694638110906     
         713   8.7493694638110906     
         714   8.7340014440109321     
         715   8.7340014440109321     
         716   8.7528824107781134     
         717   8.7508458406473544     
         718   8.7800182645820364     
         719   8.7390004400425063     
         720   8.7814397060416560     
         721   8.7929041290597603     
         722   8.7877678410313376     
         723   8.7737081320599817     
         724   8.7721021583028786     
         725   8.7721021583028786     
         726   8.7721021583028786     
         727   8.7721021583028786     
         728   8.7721021583028786     
         729   8.7556125085747674     
         730   8.7872259348711577     
         731   8.8157394099323358     
         732   8.8317678979981977     
         733   8.7803347730729691     
         734   8.8124765211824183     
         735   8.8055078080987457     
         736   8.7885947512270501     
         737   8.7871615014672813     
         738   8.7899123992497010     
         739   8.7582410044013024     
         740   8.7813708206489878     
         741   8.7773163212509040     
         742   8.7773163212509040     
         743   8.8122059973019908     
         744   8.7803382944321147     
         745   8.8044421155832353     
         746   8.8258916862776733     
         747   8.7858415789553934     
         748   8.7858415789553934     
         749   8.7858415789553934     
         750   8.7882552811929688     
         751   8.7882552811929688     
         752   8.8390258435399165     
         753   8.8530143723028250     
         754   8.8579471278778499     
         755   8.8579471278778499     
         756   8.8065047830418770     
         757   8.8065047830418770     
         758   8.8119316155128331     
         759   8.8301472499204294     
         760   8.8115831682657149     
         761   8.8479075304488148     
         762   8.8479075304488148     
         763   8.8479075304488148     
         764   8.8479075304488148     
         765   8.8263752129411621     
         766   8.8189370666992737     
         767   8.8345732178985870     
         768   8.8345732178985870     
         769   8.8368838875388569     
         770   8.8368943573583660     
         771   8.8368943573583660     
         772   8.8146349696586892     
         773   8.8146349696586892     
         774   8.8356612480072823     
         775   8.8146055693863854     
         776   8.7906528181759676     
         777   8.7906528181759676     
         778   8.7906528181759676     
         779   8.7914471792470774     
         780   8.8055555775180689     
         781   8.8162497227318912     
         782   8.8162497227318912     
         783   8.8154143884574001     
         784   8.7937138596392330     
         785   8.8021584348010578     
         786   8.8021584348010578     
         787   8.8261705568700801     
         788   8.8261705568700801     
         789   8.8261705568700801     
         790   8.8009155077470247     
         791   8.8009155077470247     
         792   8.8009155077470247     
         793   8.7811598213689255     
         794   8.8256627170479032     
         795   8.7878112613202344     
         796   8.8279326856452975     
         797   8.8477997472353334     
         798   8.8477997472353334     
         799   8.8291640737318300     
         800   8.8291640737318300     
         801   8.8293532153190988     
         802   8.8293532153190988     
         803   8.8234219986850420     
         804   8.8662715796996494     
         805   8.8215775362457300     
         806   8.8322706757083402     
         807   8.7911816589290357     
         808   8.7483142146096640     
         809   8.7925318596220023     
         810   8.7917386121622894     
         811   8.8115555940749388     
         812   8.7894333114803072     
         813   8.7785809303022955     
         814   8.7962707643409228     
         815   8.7962707643409228     
         816   8.7929490539179387     
         817   8.8289804933092526     
         818   8.8289804933092526     
         819   8.8289804933092526     
         820   8.8289804933092526     
         821   8.8323548993140371     
         822   8.8323548993140371     
         823   8.8100884110484703     
         824   8.8189333694381009     
         825   8.8189333694381009     
         826   8.8189333694381009     
         827   8.8189333694381009     
         828   8.8189333694381009     
         829   8.8122480310654439     
         830   8.8122480310654439     
         831   8.8323860964674772     
         832   8.8188057287613990     
         833   8.8188057287613990     
         834   8.7965906847864606     
         835   8.8221898284007789     
         836   8.8221898284007789     
         837   8.8221898284007789     
         838   8.8495057091629992     
         839   8.8495057091629992     
         840   8.8746888919658229     
         841   8.8848938734493466     
         842   8.8290185065365137     
         843   8.8290185065365137     
         844   8.7786214823997373     
         845   8.7786214823997373     
         846   8.7786214823997373     
         847   8.7867703176463117     
         848   8.8027413419803846     
         849   8.8219224555765425     
         850   8.8219224555765425     
         851   8.8385836782526130     
         852   8.8031333306967934     
         853   8.8449945087766402     
         854   8.8014410173350495     
         855   8.8596302070180748     
         856   8.8613283782518231     
         857   8.8257691242487866     
         858   8.8257691242487866     
         859   8.8003071779116162     
         860   8.8003071779116162     
         861   8.7948058998794352     
         862   8.7948058998794352     
         863   8.7948058998794352     
         864   8.8390472965188387     
         865   8.8436389725763647     
         866   8.8557759290854090     
         867   8.8584732908219106     
         868   8.8727261652547504     
         869   8.8556378527896662     
         870   8.8556378527896662     
         871   8.8256279991254907     
         872   8.8356537781179689     
         873   8.8557682562040121     
         874   8.8054692245520201     
         875   8.8054692245520201     
         876   8.7982254556606954     
         877   8.8253680539670967     
         878   8.8178693297748385     
         879   8.7997628136737642     
         880   8.8206302970340804     
         881   8.8007094481640564     
         882   8.8179894412578186     
         883   8.8179894412578186     
         884   8.8321854669443560     
         885   8.8292689112870857     
         886   8.8525950122156125     
         887   8.8195673323893899     
         888   8.8521135165919134     
         889   8.8647892253125722     
         890   8.8660472932931871     
         891   8.8666686558804368     
         892   8.8981630054088932     
         893   8.8365006254137661     
         894   8.8365006254137661     
         895   8.8566272748062147     
         896   8.8604167728179721     
         897   8.8604167728179721     
         898   8.8518838586652606     
         899   8.8840320715891874     
         900   8.8966708848592155     
         901   8.8657371686719006     
         902   8.8731607950640026     
         903   8.8820568859757092     
         904   8.8683922631123959     
         905   8.8714593058928362     
         906   8.9034606906133860     
         907   8.8998853662308175     
         908   8.8998853662308175     
         909   8.8876830004796865     
         910   8.8614174552794456     
         911   8.8091187449510446     
         912   8.8091187449510446     
         913   8.8100551132758138     
         914   8.8650805685198399     
         915   8.8644395078865799     
         916   8.8644395078865799     
         917   8.8213714709006261     
         918   8.8540559043473426     
         919   8.8003632356087742     
         920   8.8244888418100569     
         921   8.8328409415463369     
         922   8.8066483677562406     
         923   8.8212769107012807     
         924   8.8082065850426758     
         925   8.8268682289658233     
         926   8.8054262116065622     
         927   8.8054262116065622     
         928   8.8642514080781147     
         929   8.8393198387507503     
         930   8.8393198387507503     
         931   8.8602288587789531     
         932   8.8602288587789531     
         933   8.8602288587789531     
         934   8.8585439193803612     
         935   8.8585439193803612     
         936   8.8258878318549883     
         937   8.8339601840825175     
         938   8.8339601840825175     
         939   8.8365390607177421     
         940   8.8122453075165854     
         941   8.8122453075165854     
         942   8.8122453075165854     
         943   8.8148993851923940     
         944   8.8135850201487074     
         945   8.7822174617108288     
         946   8.7850276836478276     
         947   8.7850276836478276     
         948   8.7850276836478276     
         949   8.7450224772211769     
         950   8.7193633281711342     
         951   8.7334855669479001     
         952   8.8111122324678046     
         953   8.7790793108700278     
         954   8.7790793108700278     
         955   8.7718041491734695     
         956   8.7426436859185230     
         957   8.7586516362487394     
         958   8.7625704757106746     
         959   8.7625704757106746     
         960   8.7463895364132718     
         961   8.7681520566709974     
         962   8.8049766435344505     
         963   8.8049766435344505     
         964   8.8049766435344505     
         965   8.7528472368346097     
         966   8.7803694672835828     
         967   8.7803694672835828     
         968   8.7543748015533112     
         969   8.7543748015533112     
         970   8.7543748015533112     
         971   8.7900055468717682     
         972   8.7689638526137657     
         973   8.7689638526137657     
         974   8.7689638526137657     
         975   8.7689638526137657     
         976   8.7779423160064276     
         977   8.7811144798462024     
         978   8.7811144798462024     
         979   8.7811144798462024     
         980   8.7811144798462024     
         981   8.7811144798462024     
         982   8.7802301894183543     
         983   8.7802301894183543     
         984   8.7802301894183543     
         985   8.8210946595473931     
         986   8.7661529639661637     
         987   8.8298570824349305     
         988   8.7856267390774114     
         989   8.8363368509438125     
         990   8.7885963541380683     
         991   8.8254626175359814     
         992   8.8075619440644761     
         993   8.7967673434383968     
         994   8.8482656490667093     
         995   8.8482656490667093     
         996   8.8482656490667093     
         997   8.8364687974351170     
         998   8.8328471120574896     
         999   8.7874925753283648     
        1000   8.7520731922434845     
        1001   8.7520731922434845     
        1002   8.8028901024912880     
        1003   8.8028901024912880     
        1004   8.8178898265370851     
        1005   8.8178898265370851     
        1006   8.8178898265370851     
        1007   8.8178898265370851     
        1008   8.8178898265370851     
        1009   8.8135171004594817     
        1010   8.8135171004594817     
        1011   8.8734363853442382     
        1012   8.8734363853442382     
        1013   8.8233794799474250     
        1014   8.8233794799474250     
        1015   8.8140701767413496     
        1016   8.8140701767413496     
        1017   8.8140701767413496     
        1018   8.8140701767413496     
        1019   8.8140701767413496     
        1020   8.8140701767413496     
        1021   8.8140701767413496     
        1022   8.8140701767413496     
        1023   8.8140701767413496     
        1024   8.7766503914055711     
        1025   8.7930194063669411     
        1026   8.7858840907798843     
        1027   8.7858840907798843     
        1028   8.7858840907798843     
        1029   8.8030529515275227     
        1030   8.8030529515275227     
        1031   8.8030529515275227     
        1032   8.7718931663560173     
        1033   8.7718931663560173     
        1034   8.7948452837943840     
        1035   8.7742480285941582     
        1036   8.7742480285941582     
        1037   8.7498448782681972     
        1038   8.7676117944466601     
        1039   8.7642062504951852     
        1040   8.7616222554515506     
        1041   8.7477597527759237     
        1042   8.7477597527759237     
        1043   8.8002104977142164     
        1044   8.8002104977142164     
        1045   8.8174121743998111     
        1046   8.7814428098807333     
        1047   8.7814428098807333     
        1048   8.8044754977405955     
        1049   8.7699057396910849     
        1050   8.7580558568340567     
        1051   8.7945558041431369     
        1052   8.7561380424157900     
        1053   8.7500942714502479     
        1054   8.7500942714502479     
        1055   8.7500942714502479     
        1056   8.7893119899188239     
        1057   8.7893119899188239     
        1058   8.7893119899188239     
        1059   8.7893119899188239     
        1060   8.7841356202933980     
        1061   8.8023579007384516     
        1062   8.8023579007384516     
        1063   8.8146817746440274     
        1064   8.8244295665285328     
        1065   8.8358892154884145     
        1066   8.8358892154884145     
        1067   8.8182335816834634     
        1068   8.8182335816834634     
        1069   8.8182335816834634     
        1070   8.8182335816834634     
        1071   8.8182335816834634     
        1072   8.8320774657463144     
        1073   8.8507017489254789     
        1074   8.8507017489254789     
        1075   8.8507017489254789     
        1076   8.8139345478899358     
        1077   8.8426987483308359     
        1078   8.8391294931927327     
        1079   8.8327986083037295     
        1080   8.8773275623544237     
        1081   8.8654042447850454     
        1082   8.8654042447850454     
        1083   8.8654042447850454     
        1084   8.8165318176693468     
        1085   8.8135519467302323     
        1086   8.8402713139919609     
        1087   8.8772365501983845     
        1088   8.8772365501983845     
        1089   8.8500269093524668     
        1090   8.8711819078306604     
        1091   8.8711819078306604     
        1092   8.8531501376260184     
        1093   8.8917948624096503     
        1094   8.8623188216344406     
        1095   8.8866980660028716     
        1096   8.9289982467231397     
        1097   8.9074057383057834     
        1098   8.9206494573954060     
        1099   8.9206494573954060     
        1100   8.9206494573954060     
        1101   8.9206494573954060     
        1102   8.9133413530113703     
        1103   8.9178973049600359     
        1104   8.9233957609791652     
        1105   8.9037425993618964     
        1106   8.9037425993618964     
        1107   8.9062107906119490     
        1108   8.8578499418822183     
        1109   8.8822640314834427     
        1110   8.8539704716166518     
        1111   8.9040380210498622     
        1112   8.9340807432229710     
        1113   8.9340807432229710     
        1114   8.8879449850416012     
        1115   8.8825850196925860     
        1116   8.8825850196925860     
        1117   8.8132829880932952     
        1118   8.8207519781816295     
        1119   8.8207519781816295     
        1120   8.8207519781816295     
        1121   8.8207519781816295     
        1122   8.8902187813521252     
        1123   8.8311467169119933     
        1124   8.8754086243383270     
        1125   8.8769503427953627     
        1126   8.8769503427953627     
        1127   8.8709502922939620     
        1128   8.8422042843535475     
        1129   8.8422042843535475     
        1130   8.8560565143153731     
        1131   8.8204464526279232     
        1132   8.8048001720963747     
        1133   8.8048001720963747     
        1134   8.8048001720963747     
        1135   8.8554477808072818     
        1136   8.8276937348639439     
        1137   8.8584819968585897     
        1138   8.8584819968585897     
        1139   8.8757742042468095     
        1140   8.8084007890726976     
        1141   8.8084007890726976     
        1142   8.8305614212168120     
        1143   8.8247690717044271     
        1144   8.7850537776462279     
        1145   8.8237121771780096     
        1146   8.7896873915198324     
        1147   8.8207614604301448     
        1148   8.8172209265508776     
        1149   8.8019966253507924     
        1150   8.8019966253507924     
        1151   8.8336513989870920     
        1152   8.8347588230847531     
        1153   8.8347588230847531     
        1154   8.8100290332580702     
        1155   8.8362281528036455     
        1156   8.8914296460245641     
        1157   8.8914296460245641     
        1158   8.8632584051789554     
        1159   8.8547109128315142     
        1160   8.8825548575156876     
        1161   8.8825548575156876     
        1162   8.8727040900004912     
        1163   8.8358982570839171     
        1164   8.8358982570839171     
        1165   8.8229938822425318     
        1166   8.8586538233013385     
        1167   8.8400663233938399     
        1168   8.8694398943216886     
        1169   8.8897468290259827     
        1170   8.8680919640603513     
        1171   8.8643093351140188     
        1172   8.8753695703099531     
        1173   8.8677735411715428     
        1174   8.8642745919100321     
        1175   8.8160242039124501     
        1176   8.8160242039124501     
        1177   8.8160242039124501     
        1178   8.7971194362573879     
        1179   8.8135432895576500     
        1180   8.8135432895576500     
        1181   8.8460490126616005     
        1182   8.8402828912914480     
        1183   8.8619630154800593     
        1184   8.8173374807681206     
        1185   8.8576085809367537     
        1186   8.8235727573794538     
        1187   8.8507498325299796     
        1188   8.8360979624915785     
        1189   8.8591503387843318     
        1190   8.7915679453149842     
        1191   8.8117241341216594     
        1192   8.8059048061861169     
        1193   8.8059048061861169     
        1194   8.8129694502196543     
        1195   8.8188582902922477     
        1196   8.8100373193625021     
        1197   8.7887296091481275     
        1198   8.7887296091481275     
        1199   8.8340909020268832     
        1200   8.8340909020268832     
        1201   8.8127182602358598     
        1202   8.7522938016678502     
        1203   8.7522938016678502     
        1204   8.7522938016678502     
        1205   8.7522938016678502     
        1206   8.7522938016678502     
        1207   8.7510624531005039     
        1208   8.7510624531005039     
        1209   8.7687280821059712     
        1210   8.7911855681219162     
        1211   8.7456546654603518     
        1212   8.7456546654603518     
        1213   8.7499894437131172     
        1214   8.7949117556053960     
        1215   8.7912813692471410     
        1216   8.7850043596352005     
        1217   8.8254259153587657     
        1218   8.8571130327687815     
        1219   8.8460857488213254     
        1220   8.8460857488213254     
        1221   8.8460857488213254     
        1222   8.8460857488213254     
        1223   8.8155465788432501     
        1224   8.8155465788432501     
        1225   8.8462362652260484     
        1226   8.8462362652260484     
        1227   8.8462362652260484     
        1228   8.8462362652260484     
        1229   8.8426197701698594     
        1230   8.8426197701698594     
        1231   8.8426197701698594     
        1232   8.8308406763523415     
        1233   8.8105543232078247     
        1234   8.7651211282399242     
        1235   8.7651211282399242     
        1236   8.7603832539288593     
        1237   8.7603832539288593     
        1238   8.7969384245534599     
        1239   8.7932469403644564     
        1240   8.8027807636922617     
        1241   8.8048165311588189     
        1242   8.8048165311588189     
        1243   8.8190621576368482     
        1244   8.8190621576368482     
        1245   8.8578559409698432     
        1246   8.8286791180423272     
        1247   8.8570275292155962     
        1248   8.8090457773583104     
        1249   8.8090457773583104     
        1250   8.7555042627937727     
        1251   8.8109350358777920     
        1252   8.8109350358777920     
        1253   8.8246108309870834     
        1254   8.8021148558334996     
        1255   8.7908433054933415     
        1256   8.7908433054933415     
        1257   8.8116177556002242     
        1258   8.8116177556002242     
        1259   8.8116177556002242     
        1260   8.7834219238930622     
        1261   8.7895114418011620     
        1262   8.7873519637609956     
        1263   8.7873519637609956     
        1264   8.7873519637609956     
        1265   8.8374080749388213     
        1266   8.8374080749388213     
        1267   8.8100454548435998     
        1268   8.8346462362930662     
        1269   8.8396075978565776     
        1270   8.8396075978565776     
        1271   8.8080823238522470     
        1272   8.8168384298000380     
        1273   8.8168384298000380     
        1274   8.8210882473030576     
        1275   8.7775060662451398     
        1276   8.7775060662451398     
        1277   8.7726467493156850     
        1278   8.8204433157127013     
        1279   8.8250073171350429     
        1280   8.8250073171350429     
        1281   8.8446013560856311     
        1282   8.8446013560856311     
        1283   8.8362480519614728     
        1284   8.8362480519614728     
        1285   8.8427358196511463     
        1286   8.8204273387308199     
        1287   8.8617730832063319     
        1288   8.8204043253913440     
        1289   8.8204043253913440     
        1290   8.8318173112255050     
        1291   8.8828632185697440     
        1292   8.8437442707287985     
        1293   8.8709142395805287     
        1294   8.8554318319970804     
        1295   8.8618389519893928     
        1296   8.8107082421559664     
        1297   8.8107082421559664     
        1298   8.8107082421559664     
        1299   8.7969909058873927     
        1300   8.7964029975831171     
        1301   8.8239122658234521     
        1302   8.8043422668806972     
        1303   8.8439172162987791     
        1304   8.8488992500571690     
        1305   8.8025095824722239     
        1306   8.8292893113546640     
        1307   8.7870843491028321     
        1308   8.8121397695338732     
        1309   8.8081388055697971     
        1310   8.7822547132035442     
        1311   8.7822547132035442     
        1312   8.7850490367598582     
        1313   8.7971627520618139     
        1314   8.8227771005815132     
        1315   8.8525882077318396     
        1316   8.8404108778362911     
        1317   8.8404108778362911     
        1318   8.8092350155159753     
        1319   8.8115159275856954     
        1320   8.8559908341662279     
        1321   8.8559908341662279     
        1322   8.9030056916596383     
        1323   8.8773727172940937     
        1324   8.8857336267897988     
        1325   8.8993438082608449     
        1326   8.8868931669032243     
        1327   8.8868931669032243     
        1328   8.8868931669032243     
        1329   8.8871223319919093     
        1330   8.8344203024964330     
        1331   8.8510588458406350     
        1332   8.8747384053185385     
        1333   8.8747384053185385     
        1334   8.8892591856478838     
        1335   8.8892591856478838     
        1336   8.8823009216816775     
        1337   8.8949345171612251     
        1338   8.8797732512401844     
        1339   8.9081469920844274     
        1340   8.9032900883417589     
        1341   8.9083480646549482     
        1342   8.8860616712394176     
        1343   8.9044902998467492     
        1344   8.9044902998467492     
        1345   8.8570119417812663     
        1346   8.8230099935946882     
        1347   8.8230099935946882     
        1348   8.8230099935946882     
        1349   8.8417210855533579     
        1350   8.8088759869418656     
        1351   8.8088759869418656     
        1352   8.8090863329632789     
        1353   8.8090863329632789     
        1354   8.8129814790297001     
        1355   8.7724658778716673     
        1356   8.8136228181177909     
        1357   8.7612473409437275     
        1358   8.7720366262999807     
        1359   8.7853760170590807     
        1360   8.7804735366472340     
        1361   8.8257003876594364     
        1362   8.7954555762022775     
        1363   8.8104897464471961     
        1364   8.7937776693506375     
        1365   8.8523544714989768     
        1366   8.7770731068217476     
        1367   8.7770731068217476     
        1368   8.8252776395560879     
        1369   8.8252776395560879     
        1370   8.8252776395560879     
        1371   8.8252776395560879     
        1372   8.7743161250138062     
        1373   8.7294362383285531     
        1374   8.7294362383285531     
        1375   8.7294362383285531     
        1376   8.7376936804917236     
        1377   8.7843428414855609     
        1378   8.7843428414855609     
        1379   8.7843428414855609     
        1380   8.7529955145387959     
        1381   8.7529955145387959     
        1382   8.7417781500264979     
        1383   8.7382539211444517     
        1384   8.7549514847987755     
        1385   8.8032879238703377     
        1386   8.8032879238703377     
        1387   8.8032879238703377     
        1388   8.7963528399920889     
        1389   8.8222536233362270     
        1390   8.8476790952259812     
        1391   8.8147785681014277     
        1392   8.8147785681014277     
        1393   8.8147785681014277     
        1394   8.7844870854509267     
        1395   8.7781119700709844     
        1396   8.7881839154596406     
        1397   8.8163109688128944     
        1398   8.8005763614474013     
        1399   8.8005763614474013     
        1400   8.7795558991158806     
        1401   8.7795558991158806     
        1402   8.7795558991158806     
        1403   8.7795558991158806     
        1404   8.7760186756759015     
        1405   8.7941477537592050     
        1406   8.7810231940769619     
        1407   8.7810231940769619     
        1408   8.7810231940769619     
        1409   8.7810231940769619     
        1410   8.8357323794647034     
        1411   8.8423637341530572     
        1412   8.8423637341530572     
        1413   8.8423637341530572     
        1414   8.8423637341530572     
        1415   8.8780239339503790     
        1416   8.7906942104334433     
        1417   8.7837641167512839     
        1418   8.7987883588173528     
        1419   8.8040812921511478     
        1420   8.8666131944685631     
        1421   8.8624208220900051     
        1422   8.8740687303393635     
        1423   8.8995496041859692     
        1424   8.8844163135506928     
        1425   8.8426363026907140     
        1426   8.8426363026907140     
        1427   8.8401738019972331     
        1428   8.8525291482113850     
        1429   8.8525291482113850     
        1430   8.8642311374763523     
        1431   8.8142685583516620     
        1432   8.8142685583516620     
        1433   8.8115370518097649     
        1434   8.8115370518097649     
        1435   8.7697082305639515     
        1436   8.8011924828601913     
        1437   8.8382576567137612     
        1438   8.8005368161355921     
        1439   8.8005368161355921     
        1440   8.8005368161355921     
        1441   8.7975820266410771     
        1442   8.8194289356968270     
        1443   8.8462738228503905     
        1444   8.8462738228503905     
        1445   8.8339785260838752     
        1446   8.8242087067793271     
        1447   8.8108388178141333     
        1448   8.8088046505186171     
        1449   8.8150136399562662     
        1450   8.7688249439933941     
        1451   8.7774036083562557     
        1452   8.7569337039365909     
        1453   8.7883861800499581     
        1454   8.8022900114128895     
        1455   8.8226957939777186     
        1456   8.8037535992585383     
        1457   8.8284153990187644     
        1458   8.8130736517111217     
        1459   8.8130736517111217     
        1460   8.7918630782589258     
        1461   8.7918630782589258     
        1462   8.7845295409999729     
        1463   8.7845295409999729     
        1464   8.8139531563170195     
        1465   8.7518958614632183     
        1466   8.7518958614632183     
        1467   8.7752371138956811     
        1468   8.7596607567429601     
        1469   8.8002777986177882     
        1470   8.8002777986177882     
        1471   8.8002777986177882     
        1472   8.8002777986177882     
        1473   8.8393028640004907     
        1474   8.8082516035368474     
        1475   8.8460109258803072     
        1476   8.8460109258803072     
        1477   8.8565242288110113     
        1478   8.8565242288110113     
        1479   8.8174797170826977     
        1480   8.8244590866031878     
        1481   8.8244590866031878     
        1482   8.8589392904904969     
        1483   8.8193406300113839     
        1484   8.8410905761647118     
        1485   8.8591766397359883     
        1486   8.8246311904628918     
        1487   8.8104453046579021     
        1488   8.8688585301451095     
        1489   8.8688585301451095     
        1490   8.8177057133100796     
        1491   8.8177057133100796     
        1492   8.8523489151804533     
        1493   8.8916163560103332     
        1494   8.8634374102237636     
        1495   8.8662965953378041     
        1496   8.8472488306708321     
        1497   8.8472488306708321     
        1498   8.8839265727999290     
        1499   8.8352702098882254     
        1500   8.8352702098882254     
        1501   8.8615593033690310     
        1502   8.8615593033690310     
        1503   8.8746938464158998     
        1504   8.8523207574254243     
        1505   8.8566278813242683     
        1506   8.8346115741275586     
        1507   8.8083853953836773     
        1508   8.8105372493712970     
        1509   8.8105372493712970     
        1510   8.8247618330436008     
        1511   8.8678072104707653     
        1512   8.8678072104707653     
        1513   8.8678072104707653     
        1514   8.8492292882686101     
        1515   8.8952070887207704     
        1516   8.8240044474165575     
        1517   8.8240044474165575     
        1518   8.8032397403931970     
        1519   8.8445351247954083     
        1520   8.8445351247954083     
        1521   8.8445351247954083     
        1522   8.8445351247954083     
        1523   8.8443928540954388     
        1524   8.8443928540954388     
        1525   8.8464111743999556     
        1526   8.8386070804671828     
        1527   8.8344124803068187     
        1528   8.8344124803068187     
        1529   8.8398535381646681     
        1530   8.8398535381646681     
        1531   8.8419090929712514     
        1532   8.8475053201117380     
        1533   8.8097685813884858     
        1534   8.8097685813884858     
        1535   8.8097685813884858     
        1536   8.8622077549389751     
        1537   8.8622077549389751     
        1538   8.8546846615785721     
        1539   8.8546846615785721     
        1540   8.8546846615785721     
        1541   8.8242501666531634     
        1542   8.8430344256050208     
        1543   8.8430344256050208     
        1544   8.8391307732998570     
        1545   8.8315178665981904     
        1546   8.8235924595996540     
        1547   8.8249981073034984     
        1548   8.8191930791227708     
        1549   8.8191930791227708     
        1550   8.8191930791227708     
        1551   8.8446705891477500     
        1552   8.8502408545040190     
        1553   8.7823234165279960     
        1554   8.7823234165279960     
        1555   8.7959756088418484     
        1556   8.7959756088418484     
        1557   8.7959756088418484     
        1558   8.7797456016404922     
        1559   8.7825002493527080     
        1560   8.7302069119717842     
        1561   8.7302069119717842     
        1562   8.7302069119717842     
        1563   8.7492438116898796     
        1564   8.7722326477036319     
        1565   8.7606035319642626     
        1566   8.7305551767076803     
        1567   8.7549780517559412     
        1568   8.8046435538828813     
        1569   8.8536504888396959     
        1570   8.7985808341887388     
        1571   8.7944212799054569     
        1572   8.8375005283779053     
        1573   8.8135367170963992     
        1574   8.8135367170963992     
        1575   8.8135367170963992     
        1576   8.8135367170963992     
        1577   8.8135367170963992     
        1578   8.8135367170963992     
        1579   8.8278167027274197     
        1580   8.8383535207305997     
        1581   8.8628122571940882     
        1582   8.8122312133131722     
        1583   8.8589208080441040     
        1584   8.8334982339329056     
        1585   8.8334982339329056     
        1586   8.8334982339329056     
        1587   8.8446553536601584     
        1588   8.8446553536601584     
        1589   8.8017506896078412     
        1590   8.8017506896078412     
        1591   8.8436147772020064     
        1592   8.8690561176075544     
        1593   8.8970887306988544     
        1594   8.8567947953755883     
        1595   8.8615986565414691     
        1596   8.8668250206424979     
        1597   8.8668250206424979     
        1598   8.8668250206424979     
        1599   8.8668250206424979     
        1600   8.8325266870737114     
        1601   8.8325266870737114     
        1602   8.8325266870737114     
        1603   8.8151779771488545     
        1604   8.8062791799115665     
        1605   8.8062791799115665     
        1606   8.8062791799115665     
        1607   8.8437222767419765     
        1608   8.8479487600343223     
        1609   8.8445582507609366     
        1610   8.8445582507609366     
        1611   8.8037424383678715     
        1612   8.8262016973858763     
        1613   8.8262016973858763     
        1614   8.8262016973858763     
        1615   8.8186844693215534     
        1616   8.8223645557077610     
        1617   8.8203951383208299     
        1618   8.8301320620167996     
        1619   8.8252640808933993     
        1620   8.8194614183800955     
        1621   8.8110694512764809     
        1622   8.8110694512764809     
        1623   8.8368881934828831     
        1624   8.8368881934828831     
        1625   8.8272297372604118     
        1626   8.8272297372604118     
        1627   8.7878429968631178     
        1628   8.8224596690444450     
        1629   8.7998285935040297     
        1630   8.8244219349393944     
        1631   8.8081236247250505     
        1632   8.8081236247250505     
        1633   8.8248847367124128     
        1634   8.8818247614543147     
        1635   8.8818247614543147     
        1636   8.8818247614543147     
        1637   8.8818247614543147     
        1638   8.8985334017579465     
        1639   8.8648097273361781     
        1640   8.8186431324738397     
        1641   8.8779708680620306     
        1642   8.8779708680620306     
        1643   8.8631754741169573     
        1644   8.8631754741169573     
        1645   8.8535677835391997     
        1646   8.8676083115517272     
        1647   8.8582865138183404     
        1648   8.8412041176782683     
        1649   8.8618583354253158     
        1650   8.8702346215327506     
        1651   8.8702346215327506     
        1652   8.8530225912027856     
        1653   8.8530225912027856     
        1654   8.8530225912027856     
        1655   8.8510887640827622     
        1656   8.8317865199241616     
        1657   8.8432267350084377     
        1658   8.8432267350084377     
        1659   8.8479903747080559     
        1660   8.8479903747080559     
        1661   8.8498612110181565     
        1662   8.8747826984059301     
        1663   8.8866640218467303     
        1664   8.8635368915127284     
        1665   8.8568060033609726     
        1666   8.8568060033609726     
        1667   8.8568060033609726     
        1668   8.8388651823729827     
        1669   8.8368569094609466     
        1670   8.8304911224422238     
        1671   8.8496167221400803     
        1672   8.8156800339144308     
        1673   8.8156800339144308     
        1674   8.8156800339144308     
        1675   8.8554575055819225     
        1676   8.8554575055819225     
        1677   8.8403509256271189     
        1678   8.8055323465310416     
        1679   8.8260903521652700     
        1680   8.8553460562067698     
        1681   8.8142471960460131     
        1682   8.8088392918821494     
        1683   8.8111296152473813     
        1684   8.8223462056108151     
        1685   8.8223462056108151     
        1686   8.8062177158175636     
        1687   8.8062177158175636     
        1688   8.7797599523953131     
        1689   8.8133721541212164     
        1690   8.8327567763832260     
        1691   8.8622651361371023     
        1692   8.8209553056309957     
        1693   8.8342544937409748     
        1694   8.8347158767492218     
        1695   8.8450730778240914     
        1696   8.8583704054518062     
        1697   8.8085496056947239     
        1698   8.8085496056947239     
        1699   8.8085496056947239     
        1700   8.7818216792186679     
        1701   8.8002300007864545     
        1702   8.8612833310445840     
        1703   8.8612833310445840     
        1704   8.8612833310445840     
        1705   8.8271030084650786     
        1706   8.8304773846764508     
        1707   8.8343701171142150     
        1708   8.7851719809801736     
        1709   8.7929707784924691     
        1710   8.7812924312137426     
        1711   8.7812924312137426     
        1712   8.7798702035696810     
        1713   8.7998434522825235     
        1714   8.8257452014746249     
        1715   8.8257452014746249     
        1716   8.8257452014746249     
        1717   8.8257452014746249     
        1718   8.7947071278547124     
        1719   8.7683394627380888     
        1720   8.7683394627380888     
        1721   8.7642140778637625     
        1722   8.7642140778637625     
        1723   8.8120730036029258     
        1724   8.7556357700483343     
        1725   8.7942377633369748     
        1726   8.7574087029033976     
        1727   8.7489943132249195     
        1728   8.7950905357867448     
        1729   8.7950905357867448     
        1730   8.7709338114458930     
        1731   8.7709338114458930     
        1732   8.7709338114458930     
        1733   8.7950148842562257     
        1734   8.7950148842562257     
        1735   8.7950148842562257     
        1736   8.7885116262660308     
        1737   8.7567727767979697     
        1738   8.7567727767979697     
        1739   8.7644899815041128     
        1740   8.7530177569591583     
        1741   8.7530177569591583     
        1742   8.7909115742251682     
        1743   8.7909115742251682     
        1744   8.8071751781727539     
        1745   8.8071751781727539     
        1746   8.7573864011278921     
        1747   8.7893634261175340     
        1748   8.7953008698624640     
        1749   8.7991014307930744     
        1750   8.7991014307930744     
        1751   8.8422940886098260     
        1752   8.8422940886098260     
        1753   8.8422940886098260     
        1754   8.8356211086307397     
        1755   8.7746045111909101     
        1756   8.7746045111909101     
        1757   8.7789460740022900     
        1758   8.7864153535607343     
        1759   8.7864153535607343     
        1760   8.7864153535607343     
        1761   8.7920649159550148     
        1762   8.7993304287488545     
        1763   8.8012677389581668     
        1764   8.7752604731423975     
        1765   8.7537129734267989     
        1766   8.7722003920129161     
        1767   8.7716438999812283     
        1768   8.7812769242013449     
        1769   8.8035595400886599     
        1770   8.7579364331866962     
        1771   8.7821357571189651     
        1772   8.7821357571189651     
        1773   8.7821357571189651     
        1774   8.7839161620897723     
        1775   8.7846130984546882     
        1776   8.8155745566731536     
        1777   8.8155745566731536     
        1778   8.8344181624649014     
        1779   8.8344181624649014     
        1780   8.8156535798760967     
        1781   8.7930760661517837     
        1782   8.7961593063406180     
        1783   8.8263589107404350     
        1784   8.8342544714281139     
        1785   8.8703274822315326     
        1786   8.8580989329074118     
        1787   8.8268894393794195     
        1788   8.8377403767510341     
        1789   8.8010358466453713     
        1790   8.8119777105997183     
        1791   8.8119777105997183     
        1792   8.8123007087292713     
        1793   8.8123007087292713     
        1794   8.8123007087292713     
        1795   8.8123007087292713     
        1796   8.8123007087292713     
        1797   8.8117116402407998     
        1798   8.8435705389815542     
        1799   8.8346044740663370     
        1800   8.7826574298871058     
        1801   8.7503711060123290     
        1802   8.7857448194238916     
        1803   8.7857448194238916     
        1804   8.7857448194238916     
        1805   8.7358524391995758     
        1806   8.7230061214916379     
        1807   8.7205257532275038     
        1808   8.7736473554477197     
        1809   8.7382879666239628     
        1810   8.7744081822840432     
        1811   8.7744081822840432     
        1812   8.7754997073095460     
        1813   8.7754997073095460     
        1814   8.7754997073095460     
        1815   8.7754997073095460     
        1816   8.7998563141748765     
        1817   8.7998563141748765     
        1818   8.8442721987808000     
        1819   8.8863777399160302     
        1820   8.8398762382611107     
        1821   8.8398762382611107     
        1822   8.8398762382611107     
        1823   8.8418087300824286     
        1824   8.8584751048613768     
        1825   8.8584751048613768     
        1826   8.8584751048613768     
        1827   8.8584751048613768     
        1828   8.9040575188409381     
        1829   8.8465704820276745     
        1830   8.8465704820276745     
        1831   8.8419425108134941     
        1832   8.8697998360753907     
        1833   8.8697998360753907     
        1834   8.8697998360753907     
        1835   8.9113291153258043     
        1836   8.8453606414304673     
        1837   8.8469419875240423     
        1838   8.8469419875240423     
        1839   8.8010900248104953     
        1840   8.8010900248104953     
        1841   8.7658850788610305     
        1842   8.7658850788610305     
        1843   8.7658850788610305     
        1844   8.8137733115852530     
        1845   8.8007873946142627     
        1846   8.7896952650371123     
        1847   8.7896952650371123     
        1848   8.8247449564129568     
        1849   8.8437384510539179     
        1850   8.7997992476796050     
        1851   8.7997992476796050     
        1852   8.7997992476796050     
        1853   8.7994192291622042     
        1854   8.7994192291622042     
        1855   8.8156046058598534     
        1856   8.8156046058598534     
        1857   8.8163291496997580     
        1858   8.8163291496997580     
        1859   8.8163291496997580     
        1860   8.7749981499833005     
        1861   8.7749981499833005     
        1862   8.7831244584315531     
        1863   8.8002945594943238     
        1864   8.8002945594943238     
        1865   8.7960406778341582     
        1866   8.7960406778341582     
        1867   8.7960406778341582     
        1868   8.7960406778341582     
        1869   8.8102349556776804     
        1870   8.8002818582530988     
        1871   8.7841059683669922     
        1872   8.7591483828111674     
        1873   8.7591483828111674     
        1874   8.7591483828111674     
        1875   8.7962491398092926     
        1876   8.7995871672511008     
        1877   8.7838674193491268     
        1878   8.7838674193491268     
        1879   8.8022032222797275     
        1880   8.8022032222797275     
        1881   8.8072701022997322     
        1882   8.7775662812815902     
        1883   8.7774124090677841     
        1884   8.7774124090677841     
        1885   8.8095124687363651     
        1886   8.8338628627989539     
        1887   8.8237275361884873     
        1888   8.8237275361884873     
        1889   8.8237275361884873     
        1890   8.8168422736983150     
        1891   8.8168422736983150     
        1892   8.8346428001340698     
        1893   8.8445715445234505     
        1894   8.7762344122572991     
        1895   8.8248342263945680     
        1896   8.8250415708313366     
        1897   8.8250415708313366     
        1898   8.7817847615352989     
        1899   8.7940427548185323     
        1900   8.7940427548185323     
        1901   8.8101041317626301     
        1902   8.8101041317626301     
        1903   8.7736930180510448     
        1904   8.8298222842065819     
        1905   8.8298222842065819     
        1906   8.8020302054799586     
        1907   8.8140942830057991     
        1908   8.8080495415764037     
        1909   8.8080495415764037     
        1910   8.8177250153323072     
        1911   8.8177250153323072     
        1912   8.7971956383410905     
        1913   8.7875255323787176     
        1914   8.7875255323787176     
        1915   8.7852109504696028     
        1916   8.7858842530497068     
        1917   8.7859207943682858     
        1918   8.7859207943682858     
        1919   8.7859207943682858     
        1920   8.7859207943682858     
        1921   8.8367886289478026     
        1922   8.8367886289478026     
        1923   8.7954635120293432     
        1924   8.7722466038613565     
        1925   8.8306449764780837     
        1926   8.7973536724128287     
        1927   8.8261561769968608     
        1928   8.8261561769968608     
        1929   8.8261561769968608     
        1930   8.8537603162783434     
        1931   8.8537603162783434     
        1932   8.8487033949792320     
        1933   8.8324021384335349     
        1934   8.8324021384335349     
        1935   8.8324021384335349     
        1936   8.8324021384335349     
        1937   8.7955239116069670     
        1938   8.8413147980140536     
        1939   8.8076601303223203     
        1940   8.8076601303223203     
        1941   8.8530978815140493     
        1942   8.8530978815140493     
        1943   8.8591129874418488     
        1944   8.8324067317802317     
        1945   8.8600850730569753     
        1946   8.8600850730569753     
        1947   8.8600850730569753     
        1948   8.8512839297935599     
        1949   8.8421970101773795     
        1950   8.8444668866361695     
        1951   8.8444668866361695     
        1952   8.8444668866361695     
        1953   8.8869046823202300     
        1954   8.8974150481707071     
        1955   8.8145497808314364     
        1956   8.8454781364907884     
        1957   8.8454781364907884     
        1958   8.8454781364907884     
        1959   8.8454781364907884     
        1960   8.8454781364907884     
        1961   8.9049392401883889     
        1962   8.8676799579174066     
        1963   8.8731998381113204     
        1964   8.8731998381113204     
        1965   8.8731998381113204     
        1966   8.8249110066614200     
        1967   8.8249110066614200     
        1968   8.8630737558173394     
        1969   8.8630737558173394     
        1970   8.8630737558173394     
        1971   8.8179316517128576     
        1972   8.8249036269523948     
        1973   8.8304266681334784     
        1974   8.8060380777525928     
        1975   8.8402532024487339     
        1976   8.8402532024487339     
        1977   8.8211734343772221     
        1978   8.8083440441075052     
        1979   8.7479424255790779     
        1980   8.7479424255790779     
        1981   8.7810111464380824     
        1982   8.7721708968904135     
        1983   8.7721708968904135     
        1984   8.7712580220675918     
        1985   8.7712580220675918     
        1986   8.7486274902932095     
        1987   8.7368939799348322     
        1988   8.7389562393391511     
        1989   8.7841908418880337     
        1990   8.7841908418880337     
        1991   8.7841908418880337     
        1992   8.7561890321439169     
        1993   8.7656811167811330     
        1994   8.8151972532344729     
        1995   8.8151972532344729     
        1996   8.8414216880885306     
        1997   8.8414216880885306     
        1998   8.7961814440984494     
        1999   8.7771846154210493     
        2000   8.7771846154210493     
