 SAMPLE,  BOXLENGTH
           1   8.2227865212216464     
           2   8.2297873268953889     
           3   8.2297873268953889     
           4   8.2297873268953889     
           5   8.2051203864231539     
           6   8.2229747312735881     
           7   8.2181130859749736     
           8   8.2250953984300050     
           9   8.2229541829327673     
          10   8.2229541829327673     
          11   8.2152954097524447     
          12   8.2343838287589488     
          13   8.2712288906703133     
          14   8.2712288906703133     
          15   8.2285212202581626     
          16   8.2593999764322739     
          17   8.2593999764322739     
          18   8.2593999764322739     
          19   8.2274835034438762     
          20   8.2643843341487866     
          21   8.2518948663569347     
          22   8.2366814151761805     
          23   8.2366814151761805     
          24   8.2377859122315389     
          25   8.2377859122315389     
          26   8.2578250422063384     
          27   8.2578250422063384     
          28   8.2578250422063384     
          29   8.2544217578145531     
          30   8.2591041940291152     
          31   8.2591041940291152     
          32   8.2531383464754544     
          33   8.2531383464754544     
          34   8.2531383464754544     
          35   8.2250943082357768     
          36   8.2720113084181310     
          37   8.2455583672284281     
          38   8.2455583672284281     
          39   8.2426734285883825     
          40   8.2426734285883825     
          41   8.2112147674281211     
          42   8.2287750052494335     
          43   8.2287750052494335     
          44   8.1876457436391092     
          45   8.1876457436391092     
          46   8.1876457436391092     
          47   8.2371666680872533     
          48   8.2089568523898553     
          49   8.2465791891682230     
          50   8.2465791891682230     
          51   8.2465791891682230     
          52   8.2465791891682230     
          53   8.2465791891682230     
          54   8.2425460192050153     
          55   8.2083448429102912     
          56   8.2083448429102912     
          57   8.2353770666442738     
          58   8.2353770666442738     
          59   8.2322076365233539     
          60   8.2306647541814453     
          61   8.2225600544748598     
          62   8.2502378032617134     
          63   8.2458546641221950     
          64   8.2458546641221950     
          65   8.2319907205122433     
          66   8.2350486017197753     
          67   8.2350486017197753     
          68   8.2350486017197753     
          69   8.2350486017197753     
          70   8.2382889988358006     
          71   8.2382889988358006     
          72   8.2042374817595096     
          73   8.2042374817595096     
          74   8.2253026514050802     
          75   8.2253026514050802     
          76   8.2272694951270999     
          77   8.2695217689817575     
          78   8.2308920007971409     
          79   8.2308920007971409     
          80   8.2496204641386690     
          81   8.2586323497033192     
          82   8.2586323497033192     
          83   8.2226591558068094     
          84   8.2186270307046954     
          85   8.2133735387473976     
          86   8.2278071695430839     
          87   8.2441502554345973     
          88   8.2441502554345973     
          89   8.2329378986295403     
          90   8.2445566931620018     
          91   8.2381899578706843     
          92   8.2381899578706843     
          93   8.2381899578706843     
          94   8.2464616658875123     
          95   8.2464616658875123     
          96   8.2378759136433803     
          97   8.2378759136433803     
          98   8.2430723129034771     
          99   8.2181675538846566     
         100   8.2417022278416976     
         101   8.2134524856751057     
         102   8.2235850954534389     
         103   8.2253211810442419     
         104   8.2253211810442419     
         105   8.2288589624100492     
         106   8.2288589624100492     
         107   8.2347745291987486     
         108   8.2540316802279143     
         109   8.2540316802279143     
         110   8.2563939022863995     
         111   8.2767415069728330     
         112   8.2593959989463048     
         113   8.2593959989463048     
         114   8.2593959989463048     
         115   8.2651527846956494     
         116   8.2550238757564074     
         117   8.2432710498145099     
         118   8.2432710498145099     
         119   8.2688618583975337     
         120   8.2688618583975337     
         121   8.2671199819549610     
         122   8.2235044395900907     
         123   8.2187714785878914     
         124   8.2417122894931349     
         125   8.2591584342328481     
         126   8.2524787916356424     
         127   8.2524787916356424     
         128   8.2655545141419591     
         129   8.2567373589805548     
         130   8.2460763259355705     
         131   8.2460763259355705     
         132   8.2275645514243401     
         133   8.2327911893683261     
         134   8.2356934288718939     
         135   8.2625638386041356     
         136   8.2261583149294335     
         137   8.2261583149294335     
         138   8.2446046352463345     
         139   8.2585074565907917     
         140   8.2604043537871270     
         141   8.2604043537871270     
         142   8.2604043537871270     
         143   8.2572133527428466     
         144   8.2621045733679388     
         145   8.2211240646733792     
         146   8.2352284525103130     
         147   8.2206822159081092     
         148   8.2208999898277622     
         149   8.2047132559723313     
         150   8.2047132559723313     
         151   8.2103499896054934     
         152   8.2103499896054934     
         153   8.1986987163038023     
         154   8.2088462791864707     
         155   8.2364097210996015     
         156   8.2364097210996015     
         157   8.2293388180602189     
         158   8.2346760767418061     
         159   8.2720726315042850     
         160   8.2256593047150535     
         161   8.2082144725994937     
         162   8.2082144725994937     
         163   8.2384978525808990     
         164   8.2517630872090617     
         165   8.2517630872090617     
         166   8.2402971615748779     
         167   8.2442415685698744     
         168   8.2308882031003616     
         169   8.2026234024332201     
         170   8.2105923232516176     
         171   8.2105923232516176     
         172   8.2105923232516176     
         173   8.2002767714954192     
         174   8.2012525746740934     
         175   8.2380614303172006     
         176   8.2075421515505997     
         177   8.2016697398473912     
         178   8.2301805990854877     
         179   8.2169555464313841     
         180   8.1972476613541279     
         181   8.2189776331381452     
         182   8.2213486555862527     
         183   8.2212469205862231     
         184   8.2240999698523165     
         185   8.2240999698523165     
         186   8.2240999698523165     
         187   8.2240999698523165     
         188   8.2240999698523165     
         189   8.2465918895819783     
         190   8.2465918895819783     
         191   8.2345383187679406     
         192   8.2432363598983311     
         193   8.2432363598983311     
         194   8.2432363598983311     
         195   8.2295923116287462     
         196   8.2295923116287462     
         197   8.2295923116287462     
         198   8.2295633409366840     
         199   8.2031809223621366     
         200   8.1988101469779480     
         201   8.1988101469779480     
         202   8.1988101469779480     
         203   8.1988101469779480     
         204   8.2160263955166215     
         205   8.2209815053077442     
         206   8.2209815053077442     
         207   8.2313871346373499     
         208   8.2313871346373499     
         209   8.2313871346373499     
         210   8.2313871346373499     
         211   8.2242440997167883     
         212   8.2242440997167883     
         213   8.2575031643566934     
         214   8.2575031643566934     
         215   8.2316452042776245     
         216   8.2316452042776245     
         217   8.2259757456811844     
         218   8.2466683442892350     
         219   8.2228183300999866     
         220   8.2434001712541001     
         221   8.2434001712541001     
         222   8.2425975409532803     
         223   8.2425975409532803     
         224   8.2425975409532803     
         225   8.2091573448330148     
         226   8.2099170484451811     
         227   8.2224664697811498     
         228   8.2224664697811498     
         229   8.2374639005194776     
         230   8.2052804831619728     
         231   8.2052804831619728     
         232   8.2125818104153900     
         233   8.2125818104153900     
         234   8.2038683791753098     
         235   8.2214056730231704     
         236   8.2028201829459650     
         237   8.2217596366386658     
         238   8.2217596366386658     
         239   8.2104376368787317     
         240   8.2104376368787317     
         241   8.2104376368787317     
         242   8.2104376368787317     
         243   8.2114570747859599     
         244   8.1903462424895324     
         245   8.1946661497997901     
         246   8.1946661497997901     
         247   8.2071691840371859     
         248   8.2042679760731740     
         249   8.2090956717198917     
         250   8.2369589566316144     
         251   8.2400689810220697     
         252   8.2400689810220697     
         253   8.2397750400806995     
         254   8.2285097282217237     
         255   8.2285097282217237     
         256   8.2089475176424926     
         257   8.2270715345987337     
         258   8.2421364946911186     
         259   8.2501672201494909     
         260   8.2501672201494909     
         261   8.2501672201494909     
         262   8.2600440048526469     
         263   8.2600440048526469     
         264   8.2627676686526534     
         265   8.2649509534717431     
         266   8.2649509534717431     
         267   8.2455075155250395     
         268   8.2455075155250395     
         269   8.2480396050794358     
         270   8.2480396050794358     
         271   8.2450724279242991     
         272   8.2122781233457331     
         273   8.2120923350600847     
         274   8.2120923350600847     
         275   8.2203438531854687     
         276   8.2203438531854687     
         277   8.2358190846305241     
         278   8.2358190846305241     
         279   8.2272952058700923     
         280   8.2272952058700923     
         281   8.2147435332210073     
         282   8.1896861778691576     
         283   8.1818559472272607     
         284   8.1818559472272607     
         285   8.1818559472272607     
         286   8.1818559472272607     
         287   8.1987583702719142     
         288   8.1934241456705088     
         289   8.1960887201374781     
         290   8.2168416300339508     
         291   8.2168416300339508     
         292   8.2154190136372502     
         293   8.2154190136372502     
         294   8.2154190136372502     
         295   8.2154190136372502     
         296   8.2154002397449108     
         297   8.2261863242839262     
         298   8.2202258372406156     
         299   8.2202258372406156     
         300   8.1871865018804577     
         301   8.1871865018804577     
         302   8.1871865018804577     
         303   8.1834573751816873     
         304   8.1986413404269118     
         305   8.2092550942040745     
         306   8.2081308206610100     
         307   8.2081308206610100     
         308   8.2019994841760280     
         309   8.2094423842082289     
         310   8.2264751927783806     
         311   8.2264751927783806     
         312   8.2320571229537602     
         313   8.2303081644335414     
         314   8.2504581629588198     
         315   8.2504581629588198     
         316   8.2547203085724163     
         317   8.2457102668361291     
         318   8.2457102668361291     
         319   8.2453281427032969     
         320   8.2528215996660865     
         321   8.2251290996697541     
         322   8.2248147873500965     
         323   8.2248147873500965     
         324   8.2425756367370724     
         325   8.2717436075769459     
         326   8.2312833528738576     
         327   8.1985905858123793     
         328   8.2095093284993812     
         329   8.2480063027546162     
         330   8.2307454257194799     
         331   8.2164014711414044     
         332   8.2196946925624061     
         333   8.2196946925624061     
         334   8.2196946925624061     
         335   8.2039385437953509     
         336   8.2039385437953509     
         337   8.2039385437953509     
         338   8.2429121694768064     
         339   8.2164867902139882     
         340   8.2164867902139882     
         341   8.2164867902139882     
         342   8.2578278677636270     
         343   8.2607677411371920     
         344   8.2629536129060277     
         345   8.2573266311576230     
         346   8.2582475088929481     
         347   8.2582475088929481     
         348   8.2582475088929481     
         349   8.2329582554836342     
         350   8.2550603009132963     
         351   8.2387749484499224     
         352   8.2387749484499224     
         353   8.2107082214537304     
         354   8.2107082214537304     
         355   8.2192139349218216     
         356   8.1951352491563245     
         357   8.1951352491563245     
         358   8.2149177334499157     
         359   8.2015497704485654     
         360   8.2326840761711129     
         361   8.2122975367214082     
         362   8.2431274289250567     
         363   8.2032772485852359     
         364   8.2032772485852359     
         365   8.2205722648767452     
         366   8.2046988576512216     
         367   8.1875070329501085     
         368   8.1875070329501085     
         369   8.2339605943051630     
         370   8.2132885638202069     
         371   8.2132885638202069     
         372   8.2132885638202069     
         373   8.2174194029212124     
         374   8.1941804401909391     
         375   8.2153242428482240     
         376   8.2188186391312268     
         377   8.2188186391312268     
         378   8.1932840545210261     
         379   8.1932840545210261     
         380   8.2188325764526056     
         381   8.2196050959281628     
         382   8.1896094583603638     
         383   8.2054382135017150     
         384   8.2198141152868693     
         385   8.2021136205927458     
         386   8.1855078997044242     
         387   8.1934363002294344     
         388   8.1934363002294344     
         389   8.1920392748235571     
         390   8.1920392748235571     
         391   8.1920392748235571     
         392   8.2110034230041435     
         393   8.2110034230041435     
         394   8.2410999547322596     
         395   8.2410999547322596     
         396   8.2410999547322596     
         397   8.2410999547322596     
         398   8.2436251596626384     
         399   8.2039734439568406     
         400   8.2039734439568406     
         401   8.2416984951830052     
         402   8.2299852016712975     
         403   8.2410090340796600     
         404   8.2410090340796600     
         405   8.2236423107943359     
         406   8.2236423107943359     
         407   8.1900087972165707     
         408   8.1900087972165707     
         409   8.2149339722578762     
         410   8.2149339722578762     
         411   8.2149339722578762     
         412   8.2149339722578762     
         413   8.2149339722578762     
         414   8.2188954346128398     
         415   8.2188954346128398     
         416   8.2326957202037878     
         417   8.2082558005355430     
         418   8.2235466092379319     
         419   8.2506198971346443     
         420   8.2413360577750723     
         421   8.2413360577750723     
         422   8.2438238015974381     
         423   8.2603927362797958     
         424   8.2603927362797958     
         425   8.2513058319695549     
         426   8.2775345116582919     
         427   8.2483787852640109     
         428   8.2483787852640109     
         429   8.2251275107249704     
         430   8.2473183350742030     
         431   8.2166493943820651     
         432   8.2290433524469346     
         433   8.2228845643239712     
         434   8.2651122672898758     
         435   8.2651122672898758     
         436   8.2332676025128393     
         437   8.2578023046091769     
         438   8.2578023046091769     
         439   8.2578023046091769     
         440   8.2291765741876954     
         441   8.2317364443749970     
         442   8.2317364443749970     
         443   8.2317364443749970     
         444   8.2317364443749970     
         445   8.2384186069250536     
         446   8.2611004882803236     
         447   8.2375890733329236     
         448   8.2090241829618638     
         449   8.2363760898497738     
         450   8.2410118370275196     
         451   8.2410118370275196     
         452   8.2351629529827655     
         453   8.2351629529827655     
         454   8.2437639622931957     
         455   8.2727149078506734     
         456   8.2378780168511430     
         457   8.2633396773251153     
         458   8.2633396773251153     
         459   8.2566557632946296     
         460   8.2642025299636845     
         461   8.2548351280600354     
         462   8.2548351280600354     
         463   8.2741019524623329     
         464   8.2741019524623329     
         465   8.2741019524623329     
         466   8.2619845730730752     
         467   8.2874997578363185     
         468   8.2545924706551599     
         469   8.2730433032577722     
         470   8.2730433032577722     
         471   8.2730433032577722     
         472   8.2560971762466586     
         473   8.2560971762466586     
         474   8.2458277478568629     
         475   8.2877315743090527     
         476   8.2465320190082974     
         477   8.2371636754919422     
         478   8.2371636754919422     
         479   8.2291226293189013     
         480   8.2291226293189013     
         481   8.2607777649355540     
         482   8.2607777649355540     
         483   8.2178884494610802     
         484   8.2561404934704772     
         485   8.2561404934704772     
         486   8.2561404934704772     
         487   8.2563910545817993     
         488   8.2690912619960919     
         489   8.2690912619960919     
         490   8.2755490796467779     
         491   8.2755490796467779     
         492   8.2521437763934831     
         493   8.2412178684167916     
         494   8.2699207568087978     
         495   8.2775901506405027     
         496   8.2837238624741563     
         497   8.2795961477336135     
         498   8.2795961477336135     
         499   8.2529562496548401     
         500   8.2529562496548401     
         501   8.2351860694865966     
         502   8.2351860694865966     
         503   8.2404694937120002     
         504   8.2404694937120002     
         505   8.2404694937120002     
         506   8.2404694937120002     
         507   8.2635851198552075     
         508   8.2363081375053664     
         509   8.2363081375053664     
         510   8.2363081375053664     
         511   8.2363081375053664     
         512   8.2363081375053664     
         513   8.2326539868389759     
         514   8.2517318053005742     
         515   8.2717806194697534     
         516   8.2294954947945147     
         517   8.2187696397290892     
         518   8.2491362426922592     
         519   8.2208163844944906     
         520   8.2208163844944906     
         521   8.2190869172177088     
         522   8.2190869172177088     
         523   8.2187732544281360     
         524   8.2187732544281360     
         525   8.2301136970770123     
         526   8.2260617692306948     
         527   8.2164661850799892     
         528   8.2164661850799892     
         529   8.2527202182378669     
         530   8.2527202182378669     
         531   8.2347013411893837     
         532   8.2347013411893837     
         533   8.2359746118006925     
         534   8.2109805632087909     
         535   8.2004193833545251     
         536   8.2004193833545251     
         537   8.1795847824764731     
         538   8.1795847824764731     
         539   8.1795847824764731     
         540   8.2150964727109184     
         541   8.2210018366700925     
         542   8.2145688309839855     
         543   8.2383558972417923     
         544   8.2383558972417923     
         545   8.2383558972417923     
         546   8.2030538071931094     
         547   8.1796007712920744     
         548   8.1796007712920744     
         549   8.1813663174625866     
         550   8.1813663174625866     
         551   8.1813663174625866     
         552   8.2210610692189086     
         553   8.1945976106305078     
         554   8.2174905524930750     
         555   8.2093275762806002     
         556   8.2235878437563201     
         557   8.2235878437563201     
         558   8.2241085737917263     
         559   8.2241085737917263     
         560   8.2241085737917263     
         561   8.2241085737917263     
         562   8.2358586425375115     
         563   8.2240289418083155     
         564   8.2316347735759408     
         565   8.1833269453267583     
         566   8.1849345661805568     
         567   8.1849345661805568     
         568   8.2007188817240060     
         569   8.2007188817240060     
         570   8.2007188817240060     
         571   8.2278250173803897     
         572   8.2278250173803897     
         573   8.2016361470792454     
         574   8.2057956345665986     
         575   8.2187953664723512     
         576   8.2199521495729329     
         577   8.2199521495729329     
         578   8.2213362896015081     
         579   8.1908655439753435     
         580   8.1908655439753435     
         581   8.1908655439753435     
         582   8.1908655439753435     
         583   8.1908655439753435     
         584   8.1908655439753435     
         585   8.2185274121759253     
         586   8.2296294967466750     
         587   8.2359231751884430     
         588   8.2359231751884430     
         589   8.2077609980248525     
         590   8.2155649895545864     
         591   8.2138649961341059     
         592   8.2233254596925764     
         593   8.2233254596925764     
         594   8.2104774629028299     
         595   8.1914013520589553     
         596   8.1914013520589553     
         597   8.2065223082994230     
         598   8.2065223082994230     
         599   8.2074532908112090     
         600   8.2074532908112090     
         601   8.2074532908112090     
         602   8.2128030777541028     
         603   8.2083641318909031     
         604   8.2083641318909031     
         605   8.2101818474849342     
         606   8.2174295895339142     
         607   8.1784364010991606     
         608   8.1845982298524014     
         609   8.2182969401769768     
         610   8.1687238197852263     
         611   8.1859111856018849     
         612   8.1859111856018849     
         613   8.1859111856018849     
         614   8.1859111856018849     
         615   8.1899620271123421     
         616   8.1880784663026152     
         617   8.1955782688581529     
         618   8.2114237278944486     
         619   8.2061718656290807     
         620   8.2061718656290807     
         621   8.2233716168967810     
         622   8.2305264769510256     
         623   8.2174660425149479     
         624   8.2174660425149479     
         625   8.2174660425149479     
         626   8.2174660425149479     
         627   8.2027529424611014     
         628   8.2027529424611014     
         629   8.1905575649896321     
         630   8.2285925169842713     
         631   8.2285925169842713     
         632   8.2285925169842713     
         633   8.2285925169842713     
         634   8.1969093282020555     
         635   8.2211513916016852     
         636   8.2209912550973723     
         637   8.2131448318242199     
         638   8.2006365479829864     
         639   8.2081564322091456     
         640   8.2128551537463803     
         641   8.2128551537463803     
         642   8.1915044082274822     
         643   8.2438846950263667     
         644   8.2438846950263667     
         645   8.2438846950263667     
         646   8.2438846950263667     
         647   8.2362384564339326     
         648   8.2362384564339326     
         649   8.2193129578452808     
         650   8.2153252052685062     
         651   8.2153252052685062     
         652   8.2347589664500003     
         653   8.2420492383122337     
         654   8.2184567692607526     
         655   8.2184567692607526     
         656   8.2185521980935103     
         657   8.2475853194948652     
         658   8.2357370308917908     
         659   8.2147050984757524     
         660   8.2369573952559545     
         661   8.2166701398415221     
         662   8.2166701398415221     
         663   8.2336219385419618     
         664   8.2336219385419618     
         665   8.2440770328989590     
         666   8.2440770328989590     
         667   8.2592203761953300     
         668   8.2011710012825372     
         669   8.2011710012825372     
         670   8.2070482135857663     
         671   8.2480115601135093     
         672   8.2309274841041944     
         673   8.2202815860898415     
         674   8.2202815860898415     
         675   8.2590762734059648     
         676   8.2622314159838570     
         677   8.2320364980286147     
         678   8.2216766550585643     
         679   8.2335905359351926     
         680   8.2536402800822728     
         681   8.2568410355241291     
         682   8.2363644332885855     
         683   8.2363644332885855     
         684   8.2267198595270816     
         685   8.2443602712132602     
         686   8.2443602712132602     
         687   8.2352761789554396     
         688   8.2352761789554396     
         689   8.2482373918175291     
         690   8.2466354052746436     
         691   8.2466354052746436     
         692   8.2466354052746436     
         693   8.2346243045454237     
         694   8.2434076474287465     
         695   8.2331831043679546     
         696   8.2036766223707307     
         697   8.2224090206886657     
         698   8.2224090206886657     
         699   8.2224090206886657     
         700   8.2423062997502790     
         701   8.2231935073607030     
         702   8.1924638253789084     
         703   8.1924638253789084     
         704   8.1924638253789084     
         705   8.1722353997734576     
         706   8.1722353997734576     
         707   8.1877444728919020     
         708   8.2176884468898415     
         709   8.2113098537651368     
         710   8.2010085475733376     
         711   8.1842364645116863     
         712   8.1779096316153286     
         713   8.2162616285970493     
         714   8.2162616285970493     
         715   8.2033035256321813     
         716   8.2047785167415359     
         717   8.2119205058079459     
         718   8.2018553375090573     
         719   8.2018553375090573     
         720   8.2018553375090573     
         721   8.2495066888868092     
         722   8.2640256123687674     
         723   8.2634086317146469     
         724   8.2329900465194310     
         725   8.2415638827541464     
         726   8.2508465508389204     
         727   8.2531009785663603     
         728   8.2591415246483884     
         729   8.2457883633051665     
         730   8.2457883633051665     
         731   8.2422542860368093     
         732   8.2422542860368093     
         733   8.2134421981086696     
         734   8.2313879457558734     
         735   8.2517243054903666     
         736   8.2517243054903666     
         737   8.2517243054903666     
         738   8.2348574789538045     
         739   8.2303638192590487     
         740   8.2547032293076086     
         741   8.2292723369686609     
         742   8.2292723369686609     
         743   8.2292723369686609     
         744   8.2292723369686609     
         745   8.2488009543416076     
         746   8.2488009543416076     
         747   8.2582039788017187     
         748   8.2442429432496382     
         749   8.2442429432496382     
         750   8.2439903333485880     
         751   8.2267044708195254     
         752   8.2098679457515846     
         753   8.2280626389199121     
         754   8.2306056540662880     
         755   8.2306056540662880     
         756   8.2255968064721969     
         757   8.2274622580341585     
         758   8.2016889581434729     
         759   8.2589450083656857     
         760   8.2326153791490562     
         761   8.2295660299561586     
         762   8.2295660299561586     
         763   8.2049254196070311     
         764   8.2049254196070311     
         765   8.2049254196070311     
         766   8.2518557635117986     
         767   8.2518557635117986     
         768   8.2223984170784146     
         769   8.2223984170784146     
         770   8.2223984170784146     
         771   8.2134293569773558     
         772   8.2500211116901649     
         773   8.2377965643452242     
         774   8.2377965643452242     
         775   8.2377965643452242     
         776   8.2377965643452242     
         777   8.2564426849416996     
         778   8.2564426849416996     
         779   8.2378099090039001     
         780   8.2378099090039001     
         781   8.2639559312987725     
         782   8.2488161558622615     
         783   8.2488161558622615     
         784   8.2566721914188062     
         785   8.2566721914188062     
         786   8.2490957025063594     
         787   8.2730992581914471     
         788   8.2730992581914471     
         789   8.2325498721039665     
         790   8.2265332583184438     
         791   8.2370889006015879     
         792   8.2170492845760013     
         793   8.2361130795350519     
         794   8.2361130795350519     
         795   8.2361130795350519     
         796   8.2519369589937650     
         797   8.2454918161907518     
         798   8.2454918161907518     
         799   8.2189830278348399     
         800   8.2175313321741097     
         801   8.1997062402931125     
         802   8.2393996839464574     
         803   8.2121797507307139     
         804   8.2121797507307139     
         805   8.2090668635490687     
         806   8.2090668635490687     
         807   8.1882778056609880     
         808   8.1882778056609880     
         809   8.2186679045411459     
         810   8.1934949629812195     
         811   8.1934949629812195     
         812   8.1978967990842904     
         813   8.2297978842209680     
         814   8.2236358713029798     
         815   8.2390924020638678     
         816   8.2669088323740088     
         817   8.2615657664079230     
         818   8.2332012472435423     
         819   8.2408390208433975     
         820   8.2489264634087842     
         821   8.2489264634087842     
         822   8.2489264634087842     
         823   8.2345834229877113     
         824   8.2641290192527901     
         825   8.2293338434668399     
         826   8.2304808458709999     
         827   8.2304808458709999     
         828   8.2304808458709999     
         829   8.2168354056756545     
         830   8.2168354056756545     
         831   8.2228671620458957     
         832   8.2621308684861621     
         833   8.2621308684861621     
         834   8.2621308684861621     
         835   8.2338795922638113     
         836   8.2210140735188286     
         837   8.2454257409932801     
         838   8.2418915451717858     
         839   8.2557138566097930     
         840   8.2266121751354415     
         841   8.2266121751354415     
         842   8.2340619024635568     
         843   8.2372321957347658     
         844   8.2123493978105451     
         845   8.2483072514658176     
         846   8.2483072514658176     
         847   8.2483072514658176     
         848   8.2483072514658176     
         849   8.2055476386770643     
         850   8.2569371402222220     
         851   8.2233879151633733     
         852   8.2541826742297175     
         853   8.2741222358103048     
         854   8.2741222358103048     
         855   8.2144667055864797     
         856   8.2153183970025783     
         857   8.2452327576542750     
         858   8.2215696612628228     
         859   8.2219990660142397     
         860   8.2219990660142397     
         861   8.2267667128662545     
         862   8.2267667128662545     
         863   8.2330271186844914     
         864   8.2330271186844914     
         865   8.2128347042295271     
         866   8.2491778803801523     
         867   8.2491778803801523     
         868   8.2505919066410573     
         869   8.2321297008500451     
         870   8.2321297008500451     
         871   8.2491862350326794     
         872   8.2491862350326794     
         873   8.2293188569668256     
         874   8.2293188569668256     
         875   8.2293188569668256     
         876   8.2293188569668256     
         877   8.2441692418686028     
         878   8.2441692418686028     
         879   8.2480195301375705     
         880   8.2480195301375705     
         881   8.2480195301375705     
         882   8.2243430974577887     
         883   8.2268874427996934     
         884   8.2268874427996934     
         885   8.2132938759580476     
         886   8.2132938759580476     
         887   8.1940666758327314     
         888   8.2082947180281316     
         889   8.2418470685810448     
         890   8.2363645650223702     
         891   8.2358595169644211     
         892   8.2358595169644211     
         893   8.2358595169644211     
         894   8.2358595169644211     
         895   8.2358595169644211     
         896   8.2358595169644211     
         897   8.2085635097410972     
         898   8.2150538587542368     
         899   8.2150538587542368     
         900   8.2150538587542368     
         901   8.2034529883044005     
         902   8.2067871895072138     
         903   8.2067871895072138     
         904   8.2067871895072138     
         905   8.2067871895072138     
         906   8.2133630606206633     
         907   8.1996671904053162     
         908   8.2228364141582020     
         909   8.2228364141582020     
         910   8.2228364141582020     
         911   8.2012205704422403     
         912   8.2231988421691895     
         913   8.2461217870342285     
         914   8.2461217870342285     
         915   8.2122660141410169     
         916   8.2119010405492467     
         917   8.2567872922933869     
         918   8.2201198140168756     
         919   8.2489018978038047     
         920   8.2651367462670411     
         921   8.2388724834010425     
         922   8.2514615760794303     
         923   8.2525922196627448     
         924   8.2374447298988827     
         925   8.2374447298988827     
         926   8.2374447298988827     
         927   8.2374447298988827     
         928   8.2523223298021566     
         929   8.2096144969267417     
         930   8.2279535613010744     
         931   8.2279535613010744     
         932   8.2279535613010744     
         933   8.2629654880289660     
         934   8.2629654880289660     
         935   8.2312503053911303     
         936   8.2312503053911303     
         937   8.2364101078644651     
         938   8.2364101078644651     
         939   8.2553771723011806     
         940   8.2553771723011806     
         941   8.2553771723011806     
         942   8.2553771723011806     
         943   8.2445022448850125     
         944   8.2445022448850125     
         945   8.2298800486635670     
         946   8.2631382132319331     
         947   8.3090158216239676     
         948   8.2786871817594783     
         949   8.2786871817594783     
         950   8.2363231560973702     
         951   8.2363231560973702     
         952   8.2428795895750895     
         953   8.2428795895750895     
         954   8.2608307310758313     
         955   8.2608307310758313     
         956   8.2608307310758313     
         957   8.2608307310758313     
         958   8.2221489851051270     
         959   8.2372970108344408     
         960   8.2372970108344408     
         961   8.2372970108344408     
         962   8.2353697237414245     
         963   8.2292885354837466     
         964   8.2644666271910641     
         965   8.2644666271910641     
         966   8.2328404436454434     
         967   8.2328404436454434     
         968   8.2328404436454434     
         969   8.2328404436454434     
         970   8.2323981532927046     
         971   8.2323981532927046     
         972   8.2489805337070177     
         973   8.2489805337070177     
         974   8.2283128098336960     
         975   8.2283128098336960     
         976   8.2774627146884203     
         977   8.2623486874268899     
         978   8.2546206113314362     
         979   8.2216747053970334     
         980   8.2291186083342502     
         981   8.2291186083342502     
         982   8.2173935334920234     
         983   8.2374733679563175     
         984   8.2374733679563175     
         985   8.2561282418854951     
         986   8.2151587652689511     
         987   8.2456378063112954     
         988   8.2311309825933243     
         989   8.2073456805752851     
         990   8.2073456805752851     
         991   8.2218441443845833     
         992   8.2218441443845833     
         993   8.2218441443845833     
         994   8.2465816466975408     
         995   8.2465816466975408     
         996   8.2404651471135306     
         997   8.2373972188315925     
         998   8.2148056016728450     
         999   8.2148056016728450     
        1000   8.2158470350665631     
        1001   8.2158470350665631     
        1002   8.1880909583480044     
        1003   8.1878370556418449     
        1004   8.1878370556418449     
        1005   8.2182796217238678     
        1006   8.2128862851082012     
        1007   8.2184399314853902     
        1008   8.2184399314853902     
        1009   8.2184399314853902     
        1010   8.2377454050473879     
        1011   8.2377454050473879     
        1012   8.2377454050473879     
        1013   8.2554194861406565     
        1014   8.2636660137092566     
        1015   8.2465680564901156     
        1016   8.2549518333017158     
        1017   8.2549518333017158     
        1018   8.2549518333017158     
        1019   8.2549518333017158     
        1020   8.2677494771100495     
        1021   8.2761766648361608     
        1022   8.2467402161389387     
        1023   8.2661230091232696     
        1024   8.2661230091232696     
        1025   8.2484109543357693     
        1026   8.2484109543357693     
        1027   8.2293308326511116     
        1028   8.2293308326511116     
        1029   8.2293308326511116     
        1030   8.1988917131374919     
        1031   8.1988917131374919     
        1032   8.1966035936050314     
        1033   8.1966035936050314     
        1034   8.2249528052470975     
        1035   8.2181528773475474     
        1036   8.2181528773475474     
        1037   8.2060481024717724     
        1038   8.2060481024717724     
        1039   8.2237916327144358     
        1040   8.2237916327144358     
        1041   8.2361172349756426     
        1042   8.2361172349756426     
        1043   8.2067945451423157     
        1044   8.2067945451423157     
        1045   8.2255151759278409     
        1046   8.2255151759278409     
        1047   8.2122783198735281     
        1048   8.2173945941782343     
        1049   8.2209445446900382     
        1050   8.1863297885521877     
        1051   8.1863297885521877     
        1052   8.1925331565206623     
        1053   8.2065683546975450     
        1054   8.2065683546975450     
        1055   8.2455622699681790     
        1056   8.2391466064337617     
        1057   8.2324068256746799     
        1058   8.2324068256746799     
        1059   8.2522059350238148     
        1060   8.2117879390637523     
        1061   8.1911591265943731     
        1062   8.2241752106570285     
        1063   8.2241752106570285     
        1064   8.2266088109744260     
        1065   8.2134102906456068     
        1066   8.2381566174788148     
        1067   8.2076733792438343     
        1068   8.2076733792438343     
        1069   8.2076733792438343     
        1070   8.2076733792438343     
        1071   8.2169930347613764     
        1072   8.2169930347613764     
        1073   8.2339150690734293     
        1074   8.2184273961996865     
        1075   8.2238439366204208     
        1076   8.2238439366204208     
        1077   8.2238439366204208     
        1078   8.2238439366204208     
        1079   8.2274685235621110     
        1080   8.2274685235621110     
        1081   8.2344083427831496     
        1082   8.2496446041842137     
        1083   8.2496446041842137     
        1084   8.2496446041842137     
        1085   8.2496446041842137     
        1086   8.2470702875416197     
        1087   8.2339098427645716     
        1088   8.2339098427645716     
        1089   8.2358717450495238     
        1090   8.2463098856925630     
        1091   8.2146936796259720     
        1092   8.2146936796259720     
        1093   8.2562455007088342     
        1094   8.2292932246130484     
        1095   8.2400639271923666     
        1096   8.2400639271923666     
        1097   8.2400639271923666     
        1098   8.2520268517133832     
        1099   8.2520268517133832     
        1100   8.2302577679912705     
        1101   8.2302577679912705     
        1102   8.2321136072323693     
        1103   8.2380449727585585     
        1104   8.2380449727585585     
        1105   8.2275729450273953     
        1106   8.2340841332494712     
        1107   8.2433926186940454     
        1108   8.2544456836201920     
        1109   8.2354969072869793     
        1110   8.2383536492161209     
        1111   8.2468182303454327     
        1112   8.2468182303454327     
        1113   8.2468182303454327     
        1114   8.2468182303454327     
        1115   8.2230631100367297     
        1116   8.2230631100367297     
        1117   8.2272429311162210     
        1118   8.2283713295538377     
        1119   8.2453360969581748     
        1120   8.2350967057100561     
        1121   8.2170094641718006     
        1122   8.2486064329447757     
        1123   8.2318365736041663     
        1124   8.2271529507482892     
        1125   8.2298575089837893     
        1126   8.2266826169386693     
        1127   8.2266826169386693     
        1128   8.2363085472324240     
        1129   8.2659284172861121     
        1130   8.2332789258055161     
        1131   8.2192852807501371     
        1132   8.2406751964125124     
        1133   8.2406751964125124     
        1134   8.2470335797420820     
        1135   8.2470335797420820     
        1136   8.2470335797420820     
        1137   8.2423387756887294     
        1138   8.2599806925141568     
        1139   8.2697075728394065     
        1140   8.2697075728394065     
        1141   8.2326025905372564     
        1142   8.2470023769400793     
        1143   8.2470023769400793     
        1144   8.2446097278918380     
        1145   8.2390417382774359     
        1146   8.2534286216280197     
        1147   8.2534286216280197     
        1148   8.2652071768780306     
        1149   8.2652071768780306     
        1150   8.2223072503062458     
        1151   8.2040784829194617     
        1152   8.2353642780242744     
        1153   8.2353642780242744     
        1154   8.2353642780242744     
        1155   8.2734892536269129     
        1156   8.2734892536269129     
        1157   8.2734892536269129     
        1158   8.2728026340163598     
        1159   8.2404512016241043     
        1160   8.2256552419567637     
        1161   8.2256552419567637     
        1162   8.2434991627505543     
        1163   8.2434991627505543     
        1164   8.2434991627505543     
        1165   8.2331194160325492     
        1166   8.2331194160325492     
        1167   8.2278755782915169     
        1168   8.1882657778779002     
        1169   8.2123645742997802     
        1170   8.2305237647867564     
        1171   8.1906049401916352     
        1172   8.1906049401916352     
        1173   8.2134904551629955     
        1174   8.2106561039009698     
        1175   8.1829154728188200     
        1176   8.1829154728188200     
        1177   8.1971113387121974     
        1178   8.1971113387121974     
        1179   8.1846768805263714     
        1180   8.2167221029011337     
        1181   8.2130910810444178     
        1182   8.2130910810444178     
        1183   8.2248853938890267     
        1184   8.2177937445946814     
        1185   8.2216241511796539     
        1186   8.2216241511796539     
        1187   8.2099796819005579     
        1188   8.2165858231519167     
        1189   8.2165858231519167     
        1190   8.2324725600041333     
        1191   8.2556721206150616     
        1192   8.2057658170727308     
        1193   8.2057658170727308     
        1194   8.2211782015234505     
        1195   8.2211782015234505     
        1196   8.2513741049633431     
        1197   8.2243488026663840     
        1198   8.2465649883560292     
        1199   8.2372282967788646     
        1200   8.2643566285191419     
        1201   8.2643566285191419     
        1202   8.2320102853738444     
        1203   8.2200234136973709     
        1204   8.2255615009420566     
        1205   8.2578828416078416     
        1206   8.2578828416078416     
        1207   8.2322957808136525     
        1208   8.2322957808136525     
        1209   8.2413128411279875     
        1210   8.2642899063076083     
        1211   8.2272076833158128     
        1212   8.2580326814418150     
        1213   8.2580326814418150     
        1214   8.2183125492042546     
        1215   8.2472583697382795     
        1216   8.2299621342035501     
        1217   8.2299621342035501     
        1218   8.2591953731524619     
        1219   8.2784233364455684     
        1220   8.2334302940124715     
        1221   8.2334302940124715     
        1222   8.2378651986675191     
        1223   8.2378651986675191     
        1224   8.2376685844445134     
        1225   8.2376685844445134     
        1226   8.2645451122810449     
        1227   8.2645451122810449     
        1228   8.2357200661123482     
        1229   8.2357200661123482     
        1230   8.2708185479983332     
        1231   8.2856953277682610     
        1232   8.2856953277682610     
        1233   8.2856953277682610     
        1234   8.2804999261159473     
        1235   8.2489762413029268     
        1236   8.2515415677284984     
        1237   8.2580401862654629     
        1238   8.2416340554171406     
        1239   8.2144356894368027     
        1240   8.2460016630570419     
        1241   8.2333260377057300     
        1242   8.2333260377057300     
        1243   8.2333260377057300     
        1244   8.2430293152942120     
        1245   8.2416211397958623     
        1246   8.2658244929629525     
        1247   8.2658244929629525     
        1248   8.2658244929629525     
        1249   8.2658244929629525     
        1250   8.2658244929629525     
        1251   8.2205969110736898     
        1252   8.2210600811387220     
        1253   8.2443045479733641     
        1254   8.2443045479733641     
        1255   8.2398327018388589     
        1256   8.2215731061886110     
        1257   8.2215731061886110     
        1258   8.2215731061886110     
        1259   8.2215731061886110     
        1260   8.2319917972295524     
        1261   8.2299661620985525     
        1262   8.2018430243449600     
        1263   8.2315573524853995     
        1264   8.1974932170575450     
        1265   8.1974932170575450     
        1266   8.2129433931697307     
        1267   8.1924478033669210     
        1268   8.1942402131485892     
        1269   8.1850641524975156     
        1270   8.1850641524975156     
        1271   8.2257656617567374     
        1272   8.2063831132349208     
        1273   8.2063831132349208     
        1274   8.1848437418460556     
        1275   8.1976918762437805     
        1276   8.1976918762437805     
        1277   8.2323354419106902     
        1278   8.2213477041888403     
        1279   8.2213477041888403     
        1280   8.2364822192423954     
        1281   8.2250929142020706     
        1282   8.2250929142020706     
        1283   8.2250929142020706     
        1284   8.2127529354011077     
        1285   8.2318023395930169     
        1286   8.2469880510516376     
        1287   8.2525214731174508     
        1288   8.2525214731174508     
        1289   8.2525214731174508     
        1290   8.2298188840211299     
        1291   8.2372771580080997     
        1292   8.2415370855581500     
        1293   8.2506900999695638     
        1294   8.2506900999695638     
        1295   8.2506900999695638     
        1296   8.2347379341702709     
        1297   8.2347379341702709     
        1298   8.2299422728882625     
        1299   8.2299422728882625     
        1300   8.2181080316368345     
        1301   8.2181080316368345     
        1302   8.2420276931567624     
        1303   8.2453696055837735     
        1304   8.2502614861800989     
        1305   8.2363729502013001     
        1306   8.2190687675694498     
        1307   8.2190687675694498     
        1308   8.2190687675694498     
        1309   8.2190687675694498     
        1310   8.2164227320294394     
        1311   8.2164227320294394     
        1312   8.2164227320294394     
        1313   8.2486030546264484     
        1314   8.2326245463218122     
        1315   8.2368228567330402     
        1316   8.2290837756586122     
        1317   8.2088933072189185     
        1318   8.1852639983181916     
        1319   8.1852639983181916     
        1320   8.2228223408931687     
        1321   8.2645738545715322     
        1322   8.2675503146211238     
        1323   8.2404502268290685     
        1324   8.2404502268290685     
        1325   8.2404502268290685     
        1326   8.2404502268290685     
        1327   8.2414805395636055     
        1328   8.2350644570193214     
        1329   8.2350644570193214     
        1330   8.2350644570193214     
        1331   8.2350644570193214     
        1332   8.2350644570193214     
        1333   8.2350644570193214     
        1334   8.2157157933337164     
        1335   8.2461855877328993     
        1336   8.2461855877328993     
        1337   8.2728180778693350     
        1338   8.2383366505839692     
        1339   8.2383366505839692     
        1340   8.2594536829714826     
        1341   8.2594536829714826     
        1342   8.2594536829714826     
        1343   8.2594536829714826     
        1344   8.2182183434351508     
        1345   8.2406131918495280     
        1346   8.2150358588129961     
        1347   8.2128012657938445     
        1348   8.2318659700253676     
        1349   8.2318659700253676     
        1350   8.1956363388898286     
        1351   8.1956363388898286     
        1352   8.1967818113439765     
        1353   8.2350774963797857     
        1354   8.2499100850325533     
        1355   8.2499100850325533     
        1356   8.2584790860146562     
        1357   8.2402555478729731     
        1358   8.2402555478729731     
        1359   8.2348394943371286     
        1360   8.2348394943371286     
        1361   8.2348394943371286     
        1362   8.2321187734574988     
        1363   8.2344404168740493     
        1364   8.2154629379235349     
        1365   8.2154629379235349     
        1366   8.2551707450275806     
        1367   8.2551707450275806     
        1368   8.2188920799035827     
        1369   8.2595474366799664     
        1370   8.2580436452837276     
        1371   8.2580436452837276     
        1372   8.2580436452837276     
        1373   8.2398635809067056     
        1374   8.2398635809067056     
        1375   8.2222989304648912     
        1376   8.2320405449583536     
        1377   8.2320405449583536     
        1378   8.2192199412972720     
        1379   8.2141819380236321     
        1380   8.2491487112682300     
        1381   8.2491487112682300     
        1382   8.2437948664484129     
        1383   8.2324938287673604     
        1384   8.2324938287673604     
        1385   8.2324938287673604     
        1386   8.2324938287673604     
        1387   8.2088517692626795     
        1388   8.2088517692626795     
        1389   8.2357895181312859     
        1390   8.2290505699795453     
        1391   8.2290505699795453     
        1392   8.2290505699795453     
        1393   8.2290505699795453     
        1394   8.1979897064042362     
        1395   8.1979897064042362     
        1396   8.2324625743578128     
        1397   8.2324625743578128     
        1398   8.2200567340891162     
        1399   8.2200567340891162     
        1400   8.2200567340891162     
        1401   8.2200567340891162     
        1402   8.2345411904828758     
        1403   8.2345411904828758     
        1404   8.2345411904828758     
        1405   8.2240865356282224     
        1406   8.2221068876233527     
        1407   8.2221068876233527     
        1408   8.2022383934501590     
        1409   8.2022383934501590     
        1410   8.2154149775169447     
        1411   8.2359878090193757     
        1412   8.2199287586343424     
        1413   8.2199287586343424     
        1414   8.2199287586343424     
        1415   8.2237651179633797     
        1416   8.2306557236152589     
        1417   8.2123802676106497     
        1418   8.2399159407667391     
        1419   8.1895981275738094     
        1420   8.2141873168457060     
        1421   8.1965363090612762     
        1422   8.2088780389876135     
        1423   8.2088780389876135     
        1424   8.2088780389876135     
        1425   8.2346645614311580     
        1426   8.2346645614311580     
        1427   8.2303846638128295     
        1428   8.2156990590441872     
        1429   8.2281303069696090     
        1430   8.2281303069696090     
        1431   8.2281303069696090     
        1432   8.2022347782361535     
        1433   8.1836872745957798     
        1434   8.1836872745957798     
        1435   8.2218224768479882     
        1436   8.2218224768479882     
        1437   8.2218224768479882     
        1438   8.2466056949673341     
        1439   8.2073747069952887     
        1440   8.2551148493619877     
        1441   8.2430251947558943     
        1442   8.2302885587444532     
        1443   8.1999775568429119     
        1444   8.2205228780610504     
        1445   8.2194706865067300     
        1446   8.2448215630492907     
        1447   8.2398407826584261     
        1448   8.2898208182342046     
        1449   8.2806653316880130     
        1450   8.2733131147195831     
        1451   8.2733131147195831     
        1452   8.2679566686911592     
        1453   8.2585079428734378     
        1454   8.2347999425126854     
        1455   8.2347999425126854     
        1456   8.2347999425126854     
        1457   8.2347999425126854     
        1458   8.2275883381852051     
        1459   8.2496006618979418     
        1460   8.2297786948859279     
        1461   8.2268448418409488     
        1462   8.2157001519968098     
        1463   8.2294017116387899     
        1464   8.2294017116387899     
        1465   8.2712615008191896     
        1466   8.2608708752995472     
        1467   8.2608708752995472     
        1468   8.2440964121225342     
        1469   8.2440964121225342     
        1470   8.2440964121225342     
        1471   8.2532342063846329     
        1472   8.2532342063846329     
        1473   8.2532342063846329     
        1474   8.2385923463658735     
        1475   8.2685032808644934     
        1476   8.2539403938125950     
        1477   8.2646159498726348     
        1478   8.2646159498726348     
        1479   8.2463601748361111     
        1480   8.2463601748361111     
        1481   8.2575090377559164     
        1482   8.2575090377559164     
        1483   8.2498056560085189     
        1484   8.2498056560085189     
        1485   8.2516519870582599     
        1486   8.2282502361095045     
        1487   8.2282502361095045     
        1488   8.2204212546560402     
        1489   8.2204212546560402     
        1490   8.1984875527069203     
        1491   8.1998558008004068     
        1492   8.2185248545644480     
        1493   8.2234581714492254     
        1494   8.2234581714492254     
        1495   8.2234581714492254     
        1496   8.2127713188461939     
        1497   8.2540774068667186     
        1498   8.2314947738626749     
        1499   8.2314947738626749     
        1500   8.2460197767869143     
        1501   8.2460197767869143     
        1502   8.2604038095855845     
        1503   8.2604038095855845     
        1504   8.2604038095855845     
        1505   8.2604038095855845     
        1506   8.2649727184887745     
        1507   8.2358828000082944     
        1508   8.2358828000082944     
        1509   8.2358828000082944     
        1510   8.2358828000082944     
        1511   8.2666434350086213     
        1512   8.2666434350086213     
        1513   8.2569758852473427     
        1514   8.2569758852473427     
        1515   8.2569758852473427     
        1516   8.2231359215512949     
        1517   8.2231359215512949     
        1518   8.2361065316640918     
        1519   8.2318486418715278     
        1520   8.2318486418715278     
        1521   8.2296016287447831     
        1522   8.2322659334431609     
        1523   8.2354075367407606     
        1524   8.2020293059057003     
        1525   8.2125478160200736     
        1526   8.2335971655544231     
        1527   8.2452461778515485     
        1528   8.2242358479720625     
        1529   8.2604054846548163     
        1530   8.2604054846548163     
        1531   8.2307403965989536     
        1532   8.2259265896863667     
        1533   8.2371550466101837     
        1534   8.2371550466101837     
        1535   8.2371550466101837     
        1536   8.2371550466101837     
        1537   8.2096720816759348     
        1538   8.2150182547875357     
        1539   8.2150182547875357     
        1540   8.2150182547875357     
        1541   8.2321852013509975     
        1542   8.2396702921860090     
        1543   8.2396702921860090     
        1544   8.2396702921860090     
        1545   8.2438755529447239     
        1546   8.2438755529447239     
        1547   8.2465333282356674     
        1548   8.2268881654824764     
        1549   8.2055836915975373     
        1550   8.2144319243912847     
        1551   8.2144319243912847     
        1552   8.2144319243912847     
        1553   8.2350603385617287     
        1554   8.2188413588245037     
        1555   8.1960508195068176     
        1556   8.1960508195068176     
        1557   8.1960508195068176     
        1558   8.1984290806349236     
        1559   8.1987338989147371     
        1560   8.1987338989147371     
        1561   8.1987338989147371     
        1562   8.1781632596967491     
        1563   8.1781632596967491     
        1564   8.2021473891119001     
        1565   8.2169721619083251     
        1566   8.2169721619083251     
        1567   8.2209813298367411     
        1568   8.1920379164893298     
        1569   8.2145276965839837     
        1570   8.2275730894116101     
        1571   8.2255555013879267     
        1572   8.2329739611557873     
        1573   8.2193644850619449     
        1574   8.2193644850619449     
        1575   8.2193644850619449     
        1576   8.1985714691128742     
        1577   8.2295917982385340     
        1578   8.2377405631206955     
        1579   8.2570566192016859     
        1580   8.2570566192016859     
        1581   8.2570566192016859     
        1582   8.2570566192016859     
        1583   8.2349419632879446     
        1584   8.2482840351796547     
        1585   8.2359110422656503     
        1586   8.2361658014324295     
        1587   8.2361658014324295     
        1588   8.2360756038648049     
        1589   8.2388904234719682     
        1590   8.2353603924772436     
        1591   8.2414736293349478     
        1592   8.2290999797716502     
        1593   8.2671165521808394     
        1594   8.2671165521808394     
        1595   8.2671165521808394     
        1596   8.2458817946866017     
        1597   8.2646886756726534     
        1598   8.2912692227592775     
        1599   8.2295083775006788     
        1600   8.2717395391257522     
        1601   8.2315603986043904     
        1602   8.2852000640892101     
        1603   8.2848647118440297     
        1604   8.2848647118440297     
        1605   8.2689564085318192     
        1606   8.2420214946552370     
        1607   8.2163898769856090     
        1608   8.2630481842799188     
        1609   8.2630481842799188     
        1610   8.2642272111587030     
        1611   8.2642698680536153     
        1612   8.2843148836023719     
        1613   8.2687870093955915     
        1614   8.2300254892431788     
        1615   8.2300254892431788     
        1616   8.2715598050160803     
        1617   8.2715598050160803     
        1618   8.2715598050160803     
        1619   8.2635727294451442     
        1620   8.2426732152975735     
        1621   8.2451520004137233     
        1622   8.2274513501321564     
        1623   8.2274513501321564     
        1624   8.2274513501321564     
        1625   8.2222937631848687     
        1626   8.2475361562687688     
        1627   8.2475361562687688     
        1628   8.2261800968488341     
        1629   8.2205782094483997     
        1630   8.2320686295739520     
        1631   8.2358888000231705     
        1632   8.2236012467958925     
        1633   8.2409873412708894     
        1634   8.2409873412708894     
        1635   8.2409873412708894     
        1636   8.2409873412708894     
        1637   8.2409873412708894     
        1638   8.2409873412708894     
        1639   8.2409873412708894     
        1640   8.2409873412708894     
        1641   8.2409873412708894     
        1642   8.2409873412708894     
        1643   8.2409873412708894     
        1644   8.2690286766208612     
        1645   8.2409830327700853     
        1646   8.2409830327700853     
        1647   8.2429191420289829     
        1648   8.2657989142741179     
        1649   8.2467902262211474     
        1650   8.2452657967758114     
        1651   8.2605547179125711     
        1652   8.2198983908162937     
        1653   8.2187994232223591     
        1654   8.2187994232223591     
        1655   8.2143567179089736     
        1656   8.2122680579671670     
        1657   8.2510011935591763     
        1658   8.2510011935591763     
        1659   8.2282811182487610     
        1660   8.2244028864989058     
        1661   8.2539337770897987     
        1662   8.2549565214854805     
        1663   8.2549565214854805     
        1664   8.2171127881346528     
        1665   8.2281367757395927     
        1666   8.2281367757395927     
        1667   8.1937501764632330     
        1668   8.2009465922325777     
        1669   8.2167557278583736     
        1670   8.2074968861693058     
        1671   8.2499711070427431     
        1672   8.2137477837005335     
        1673   8.2052010966558591     
        1674   8.2052010966558591     
        1675   8.1973593410300314     
        1676   8.2060707242576818     
        1677   8.2074071727981650     
        1678   8.2074071727981650     
        1679   8.2234506303305963     
        1680   8.2257473491895983     
        1681   8.2200920131253969     
        1682   8.2119768197165062     
        1683   8.2105190426783992     
        1684   8.1978381955942563     
        1685   8.1972262413418537     
        1686   8.2249817968506687     
        1687   8.2249817968506687     
        1688   8.2042043097747612     
        1689   8.2042043097747612     
        1690   8.2042043097747612     
        1691   8.2034190764992534     
        1692   8.2034190764992534     
        1693   8.1824625213782571     
        1694   8.1837479040445000     
        1695   8.1837479040445000     
        1696   8.2227850473113584     
        1697   8.2227850473113584     
        1698   8.2114142735650510     
        1699   8.2368256893314395     
        1700   8.1903958808031607     
        1701   8.2251755448330766     
        1702   8.1909852691141172     
        1703   8.2183040153038327     
        1704   8.2316873344162236     
        1705   8.2623071231884690     
        1706   8.2584793301494024     
        1707   8.2413324081763015     
        1708   8.2325896555960139     
        1709   8.2312748294551739     
        1710   8.2159464038050718     
        1711   8.2234054580178721     
        1712   8.2450028884163391     
        1713   8.2450028884163391     
        1714   8.2143969376751222     
        1715   8.2143969376751222     
        1716   8.2143969376751222     
        1717   8.2027214124086338     
        1718   8.2099710047133936     
        1719   8.2099710047133936     
        1720   8.2268307858793772     
        1721   8.2118965577061722     
        1722   8.2095076824253965     
        1723   8.2390629185391209     
        1724   8.2390629185391209     
        1725   8.2567691625975268     
        1726   8.2169393553330483     
        1727   8.2169393553330483     
        1728   8.2080898504745896     
        1729   8.2145910406513583     
        1730   8.2298957238927688     
        1731   8.2298957238927688     
        1732   8.2529379085520311     
        1733   8.2674531074094215     
        1734   8.2674531074094215     
        1735   8.2415104687126206     
        1736   8.2376257772052330     
        1737   8.2376257772052330     
        1738   8.2376257772052330     
        1739   8.2369452842693160     
        1740   8.2369452842693160     
        1741   8.2303641315122746     
        1742   8.2555434652763946     
        1743   8.2555434652763946     
        1744   8.2555434652763946     
        1745   8.2555434652763946     
        1746   8.2628675308330664     
        1747   8.2506590656915382     
        1748   8.2392084636990113     
        1749   8.2445832744545662     
        1750   8.2445832744545662     
        1751   8.2339330306515190     
        1752   8.2193347388136662     
        1753   8.2287237218056699     
        1754   8.2294230304633569     
        1755   8.2367958339680758     
        1756   8.2359316812709071     
        1757   8.2359316812709071     
        1758   8.2359316812709071     
        1759   8.2359316812709071     
        1760   8.2359316812709071     
        1761   8.2359316812709071     
        1762   8.2318080598740444     
        1763   8.2308548634701282     
        1764   8.2308548634701282     
        1765   8.2308548634701282     
        1766   8.2230224795446318     
        1767   8.2230224795446318     
        1768   8.2110153673684270     
        1769   8.2110153673684270     
        1770   8.1913780946616654     
        1771   8.1925791501181529     
        1772   8.1880246678007431     
        1773   8.2172046561485814     
        1774   8.2162724122848925     
        1775   8.2076848171979790     
        1776   8.1911869391005858     
        1777   8.1911869391005858     
        1778   8.1911869391005858     
        1779   8.1860652343641203     
        1780   8.2185190986723349     
        1781   8.2185190986723349     
        1782   8.2185190986723349     
        1783   8.2463214921104804     
        1784   8.2439410753967710     
        1785   8.2416687243629205     
        1786   8.2314724149646388     
        1787   8.2267315819503946     
        1788   8.2267315819503946     
        1789   8.2267315819503946     
        1790   8.2112742532865362     
        1791   8.2112742532865362     
        1792   8.2134534510526045     
        1793   8.2134534510526045     
        1794   8.2326316260963690     
        1795   8.2277775387050784     
        1796   8.2277775387050784     
        1797   8.2277775387050784     
        1798   8.2744752352438571     
        1799   8.2744752352438571     
        1800   8.2491922616965709     
        1801   8.2829393232970148     
        1802   8.2610491970934081     
        1803   8.2509600111409327     
        1804   8.2219339466921095     
        1805   8.2552783341530933     
        1806   8.2260808536227099     
        1807   8.2196224819541683     
        1808   8.2447600910159231     
        1809   8.2593713502991566     
        1810   8.2658794979064769     
        1811   8.2658794979064769     
        1812   8.2364323266186794     
        1813   8.2847426613320891     
        1814   8.2847426613320891     
        1815   8.2847426613320891     
        1816   8.2847426613320891     
        1817   8.2713560888488864     
        1818   8.2713560888488864     
        1819   8.2716295694361044     
        1820   8.2716295694361044     
        1821   8.2716295694361044     
        1822   8.2716295694361044     
        1823   8.2520825229984336     
        1824   8.2520825229984336     
        1825   8.2665824122791367     
        1826   8.2665824122791367     
        1827   8.2583193907839068     
        1828   8.2583193907839068     
        1829   8.2583193907839068     
        1830   8.2578094770312305     
        1831   8.2173260384496221     
        1832   8.2173260384496221     
        1833   8.2173260384496221     
        1834   8.2023552681616732     
        1835   8.2023552681616732     
        1836   8.2023552681616732     
        1837   8.2023552681616732     
        1838   8.2143667533227998     
        1839   8.2143667533227998     
        1840   8.2613810038072071     
        1841   8.2613810038072071     
        1842   8.2631193777032497     
        1843   8.2370974391719081     
        1844   8.2370974391719081     
        1845   8.2370974391719081     
        1846   8.2074601107307981     
        1847   8.2110638486465586     
        1848   8.2017083458242563     
        1849   8.2017083458242563     
        1850   8.2017083458242563     
        1851   8.2017083458242563     
        1852   8.1811462656849407     
        1853   8.1802501811569339     
        1854   8.1802501811569339     
        1855   8.1942060162827861     
        1856   8.1942060162827861     
        1857   8.1942060162827861     
        1858   8.1937203901658027     
        1859   8.2221192529366824     
        1860   8.2221192529366824     
        1861   8.2221192529366824     
        1862   8.1930365644122407     
        1863   8.2160530300163543     
        1864   8.2160530300163543     
        1865   8.1824019416682265     
        1866   8.2220746872146293     
        1867   8.2154688515241112     
        1868   8.2133620927058288     
        1869   8.2133620927058288     
        1870   8.2436274422373206     
        1871   8.2436274422373206     
        1872   8.2079498878103454     
        1873   8.2079498878103454     
        1874   8.2079498878103454     
        1875   8.2171641689515393     
        1876   8.2298141091498209     
        1877   8.2298141091498209     
        1878   8.2483644860739531     
        1879   8.2128446588797352     
        1880   8.2128446588797352     
        1881   8.2128446588797352     
        1882   8.2121031630414123     
        1883   8.2336997054781538     
        1884   8.2657376336681612     
        1885   8.2657376336681612     
        1886   8.2657376336681612     
        1887   8.2828134567621952     
        1888   8.2456126627213031     
        1889   8.2537663403947494     
        1890   8.2537663403947494     
        1891   8.2366138272919347     
        1892   8.2502086948570206     
        1893   8.2312822454549508     
        1894   8.2579407643462641     
        1895   8.2186067924112702     
        1896   8.2254445243350141     
        1897   8.2254445243350141     
        1898   8.2254445243350141     
        1899   8.2317918775593242     
        1900   8.2284600933974730     
        1901   8.2284600933974730     
        1902   8.2284600933974730     
        1903   8.2284600933974730     
        1904   8.2405926879969318     
        1905   8.2169889940618610     
        1906   8.2425542922437192     
        1907   8.2425542922437192     
        1908   8.2116063523311489     
        1909   8.2385541597357008     
        1910   8.2385541597357008     
        1911   8.2702183393627333     
        1912   8.2289961294126979     
        1913   8.2583902889742049     
        1914   8.2583902889742049     
        1915   8.2583902889742049     
        1916   8.2430186909612750     
        1917   8.2430186909612750     
        1918   8.2430186909612750     
        1919   8.2430186909612750     
        1920   8.2491650806158958     
        1921   8.2491650806158958     
        1922   8.2491650806158958     
        1923   8.2632248794163896     
        1924   8.2632248794163896     
        1925   8.2661081956839908     
        1926   8.2668994673173000     
        1927   8.2668994673173000     
        1928   8.2668994673173000     
        1929   8.2645024821130768     
        1930   8.2394940115146724     
        1931   8.2394940115146724     
        1932   8.2459514442027793     
        1933   8.2658276875380921     
        1934   8.2539936651269592     
        1935   8.2539936651269592     
        1936   8.2317929153668956     
        1937   8.2103039368448307     
        1938   8.2103039368448307     
        1939   8.2499403447263031     
        1940   8.2499403447263031     
        1941   8.2499403447263031     
        1942   8.2698418594730629     
        1943   8.2671976757507881     
        1944   8.2972765210078059     
        1945   8.2906693650456891     
        1946   8.2871025636444067     
        1947   8.2635431823725902     
        1948   8.2816471326027727     
        1949   8.2816471326027727     
        1950   8.2816471326027727     
        1951   8.2902471362099721     
        1952   8.2914711202575209     
        1953   8.2727613962603446     
        1954   8.2727613962603446     
        1955   8.2673452617442678     
        1956   8.2526041021091139     
        1957   8.2624395276736120     
        1958   8.2675455130709210     
        1959   8.2675455130709210     
        1960   8.2675455130709210     
        1961   8.2696138413227285     
        1962   8.2440205651343295     
        1963   8.2440205651343295     
        1964   8.2091820966677478     
        1965   8.2091820966677478     
        1966   8.2345613187127515     
        1967   8.2147822293557340     
        1968   8.2065306204455908     
        1969   8.2179701093808877     
        1970   8.2386252356561247     
        1971   8.2442319793602152     
        1972   8.2486763835291477     
        1973   8.2486763835291477     
        1974   8.2301056853656274     
        1975   8.2131666476439413     
        1976   8.2243719569505576     
        1977   8.2535333393681132     
        1978   8.2558690029684580     
        1979   8.2444457598299259     
        1980   8.2469017933343025     
        1981   8.2412062719856713     
        1982   8.2557212395162427     
        1983   8.2557212395162427     
        1984   8.2557212395162427     
        1985   8.2557212395162427     
        1986   8.2315757334508053     
        1987   8.2315757334508053     
        1988   8.2229571645405137     
        1989   8.2205232086999285     
        1990   8.2369921355655524     
        1991   8.2435749178780018     
        1992   8.2340335163117047     
        1993   8.2056699243980162     
        1994   8.2232385662178515     
        1995   8.2504290947116559     
        1996   8.2504290947116559     
        1997   8.2268355895587320     
        1998   8.2154936273081685     
        1999   8.2124698820610771     
        2000   8.2124698820610771     
