 SAMPLE,  BOXLENGTH
           1   8.1975712522501532     
           2   8.1855820209549552     
           3   8.2172229150718259     
           4   8.2141503071486177     
           5   8.1772188885725221     
           6   8.1891487450845926     
           7   8.1891487450845926     
           8   8.2114294418003109     
           9   8.1866997509157908     
          10   8.2110556051001691     
          11   8.2269847485792873     
          12   8.2226649970039869     
          13   8.2520985871017647     
          14   8.2520985871017647     
          15   8.2252704082585097     
          16   8.2028182083844072     
          17   8.1985800597897658     
          18   8.2187999180659475     
          19   8.1976177242658625     
          20   8.1976177242658625     
          21   8.1917115855429934     
          22   8.1744162339587714     
          23   8.1939667057754946     
          24   8.1909921298967134     
          25   8.1909921298967134     
          26   8.1909921298967134     
          27   8.1909921298967134     
          28   8.2038383445193457     
          29   8.2038383445193457     
          30   8.2156880684209206     
          31   8.2109449427507517     
          32   8.2174152427364930     
          33   8.2280339329816758     
          34   8.2280339329816758     
          35   8.2280491228279633     
          36   8.2057109519480100     
          37   8.2046188726272753     
          38   8.1934422413718071     
          39   8.1934422413718071     
          40   8.1934422413718071     
          41   8.1934422413718071     
          42   8.1934422413718071     
          43   8.1934422413718071     
          44   8.1963664283069040     
          45   8.2217118924845209     
          46   8.2217118924845209     
          47   8.2217118924845209     
          48   8.2378828664928587     
          49   8.2239307465060989     
          50   8.2239307465060989     
          51   8.2170345797572910     
          52   8.2170345797572910     
          53   8.1988134096758039     
          54   8.1898027841190686     
          55   8.1898027841190686     
          56   8.1817041797147798     
          57   8.1817041797147798     
          58   8.1817041797147798     
          59   8.1759663648478238     
          60   8.1759663648478238     
          61   8.2056543941226963     
          62   8.2056543941226963     
          63   8.2056543941226963     
          64   8.2147043940556870     
          65   8.2147043940556870     
          66   8.2147043940556870     
          67   8.2192975704743603     
          68   8.1839801932639009     
          69   8.2114697613882157     
          70   8.2114697613882157     
          71   8.2114697613882157     
          72   8.2245073086022877     
          73   8.1952490784371239     
          74   8.2179829148782471     
          75   8.2179829148782471     
          76   8.2113032229937559     
          77   8.1962125755433810     
          78   8.1943900997904784     
          79   8.1943900997904784     
          80   8.1943900997904784     
          81   8.1943900997904784     
          82   8.1943900997904784     
          83   8.1965135718934139     
          84   8.1929211388353842     
          85   8.2021881435930997     
          86   8.2021881435930997     
          87   8.2021881435930997     
          88   8.2120847043566396     
          89   8.1933023441618040     
          90   8.2101009687877564     
          91   8.1978191210148843     
          92   8.1987505992960124     
          93   8.1987505992960124     
          94   8.2217869793406955     
          95   8.2352100654890297     
          96   8.2131766519894445     
          97   8.1673518411060293     
          98   8.1855826328599051     
          99   8.1970838390249874     
         100   8.1970838390249874     
         101   8.2103437891503290     
         102   8.2128290961376837     
         103   8.2063554892407993     
         104   8.2063554892407993     
         105   8.2063554892407993     
         106   8.2063554892407993     
         107   8.1920765089706844     
         108   8.1920383371980972     
         109   8.2114145777501104     
         110   8.2114145777501104     
         111   8.2114145777501104     
         112   8.2114145777501104     
         113   8.2114145777501104     
         114   8.2114145777501104     
         115   8.1942060118227964     
         116   8.1942060118227964     
         117   8.1948278190203698     
         118   8.1905334869260571     
         119   8.1985186686136213     
         120   8.1985186686136213     
         121   8.1940798913278492     
         122   8.1932255071571856     
         123   8.1962950219897177     
         124   8.2021905682241840     
         125   8.2021905682241840     
         126   8.1806461056159119     
         127   8.2050236422841092     
         128   8.1749543475768611     
         129   8.1749543475768611     
         130   8.1980648802426046     
         131   8.2282361592404314     
         132   8.2364177362488977     
         133   8.1868644425511778     
         134   8.2247096164163516     
         135   8.2247096164163516     
         136   8.1921675802410263     
         137   8.2312665262613116     
         138   8.2312665262613116     
         139   8.2104225772595179     
         140   8.2077237719807599     
         141   8.2077237719807599     
         142   8.2077237719807599     
         143   8.2381897547712430     
         144   8.2381897547712430     
         145   8.2404890324955993     
         146   8.1994269013114263     
         147   8.1908072664561811     
         148   8.2329774073883435     
         149   8.2401380190045916     
         150   8.2063236630459677     
         151   8.1867408357095055     
         152   8.2039324375622513     
         153   8.1881350326327649     
         154   8.1881350326327649     
         155   8.1881350326327649     
         156   8.2037508589799728     
         157   8.2133378007234654     
         158   8.2100020516852332     
         159   8.2100020516852332     
         160   8.2100020516852332     
         161   8.2617326508959721     
         162   8.2590534973573568     
         163   8.2189071849704298     
         164   8.2599291870248308     
         165   8.2544529051814042     
         166   8.2544529051814042     
         167   8.2455503434859470     
         168   8.2195612728345644     
         169   8.2258258599515344     
         170   8.2258258599515344     
         171   8.2072199461995226     
         172   8.2072199461995226     
         173   8.2420100404932217     
         174   8.2198204926922269     
         175   8.2198204926922269     
         176   8.2230707281482776     
         177   8.2230707281482776     
         178   8.2230707281482776     
         179   8.2108518227995830     
         180   8.2108518227995830     
         181   8.2186054766266139     
         182   8.2189496855482407     
         183   8.2206112313781379     
         184   8.2206112313781379     
         185   8.2206112313781379     
         186   8.2206112313781379     
         187   8.1917468137974758     
         188   8.1835717380196638     
         189   8.2182891921702517     
         190   8.2182891921702517     
         191   8.2182891921702517     
         192   8.2278764734379521     
         193   8.2152049840499313     
         194   8.2152049840499313     
         195   8.2202707045673122     
         196   8.2011590768507823     
         197   8.2011590768507823     
         198   8.2121996751039887     
         199   8.2121996751039887     
         200   8.2412772636197165     
         201   8.2180487215353892     
         202   8.2065832982588649     
         203   8.2065832982588649     
         204   8.2218933603304336     
         205   8.2308727788790232     
         206   8.2308727788790232     
         207   8.2364262793357739     
         208   8.2415935955004347     
         209   8.2415935955004347     
         210   8.2222760194422424     
         211   8.2569055270793985     
         212   8.2159832384574010     
         213   8.2159832384574010     
         214   8.2159832384574010     
         215   8.2111922466616249     
         216   8.1802172952252263     
         217   8.1964885058507519     
         218   8.1964885058507519     
         219   8.2081867210323107     
         220   8.2081867210323107     
         221   8.2079401396227265     
         222   8.2242144347433879     
         223   8.1983695822361717     
         224   8.2129389706565608     
         225   8.2129389706565608     
         226   8.2045314245154923     
         227   8.2239412976016766     
         228   8.2239412976016766     
         229   8.1967859706622868     
         230   8.1967859706622868     
         231   8.1986064456432040     
         232   8.2129183237308183     
         233   8.2444400288287909     
         234   8.2444400288287909     
         235   8.2203607126550331     
         236   8.2419115706644774     
         237   8.2444686185405640     
         238   8.2444686185405640     
         239   8.2048513526605475     
         240   8.2068331788607178     
         241   8.2158292897177176     
         242   8.2289996842659647     
         243   8.2022190791321012     
         244   8.2349389280469101     
         245   8.2349389280469101     
         246   8.2349389280469101     
         247   8.2379509086742182     
         248   8.2379509086742182     
         249   8.2219841739354731     
         250   8.2354792951012605     
         251   8.2235492532461070     
         252   8.2235492532461070     
         253   8.2235492532461070     
         254   8.2235492532461070     
         255   8.2502915449066450     
         256   8.2718527395832648     
         257   8.2718527395832648     
         258   8.2718527395832648     
         259   8.2700893940469768     
         260   8.2424579793350929     
         261   8.2424579793350929     
         262   8.2433993007080080     
         263   8.2075583434607804     
         264   8.1810760740644533     
         265   8.2070080832554453     
         266   8.1912431044451210     
         267   8.1912431044451210     
         268   8.1828945636946280     
         269   8.2113721592213462     
         270   8.2113721592213462     
         271   8.2048934613376847     
         272   8.2318859359345034     
         273   8.2007854841320729     
         274   8.1887267777321160     
         275   8.1871350579823190     
         276   8.1871350579823190     
         277   8.2024330868385977     
         278   8.2024330868385977     
         279   8.2024330868385977     
         280   8.2024330868385977     
         281   8.2024330868385977     
         282   8.2059170735475835     
         283   8.1801293027823494     
         284   8.1801293027823494     
         285   8.1801293027823494     
         286   8.1897660003124937     
         287   8.2137249726757826     
         288   8.2003413657605755     
         289   8.1828349894490930     
         290   8.1828349894490930     
         291   8.1857215482478871     
         292   8.1992104755955619     
         293   8.1990652976584730     
         294   8.1833213605014201     
         295   8.1833213605014201     
         296   8.1845956025707736     
         297   8.1845956025707736     
         298   8.1574711160584368     
         299   8.1940936426931295     
         300   8.1693036913751857     
         301   8.2079078070537648     
         302   8.2269229183336883     
         303   8.1962462530626201     
         304   8.1985043327148137     
         305   8.1985043327148137     
         306   8.2043382056099379     
         307   8.1878579625965244     
         308   8.1878579625965244     
         309   8.1878579625965244     
         310   8.1880837564988571     
         311   8.2073713764513965     
         312   8.1999719098683581     
         313   8.2295739399630445     
         314   8.1853829523609107     
         315   8.2080199292308844     
         316   8.2121874941313120     
         317   8.2121874941313120     
         318   8.2121874941313120     
         319   8.2121874941313120     
         320   8.1913269345302933     
         321   8.1670587410266595     
         322   8.1670587410266595     
         323   8.1670587410266595     
         324   8.1688996092126107     
         325   8.2009447825823223     
         326   8.2033871740974291     
         327   8.1785353336337980     
         328   8.2137429187323825     
         329   8.2339665836276446     
         330   8.2012179139715293     
         331   8.2012179139715293     
         332   8.2012179139715293     
         333   8.1967206784739073     
         334   8.1755013708740520     
         335   8.1422943293598351     
         336   8.1422943293598351     
         337   8.1738937114311714     
         338   8.1738937114311714     
         339   8.2134005964646732     
         340   8.2134005964646732     
         341   8.2029680096513111     
         342   8.2135073648252934     
         343   8.2306953238889520     
         344   8.2107074486457190     
         345   8.2107074486457190     
         346   8.2330553062614715     
         347   8.1987416633724646     
         348   8.2185395301291972     
         349   8.1822590695268413     
         350   8.1822590695268413     
         351   8.1822590695268413     
         352   8.1822590695268413     
         353   8.1981439508924883     
         354   8.2302822154804733     
         355   8.2430834951154885     
         356   8.2430834951154885     
         357   8.2173177046847155     
         358   8.2157359747918139     
         359   8.2115699777636628     
         360   8.2115699777636628     
         361   8.2104269373445984     
         362   8.2104269373445984     
         363   8.2050389767244667     
         364   8.2019047917016845     
         365   8.2174565211315542     
         366   8.2214429996840916     
         367   8.2214429996840916     
         368   8.2214429996840916     
         369   8.2036687772357322     
         370   8.2036687772357322     
         371   8.2036687772357322     
         372   8.1588936699988377     
         373   8.1588936699988377     
         374   8.1938918664668616     
         375   8.1938918664668616     
         376   8.1938918664668616     
         377   8.1697518276211252     
         378   8.1958626815796265     
         379   8.1883386092587020     
         380   8.1910675048493680     
         381   8.2218486386586456     
         382   8.2536017381963322     
         383   8.2536017381963322     
         384   8.2536017381963322     
         385   8.2456042326867944     
         386   8.2422745197599472     
         387   8.2422745197599472     
         388   8.2193598579946663     
         389   8.2254610008981093     
         390   8.2174650250075576     
         391   8.2318239322539526     
         392   8.2127610795547135     
         393   8.2095025854316575     
         394   8.2159860182896072     
         395   8.2187556329782883     
         396   8.2149544698517882     
         397   8.2149544698517882     
         398   8.2149544698517882     
         399   8.1998988710740424     
         400   8.1953289870238546     
         401   8.2218519808942752     
         402   8.2218519808942752     
         403   8.2218519808942752     
         404   8.2087937781771725     
         405   8.2087937781771725     
         406   8.2087937781771725     
         407   8.2169451886069815     
         408   8.2181910813692820     
         409   8.2546042668949493     
         410   8.2204987335430317     
         411   8.2316684004178917     
         412   8.2108170856816063     
         413   8.2125903740855275     
         414   8.2125903740855275     
         415   8.2165071640084282     
         416   8.1925616552198424     
         417   8.2266882999216282     
         418   8.2266882999216282     
         419   8.2197918405145796     
         420   8.2083085016815147     
         421   8.2083085016815147     
         422   8.2001522726990537     
         423   8.2296583071717553     
         424   8.2296583071717553     
         425   8.2165318552694444     
         426   8.2165318552694444     
         427   8.2120747664048395     
         428   8.1815404877735585     
         429   8.1815404877735585     
         430   8.1815404877735585     
         431   8.2180087244791213     
         432   8.2180087244791213     
         433   8.2180087244791213     
         434   8.2180087244791213     
         435   8.2072962584541767     
         436   8.2072962584541767     
         437   8.2045659821112142     
         438   8.1928891636185472     
         439   8.1822620541295379     
         440   8.1822620541295379     
         441   8.1822620541295379     
         442   8.1889044905745383     
         443   8.1889044905745383     
         444   8.1768434295106935     
         445   8.2126350607529410     
         446   8.2126350607529410     
         447   8.2126350607529410     
         448   8.2126350607529410     
         449   8.1938715509023012     
         450   8.1938715509023012     
         451   8.2336369819204283     
         452   8.2163914981916726     
         453   8.2329714082332561     
         454   8.2115596681796852     
         455   8.2488009062313434     
         456   8.2488009062313434     
         457   8.2519497971571063     
         458   8.2306104690799060     
         459   8.2338039215340117     
         460   8.2338039215340117     
         461   8.2322335395381909     
         462   8.2212555786150308     
         463   8.2205130204821515     
         464   8.2112718864623595     
         465   8.2425023527965351     
         466   8.2425023527965351     
         467   8.2425023527965351     
         468   8.2425023527965351     
         469   8.2425023527965351     
         470   8.2425023527965351     
         471   8.2438686144637412     
         472   8.2339087156357760     
         473   8.2075013426274364     
         474   8.2075013426274364     
         475   8.2075013426274364     
         476   8.2147391753492709     
         477   8.2147391753492709     
         478   8.2147391753492709     
         479   8.2147391753492709     
         480   8.2147391753492709     
         481   8.2147391753492709     
         482   8.2315931066963302     
         483   8.2156597879091269     
         484   8.2156597879091269     
         485   8.2156597879091269     
         486   8.2180216362214367     
         487   8.2180216362214367     
         488   8.2165569377698660     
         489   8.1974916999897456     
         490   8.1971603157572837     
         491   8.1971603157572837     
         492   8.1971603157572837     
         493   8.2376004307117565     
         494   8.2376004307117565     
         495   8.2396796321117307     
         496   8.2211279377793041     
         497   8.2164539852012428     
         498   8.2039974326205289     
         499   8.2027869203528798     
         500   8.2027869203528798     
         501   8.2027869203528798     
         502   8.2067672131260601     
         503   8.2067672131260601     
         504   8.2117968641420500     
         505   8.2117968641420500     
         506   8.1786023100326606     
         507   8.1834773439815862     
         508   8.1677407496949037     
         509   8.1677407496949037     
         510   8.1677407496949037     
         511   8.1677407496949037     
         512   8.1822217054520721     
         513   8.1796204067380671     
         514   8.2011554830403970     
         515   8.2011554830403970     
         516   8.2011554830403970     
         517   8.2011554830403970     
         518   8.2011554830403970     
         519   8.2011554830403970     
         520   8.2038266511171507     
         521   8.2127661705753496     
         522   8.2100998683339022     
         523   8.2213197390748185     
         524   8.1999320829434428     
         525   8.1978681387265908     
         526   8.1889756399762916     
         527   8.2126084713820262     
         528   8.2126084713820262     
         529   8.2433361871573716     
         530   8.1962917948333534     
         531   8.1962917948333534     
         532   8.2322380816919232     
         533   8.2309812768398309     
         534   8.2309812768398309     
         535   8.2152631121088913     
         536   8.2152631121088913     
         537   8.2000652350318433     
         538   8.2000652350318433     
         539   8.2005476865263240     
         540   8.2178676761395568     
         541   8.2178676761395568     
         542   8.2178676761395568     
         543   8.2516851005934999     
         544   8.2454794676384306     
         545   8.2227750138619982     
         546   8.2152167756856258     
         547   8.2239271108095302     
         548   8.2352600922408890     
         549   8.2352600922408890     
         550   8.2215771101431212     
         551   8.2215771101431212     
         552   8.1845209890453550     
         553   8.2206613624853659     
         554   8.2151321733306624     
         555   8.2151321733306624     
         556   8.2151321733306624     
         557   8.2171771871485202     
         558   8.2171771871485202     
         559   8.2171771871485202     
         560   8.1854168778057428     
         561   8.2262030836176869     
         562   8.2309662550376874     
         563   8.2309662550376874     
         564   8.2309662550376874     
         565   8.2119356456215193     
         566   8.2119356456215193     
         567   8.2096512775097832     
         568   8.2096512775097832     
         569   8.1947392477899292     
         570   8.2004213216131312     
         571   8.2004213216131312     
         572   8.2349384503466201     
         573   8.2186763681699304     
         574   8.2186763681699304     
         575   8.2307295088635914     
         576   8.1928188828186830     
         577   8.1985162859133194     
         578   8.2261744549091169     
         579   8.2261744549091169     
         580   8.2197020256245477     
         581   8.2197020256245477     
         582   8.1838414463697369     
         583   8.2139951764078436     
         584   8.2101366223365257     
         585   8.2019105747007472     
         586   8.2126967699282574     
         587   8.2117772991966493     
         588   8.2117772991966493     
         589   8.1884816079099281     
         590   8.1811429347440097     
         591   8.1811429347440097     
         592   8.1811429347440097     
         593   8.1811429347440097     
         594   8.1823969208206062     
         595   8.1717756499056637     
         596   8.1717756499056637     
         597   8.1850709251161469     
         598   8.2238850515827728     
         599   8.2238850515827728     
         600   8.2275587360207751     
         601   8.1939697814725641     
         602   8.2244433818484683     
         603   8.2285826971218725     
         604   8.2295029025130884     
         605   8.2295863996684044     
         606   8.1950042947785811     
         607   8.1950042947785811     
         608   8.2273218412046170     
         609   8.1999391132391626     
         610   8.2072990252677229     
         611   8.2072990252677229     
         612   8.2184229698358671     
         613   8.2184229698358671     
         614   8.2184229698358671     
         615   8.1784567472242191     
         616   8.2130434391775999     
         617   8.2055258186281073     
         618   8.2055258186281073     
         619   8.1889708046746890     
         620   8.1646713594907929     
         621   8.1591523385110030     
         622   8.1591523385110030     
         623   8.1431360153351005     
         624   8.1431360153351005     
         625   8.1760536914021245     
         626   8.1760536914021245     
         627   8.1760536914021245     
         628   8.1760536914021245     
         629   8.1760536914021245     
         630   8.1695961656758396     
         631   8.1695961656758396     
         632   8.1584339765819873     
         633   8.1511457229571835     
         634   8.1511457229571835     
         635   8.1511457229571835     
         636   8.1848383035563721     
         637   8.1848383035563721     
         638   8.1848383035563721     
         639   8.1858127711700561     
         640   8.1858127711700561     
         641   8.1651914863367683     
         642   8.1651914863367683     
         643   8.1833475194493577     
         644   8.1833475194493577     
         645   8.1889869079144386     
         646   8.1889869079144386     
         647   8.1866936798218504     
         648   8.1866936798218504     
         649   8.1866936798218504     
         650   8.1832560763951321     
         651   8.1849533547587043     
         652   8.1984284329405170     
         653   8.1755080865828447     
         654   8.1626035258063094     
         655   8.1702473023847482     
         656   8.1991781755798403     
         657   8.1687191357196003     
         658   8.1508157017531229     
         659   8.1508157017531229     
         660   8.1840907254695185     
         661   8.1840907254695185     
         662   8.1615153602650530     
         663   8.1902779735805904     
         664   8.1601493091264867     
         665   8.1601493091264867     
         666   8.1725200829331826     
         667   8.1919584488301496     
         668   8.1792814365643558     
         669   8.1792814365643558     
         670   8.1792814365643558     
         671   8.1792814365643558     
         672   8.1654796614309273     
         673   8.1977513600200567     
         674   8.1977513600200567     
         675   8.1847939455646816     
         676   8.1682433693902077     
         677   8.1977170407900122     
         678   8.1873414452045328     
         679   8.1873414452045328     
         680   8.2157123158565568     
         681   8.2157123158565568     
         682   8.1761408534783371     
         683   8.1720099055190225     
         684   8.1751442985999603     
         685   8.1751442985999603     
         686   8.1751442985999603     
         687   8.1812172801895855     
         688   8.1812172801895855     
         689   8.1632242016629402     
         690   8.1632242016629402     
         691   8.1880788067407995     
         692   8.1880788067407995     
         693   8.1880788067407995     
         694   8.1804123375315729     
         695   8.1673530352730079     
         696   8.1647761148516071     
         697   8.1818751186883851     
         698   8.1797842311244349     
         699   8.1797842311244349     
         700   8.1777733609854657     
         701   8.2073640861885462     
         702   8.1750622843438396     
         703   8.2024665253571651     
         704   8.2024665253571651     
         705   8.1705271137605084     
         706   8.1738946728297481     
         707   8.1642735583739832     
         708   8.1835623817123970     
         709   8.1835623817123970     
         710   8.2040989657049685     
         711   8.2040989657049685     
         712   8.1709873634991261     
         713   8.1998189384288533     
         714   8.1747415232717966     
         715   8.1747415232717966     
         716   8.1906375918709706     
         717   8.1936751119615963     
         718   8.1936751119615963     
         719   8.1702866745333651     
         720   8.1702866745333651     
         721   8.1916427047538107     
         722   8.2027681720745118     
         723   8.1832687346476529     
         724   8.2307317238905320     
         725   8.2307317238905320     
         726   8.2043157221359078     
         727   8.2007723569581081     
         728   8.2007723569581081     
         729   8.1809131381978126     
         730   8.1899409040732021     
         731   8.2210124949497576     
         732   8.2209227339055762     
         733   8.2209227339055762     
         734   8.2193790024590179     
         735   8.2096018134730109     
         736   8.2189108527923942     
         737   8.1832509169220486     
         738   8.1927991710086214     
         739   8.1927991710086214     
         740   8.1927991710086214     
         741   8.1883487658325933     
         742   8.1883487658325933     
         743   8.1963431490923373     
         744   8.1963431490923373     
         745   8.1963431490923373     
         746   8.2373894069770035     
         747   8.2280081401121912     
         748   8.2280081401121912     
         749   8.2280081401121912     
         750   8.2280081401121912     
         751   8.2304613642562554     
         752   8.2304613642562554     
         753   8.2164608587703061     
         754   8.1992389685870712     
         755   8.1992389685870712     
         756   8.2127109554732467     
         757   8.2194048571641698     
         758   8.2194048571641698     
         759   8.2194048571641698     
         760   8.2319105842124021     
         761   8.2141252505999720     
         762   8.2216741981615513     
         763   8.2216741981615513     
         764   8.2069038913793602     
         765   8.2069038913793602     
         766   8.2069038913793602     
         767   8.2069038913793602     
         768   8.2069038913793602     
         769   8.1813053471196735     
         770   8.1871986601022115     
         771   8.2178660942937540     
         772   8.2178660942937540     
         773   8.2029256607270913     
         774   8.2029256607270913     
         775   8.2436674260654943     
         776   8.2466475877858585     
         777   8.2226475222297566     
         778   8.2146619811357073     
         779   8.2368205500848664     
         780   8.2149743214821793     
         781   8.2514595620138387     
         782   8.2401509981330783     
         783   8.2401509981330783     
         784   8.2318984624535307     
         785   8.2172166803896456     
         786   8.2108756465608241     
         787   8.2103096287709203     
         788   8.2103096287709203     
         789   8.2103096287709203     
         790   8.2103096287709203     
         791   8.2230402943728826     
         792   8.2230402943728826     
         793   8.2230402943728826     
         794   8.2494359076933446     
         795   8.1913857518117066     
         796   8.1886677323887760     
         797   8.1890505687359791     
         798   8.2173062443023515     
         799   8.2331718507696312     
         800   8.2383309011094639     
         801   8.2198739766474773     
         802   8.2198739766474773     
         803   8.2185097372325533     
         804   8.2215521318909204     
         805   8.2215521318909204     
         806   8.2362788861039729     
         807   8.2362788861039729     
         808   8.2362788861039729     
         809   8.2362788861039729     
         810   8.2245123573245120     
         811   8.2245123573245120     
         812   8.1785842341294401     
         813   8.2015298447424705     
         814   8.2056936852260289     
         815   8.2056936852260289     
         816   8.1801630176064215     
         817   8.2174259716919700     
         818   8.2238337115631026     
         819   8.1893238184742021     
         820   8.1979980353635380     
         821   8.1979980353635380     
         822   8.1979980353635380     
         823   8.1979980353635380     
         824   8.1979980353635380     
         825   8.2396275152970713     
         826   8.2211353709545190     
         827   8.2150354581689857     
         828   8.2087088611752641     
         829   8.1955863559987137     
         830   8.1955863559987137     
         831   8.1961787196800309     
         832   8.2182618246917496     
         833   8.2314562046351512     
         834   8.2314562046351512     
         835   8.2346597967844009     
         836   8.2085880624231340     
         837   8.2085880624231340     
         838   8.2085880624231340     
         839   8.2043483687842933     
         840   8.2061939538981363     
         841   8.1995025554606702     
         842   8.2096558768468988     
         843   8.2170631956649185     
         844   8.2170631956649185     
         845   8.2055808794034384     
         846   8.2071876298066275     
         847   8.2071876298066275     
         848   8.1945336448966852     
         849   8.1945336448966852     
         850   8.2131569242216553     
         851   8.2095199502236991     
         852   8.2310383083655640     
         853   8.2310383083655640     
         854   8.2347500030961776     
         855   8.2165553014690484     
         856   8.2098059087022364     
         857   8.2248711495491449     
         858   8.2248711495491449     
         859   8.2229867135812995     
         860   8.2229867135812995     
         861   8.2229867135812995     
         862   8.2229867135812995     
         863   8.2229867135812995     
         864   8.2229867135812995     
         865   8.2229867135812995     
         866   8.2369776290530847     
         867   8.1851395691187214     
         868   8.1851395691187214     
         869   8.1851395691187214     
         870   8.1658419783329972     
         871   8.2001542287578459     
         872   8.2154246406580889     
         873   8.1792502344123807     
         874   8.1871777445044103     
         875   8.1871777445044103     
         876   8.1872355400396604     
         877   8.2094987874279468     
         878   8.1846038707359696     
         879   8.1787150146457428     
         880   8.1813183231255504     
         881   8.1813183231255504     
         882   8.1907777948541316     
         883   8.1907777948541316     
         884   8.1907777948541316     
         885   8.1763419910737785     
         886   8.1968645243152913     
         887   8.2010812337776606     
         888   8.2010812337776606     
         889   8.2010812337776606     
         890   8.2010812337776606     
         891   8.2010812337776606     
         892   8.2010812337776606     
         893   8.2068802522307784     
         894   8.2068802522307784     
         895   8.2117856466911157     
         896   8.2293570880894933     
         897   8.1938639891537708     
         898   8.2126123193270359     
         899   8.1839056726635668     
         900   8.1839056726635668     
         901   8.1945067470761099     
         902   8.1962602578158350     
         903   8.1962602578158350     
         904   8.1962602578158350     
         905   8.1872874315527877     
         906   8.2211333955755990     
         907   8.2211333955755990     
         908   8.1999108594495809     
         909   8.1999108594495809     
         910   8.1999108594495809     
         911   8.2294075473657582     
         912   8.2039547319659700     
         913   8.1816238387700331     
         914   8.1816238387700331     
         915   8.1801984147582107     
         916   8.2022717030758265     
         917   8.2022717030758265     
         918   8.2022717030758265     
         919   8.1850541562700130     
         920   8.1650377690172267     
         921   8.2043082025119762     
         922   8.2095628195321968     
         923   8.1847804853972637     
         924   8.1936864806062193     
         925   8.1798567224546783     
         926   8.1740009277279722     
         927   8.1740009277279722     
         928   8.2290083690305895     
         929   8.2290083690305895     
         930   8.2290083690305895     
         931   8.2100552148508754     
         932   8.2286058546931766     
         933   8.2272821879498519     
         934   8.2272821879498519     
         935   8.2272821879498519     
         936   8.2272821879498519     
         937   8.1984520496404478     
         938   8.1984520496404478     
         939   8.1984520496404478     
         940   8.1984520496404478     
         941   8.1984520496404478     
         942   8.1869439326473703     
         943   8.1869439326473703     
         944   8.1877111346391001     
         945   8.1877111346391001     
         946   8.1762168813186271     
         947   8.1893470077278234     
         948   8.2085465748421758     
         949   8.2085465748421758     
         950   8.1971681146028850     
         951   8.1936534586068337     
         952   8.2044283826470306     
         953   8.2044283826470306     
         954   8.2044283826470306     
         955   8.2044283826470306     
         956   8.2249710612170297     
         957   8.2073843062892511     
         958   8.2073843062892511     
         959   8.2073843062892511     
         960   8.2073843062892511     
         961   8.1908344574387861     
         962   8.2313240134888908     
         963   8.2313240134888908     
         964   8.2228649795012476     
         965   8.2228649795012476     
         966   8.2228649795012476     
         967   8.1957536882242294     
         968   8.1957536882242294     
         969   8.1957536882242294     
         970   8.2141367846760165     
         971   8.1808785327944218     
         972   8.1808785327944218     
         973   8.1808785327944218     
         974   8.1885969100186049     
         975   8.1984731038861050     
         976   8.2399764693835600     
         977   8.2341985371423689     
         978   8.2202493889066020     
         979   8.2085413017483422     
         980   8.2141012815604810     
         981   8.2141012815604810     
         982   8.2141012815604810     
         983   8.2148258477760443     
         984   8.2154144110171483     
         985   8.2095294134171226     
         986   8.2138553624490704     
         987   8.2138553624490704     
         988   8.2196422963005009     
         989   8.2152865600301919     
         990   8.2152865600301919     
         991   8.2391741014425754     
         992   8.2192172850760823     
         993   8.2164907064047625     
         994   8.2328053794529481     
         995   8.2177449775704972     
         996   8.2177449775704972     
         997   8.2110149391823537     
         998   8.2125325624095620     
         999   8.2129154097034220     
        1000   8.2129154097034220     
        1001   8.2090691758905745     
        1002   8.2053686221514432     
        1003   8.2005298024015065     
        1004   8.2005298024015065     
        1005   8.1994693934868170     
        1006   8.1994693934868170     
        1007   8.2271505678152526     
        1008   8.2271505678152526     
        1009   8.2215748282847709     
        1010   8.2215748282847709     
        1011   8.2371171109238279     
        1012   8.2126709825755526     
        1013   8.2198409704803570     
        1014   8.2409277339346225     
        1015   8.2409277339346225     
        1016   8.2369013921184155     
        1017   8.2219492615136041     
        1018   8.2233297533618277     
        1019   8.2233297533618277     
        1020   8.1843173608342177     
        1021   8.2262179796590598     
        1022   8.2262179796590598     
        1023   8.2262179796590598     
        1024   8.2262179796590598     
        1025   8.2262179796590598     
        1026   8.2262179796590598     
        1027   8.2265746768405208     
        1028   8.2348620797126770     
        1029   8.2098159098134129     
        1030   8.2098159098134129     
        1031   8.2098159098134129     
        1032   8.2098159098134129     
        1033   8.2098159098134129     
        1034   8.2217187721170593     
        1035   8.2217187721170593     
        1036   8.2217187721170593     
        1037   8.2217187721170593     
        1038   8.1694246149222032     
        1039   8.1694246149222032     
        1040   8.2216172647706678     
        1041   8.2216172647706678     
        1042   8.2216172647706678     
        1043   8.2216172647706678     
        1044   8.2216172647706678     
        1045   8.2561585872025720     
        1046   8.2493881593672516     
        1047   8.2031508235387580     
        1048   8.2189597285422415     
        1049   8.2189597285422415     
        1050   8.2189597285422415     
        1051   8.2205678134004927     
        1052   8.2205678134004927     
        1053   8.2268134964767530     
        1054   8.2056337595386477     
        1055   8.2056337595386477     
        1056   8.2056337595386477     
        1057   8.2056337595386477     
        1058   8.2012662797676921     
        1059   8.1870341246033913     
        1060   8.2153513449429862     
        1061   8.2153513449429862     
        1062   8.2153513449429862     
        1063   8.2177755657770817     
        1064   8.2076206741594753     
        1065   8.2117999298394082     
        1066   8.1931877928285406     
        1067   8.1931877928285406     
        1068   8.1947968641137034     
        1069   8.1947968641137034     
        1070   8.2072885753629308     
        1071   8.1939684153921597     
        1072   8.1755208737252474     
        1073   8.1810487933217235     
        1074   8.1841245187071809     
        1075   8.1797444997834639     
        1076   8.2140208333870302     
        1077   8.1834558943736333     
        1078   8.1959103393578214     
        1079   8.1959103393578214     
        1080   8.1976466942326205     
        1081   8.1976466942326205     
        1082   8.2053999735414980     
        1083   8.2053999735414980     
        1084   8.2053999735414980     
        1085   8.2053999735414980     
        1086   8.2053999735414980     
        1087   8.2302914075374183     
        1088   8.2101531248185129     
        1089   8.2002683717236273     
        1090   8.1914024192079413     
        1091   8.2091609715024099     
        1092   8.1706617320056036     
        1093   8.1809215076181818     
        1094   8.1905077158899307     
        1095   8.1905077158899307     
        1096   8.1905077158899307     
        1097   8.1905077158899307     
        1098   8.2164425763369291     
        1099   8.2164425763369291     
        1100   8.2181970342283055     
        1101   8.2181970342283055     
        1102   8.2042910238932194     
        1103   8.2042910238932194     
        1104   8.2111883994069110     
        1105   8.2111883994069110     
        1106   8.2111883994069110     
        1107   8.1839831735828596     
        1108   8.2285020168634393     
        1109   8.2392718430233476     
        1110   8.2127955250647080     
        1111   8.2350096243251549     
        1112   8.1936048065526137     
        1113   8.1936048065526137     
        1114   8.2121741918774465     
        1115   8.2121741918774465     
        1116   8.2074162437734852     
        1117   8.2209604413669481     
        1118   8.2209604413669481     
        1119   8.1945533179511099     
        1120   8.1867586631449605     
        1121   8.1789445390788131     
        1122   8.2362120424892407     
        1123   8.2244884749369902     
        1124   8.2296341746425750     
        1125   8.2094337164144768     
        1126   8.2094337164144768     
        1127   8.2018151849674972     
        1128   8.2018151849674972     
        1129   8.2123434712307706     
        1130   8.2123434712307706     
        1131   8.2123434712307706     
        1132   8.2374825935680978     
        1133   8.2147219426503728     
        1134   8.2082675246342340     
        1135   8.1819788323473581     
        1136   8.1819788323473581     
        1137   8.2099927119780585     
        1138   8.1882821224176023     
        1139   8.1928655161976049     
        1140   8.2321098757718190     
        1141   8.2321098757718190     
        1142   8.2321098757718190     
        1143   8.2199175928528874     
        1144   8.2184940968105558     
        1145   8.2103166901243387     
        1146   8.2103166901243387     
        1147   8.2066792808691833     
        1148   8.1999311370970673     
        1149   8.1999311370970673     
        1150   8.2006250643736625     
        1151   8.1757910859261713     
        1152   8.1808005752507533     
        1153   8.1808005752507533     
        1154   8.1808005752507533     
        1155   8.2062542344116931     
        1156   8.2250506927472671     
        1157   8.2250506927472671     
        1158   8.1883014087427455     
        1159   8.2026679398436571     
        1160   8.2016742664467408     
        1161   8.1998661691001740     
        1162   8.1998661691001740     
        1163   8.1998661691001740     
        1164   8.1998661691001740     
        1165   8.2247076241456174     
        1166   8.1923377578805052     
        1167   8.1923377578805052     
        1168   8.1923377578805052     
        1169   8.1923377578805052     
        1170   8.2048172282126899     
        1171   8.1767452317002522     
        1172   8.1823832204874325     
        1173   8.1841308595804634     
        1174   8.1899399834776219     
        1175   8.1899399834776219     
        1176   8.1899399834776219     
        1177   8.1917456965328714     
        1178   8.1917456965328714     
        1179   8.1993926029558786     
        1180   8.2197523275221691     
        1181   8.2243809569059287     
        1182   8.2243809569059287     
        1183   8.2141179333778922     
        1184   8.2114354581692606     
        1185   8.1979863801247586     
        1186   8.1979863801247586     
        1187   8.1979863801247586     
        1188   8.1980624367169828     
        1189   8.1857702266116164     
        1190   8.1857702266116164     
        1191   8.1863305226738348     
        1192   8.2237204779951174     
        1193   8.2079150996887087     
        1194   8.2259179731046075     
        1195   8.2289267594679938     
        1196   8.2289267594679938     
        1197   8.2009141345553243     
        1198   8.2009141345553243     
        1199   8.2126501569502821     
        1200   8.2063064168577426     
        1201   8.2063064168577426     
        1202   8.2003754621520315     
        1203   8.1690693275801447     
        1204   8.2074070711642975     
        1205   8.2074070711642975     
        1206   8.1682246214445762     
        1207   8.1682246214445762     
        1208   8.1912473830985189     
        1209   8.2253874635437239     
        1210   8.2253874635437239     
        1211   8.2253874635437239     
        1212   8.1976491919982006     
        1213   8.1976491919982006     
        1214   8.1976491919982006     
        1215   8.1725215816363921     
        1216   8.1682971351821614     
        1217   8.1682971351821614     
        1218   8.2044703739847229     
        1219   8.1990169269449087     
        1220   8.1866441164583481     
        1221   8.2167765819221952     
        1222   8.2167765819221952     
        1223   8.2167765819221952     
        1224   8.2381250506270600     
        1225   8.2381250506270600     
        1226   8.2065322502096745     
        1227   8.2172270534460914     
        1228   8.2172270534460914     
        1229   8.1877821138729896     
        1230   8.1877821138729896     
        1231   8.1914710214225082     
        1232   8.2139742541082850     
        1233   8.2139742541082850     
        1234   8.2139742541082850     
        1235   8.2024645928826896     
        1236   8.2447359004391636     
        1237   8.2447359004391636     
        1238   8.2447359004391636     
        1239   8.2447359004391636     
        1240   8.2348802134531756     
        1241   8.2290684942988257     
        1242   8.2290684942988257     
        1243   8.2399049396248163     
        1244   8.2004920391555807     
        1245   8.2004920391555807     
        1246   8.1764965750971719     
        1247   8.2016804012239550     
        1248   8.2016804012239550     
        1249   8.1995126006104861     
        1250   8.2082763612078882     
        1251   8.2059779632270029     
        1252   8.2002940868694747     
        1253   8.1939615525875968     
        1254   8.1902334937425856     
        1255   8.1902334937425856     
        1256   8.2072999509865792     
        1257   8.1907028435402296     
        1258   8.1907028435402296     
        1259   8.1907028435402296     
        1260   8.2230521081291350     
        1261   8.2097304475498749     
        1262   8.2097304475498749     
        1263   8.1928378649986584     
        1264   8.1974198790535908     
        1265   8.1974198790535908     
        1266   8.1783219286955635     
        1267   8.2019075911510360     
        1268   8.1918619537785435     
        1269   8.1918619537785435     
        1270   8.1918619537785435     
        1271   8.2045955670415704     
        1272   8.1962748507205720     
        1273   8.1962748507205720     
        1274   8.1740121874131173     
        1275   8.1753659058320327     
        1276   8.1753659058320327     
        1277   8.1838581527090337     
        1278   8.1838581527090337     
        1279   8.1913085898938522     
        1280   8.1703459240989424     
        1281   8.1778445085938607     
        1282   8.1778445085938607     
        1283   8.1789790510639797     
        1284   8.2055008021356191     
        1285   8.1932771888124574     
        1286   8.1719800602116912     
        1287   8.2083712855650539     
        1288   8.2083712855650539     
        1289   8.2083712855650539     
        1290   8.1912048808353735     
        1291   8.1767840153876676     
        1292   8.2146418495951004     
        1293   8.2146418495951004     
        1294   8.2056449203324391     
        1295   8.2056449203324391     
        1296   8.2326340465553987     
        1297   8.2413451801011917     
        1298   8.2322802582976404     
        1299   8.2322802582976404     
        1300   8.2143993622631868     
        1301   8.2027214349986082     
        1302   8.2027214349986082     
        1303   8.2027214349986082     
        1304   8.2083376370723204     
        1305   8.2083376370723204     
        1306   8.1888315825905433     
        1307   8.1944775329556592     
        1308   8.1778626400462731     
        1309   8.1778626400462731     
        1310   8.2360018867205422     
        1311   8.2360018867205422     
        1312   8.1956958298955005     
        1313   8.2116147404155022     
        1314   8.1795152235718103     
        1315   8.1791785202981231     
        1316   8.2159722772583539     
        1317   8.2159722772583539     
        1318   8.2379732674581181     
        1319   8.2350125649958077     
        1320   8.2252245751495128     
        1321   8.2093565566431970     
        1322   8.2491444448758617     
        1323   8.2608240276532321     
        1324   8.2645338817068357     
        1325   8.2213261506955693     
        1326   8.2131696907370486     
        1327   8.2346725201475781     
        1328   8.2134850798927612     
        1329   8.2134850798927612     
        1330   8.2193099957049149     
        1331   8.2124080076368262     
        1332   8.2067575351871742     
        1333   8.2067575351871742     
        1334   8.2208003244615337     
        1335   8.2208003244615337     
        1336   8.2112715414503494     
        1337   8.2112715414503494     
        1338   8.1957947615946907     
        1339   8.2060943257406294     
        1340   8.2060943257406294     
        1341   8.2248212169893868     
        1342   8.2078279881264820     
        1343   8.2078279881264820     
        1344   8.2078279881264820     
        1345   8.2096005333399766     
        1346   8.1984014617516134     
        1347   8.1984014617516134     
        1348   8.2035517899833685     
        1349   8.2037905197569678     
        1350   8.1880542351919825     
        1351   8.2218953302922220     
        1352   8.2218953302922220     
        1353   8.2090958844514379     
        1354   8.2007158959968596     
        1355   8.2021933421354305     
        1356   8.2509789547255377     
        1357   8.2318385233296354     
        1358   8.2318385233296354     
        1359   8.2318385233296354     
        1360   8.2457864669911451     
        1361   8.1909052039155199     
        1362   8.1867515966010256     
        1363   8.1867515966010256     
        1364   8.2304086543875830     
        1365   8.2142884359266066     
        1366   8.2057394376586910     
        1367   8.2382058991530709     
        1368   8.2184308138747770     
        1369   8.2287993191439526     
        1370   8.2287993191439526     
        1371   8.1738325511096654     
        1372   8.1738325511096654     
        1373   8.1738325511096654     
        1374   8.2278195631781070     
        1375   8.2030602363467260     
        1376   8.2175590282627589     
        1377   8.2052976535219440     
        1378   8.2302400815360119     
        1379   8.2220385157221152     
        1380   8.2128402360976551     
        1381   8.2101174962191088     
        1382   8.2101174962191088     
        1383   8.1947586722016226     
        1384   8.1947586722016226     
        1385   8.1947586722016226     
        1386   8.1947586722016226     
        1387   8.2217249745811394     
        1388   8.2217249745811394     
        1389   8.2217249745811394     
        1390   8.2119224234095842     
        1391   8.2119224234095842     
        1392   8.2074194622186383     
        1393   8.2028050986041379     
        1394   8.1941923324935999     
        1395   8.2080589603806420     
        1396   8.2080589603806420     
        1397   8.1788403240924410     
        1398   8.2148874400786340     
        1399   8.2208269854513958     
        1400   8.2498210782623431     
        1401   8.2577154382701057     
        1402   8.2384266611179733     
        1403   8.2000798106636772     
        1404   8.2240306691004310     
        1405   8.2099653088220865     
        1406   8.2050459445459971     
        1407   8.1950430817332816     
        1408   8.2276032822509055     
        1409   8.2276032822509055     
        1410   8.1994582954998290     
        1411   8.1994582954998290     
        1412   8.1994582954998290     
        1413   8.1994582954998290     
        1414   8.2158928110153884     
        1415   8.2211282057514694     
        1416   8.2043413972372790     
        1417   8.2241785311738873     
        1418   8.2267546708057484     
        1419   8.2267546708057484     
        1420   8.2255178319813993     
        1421   8.2366908554723981     
        1422   8.2366908554723981     
        1423   8.2240656339044254     
        1424   8.2240656339044254     
        1425   8.2023272728485459     
        1426   8.1938062515640695     
        1427   8.1835322516925544     
        1428   8.1960874953442993     
        1429   8.2268013354051934     
        1430   8.2286888760549335     
        1431   8.2286888760549335     
        1432   8.2141909438021763     
        1433   8.2181269979243741     
        1434   8.2176026372970554     
        1435   8.2176026372970554     
        1436   8.2314880491814826     
        1437   8.2658141313552509     
        1438   8.2658141313552509     
        1439   8.1992081237396874     
        1440   8.2242333267656864     
        1441   8.2313157734235087     
        1442   8.2313157734235087     
        1443   8.2325031721850674     
        1444   8.2253025675977156     
        1445   8.2659187859699443     
        1446   8.2590690392077644     
        1447   8.2310838358762712     
        1448   8.2153149979038513     
        1449   8.2153149979038513     
        1450   8.2356541540572739     
        1451   8.2356541540572739     
        1452   8.2373010553787740     
        1453   8.2373010553787740     
        1454   8.2022015766742822     
        1455   8.2022015766742822     
        1456   8.2281087934813311     
        1457   8.2285832925398701     
        1458   8.1983070430451388     
        1459   8.1983070430451388     
        1460   8.1893418395871933     
        1461   8.2010477649397071     
        1462   8.2203736462923196     
        1463   8.2203736462923196     
        1464   8.2203736462923196     
        1465   8.2203736462923196     
        1466   8.2203736462923196     
        1467   8.2023318479057910     
        1468   8.2124792984151913     
        1469   8.2102473642447471     
        1470   8.2006853151643977     
        1471   8.2006853151643977     
        1472   8.2006853151643977     
        1473   8.1913791323132585     
        1474   8.1972482754001934     
        1475   8.1972482754001934     
        1476   8.1972482754001934     
        1477   8.2144383283812807     
        1478   8.2144383283812807     
        1479   8.2144383283812807     
        1480   8.2144383283812807     
        1481   8.2144383283812807     
        1482   8.2070723148882596     
        1483   8.2070723148882596     
        1484   8.2074081008298823     
        1485   8.2074081008298823     
        1486   8.2163510589722506     
        1487   8.1780940770563202     
        1488   8.1805162112529253     
        1489   8.1805162112529253     
        1490   8.1805162112529253     
        1491   8.1980113235807384     
        1492   8.1980113235807384     
        1493   8.1980113235807384     
        1494   8.1980113235807384     
        1495   8.2114973427645257     
        1496   8.2114973427645257     
        1497   8.2499990732640622     
        1498   8.2181297625479299     
        1499   8.2134015244565379     
        1500   8.2134015244565379     
        1501   8.2165999443455675     
        1502   8.2165999443455675     
        1503   8.2165999443455675     
        1504   8.2261822323962406     
        1505   8.2410101183858160     
        1506   8.2401914367767635     
        1507   8.2546229354788156     
        1508   8.2406244026825330     
        1509   8.2082528862630859     
        1510   8.2151068948406731     
        1511   8.2151068948406731     
        1512   8.1861674091224579     
        1513   8.2040213496741057     
        1514   8.1891066516494284     
        1515   8.1891066516494284     
        1516   8.1891066516494284     
        1517   8.2084524245665591     
        1518   8.2037194584639703     
        1519   8.2170850119174865     
        1520   8.2170850119174865     
        1521   8.1938425822605279     
        1522   8.2317117619047320     
        1523   8.2343679362172129     
        1524   8.2453436096535242     
        1525   8.2226497069417910     
        1526   8.1806413641472293     
        1527   8.1806413641472293     
        1528   8.2018901719377304     
        1529   8.2061926397924978     
        1530   8.2061926397924978     
        1531   8.2251005349782371     
        1532   8.1907208619614575     
        1533   8.2000275012708439     
        1534   8.1947288075109537     
        1535   8.1947288075109537     
        1536   8.1947288075109537     
        1537   8.2043291239273497     
        1538   8.2201818940409677     
        1539   8.1902284807178631     
        1540   8.1902284807178631     
        1541   8.2079457788986137     
        1542   8.1908639566529775     
        1543   8.1908639566529775     
        1544   8.1908639566529775     
        1545   8.2050350276943878     
        1546   8.2050350276943878     
        1547   8.1860507493557169     
        1548   8.1952310806361020     
        1549   8.1968062000667441     
        1550   8.1968062000667441     
        1551   8.1968062000667441     
        1552   8.2004953789582018     
        1553   8.2000861888539891     
        1554   8.2000861888539891     
        1555   8.1671018337668038     
        1556   8.1671018337668038     
        1557   8.1671018337668038     
        1558   8.1995711324053779     
        1559   8.1995711324053779     
        1560   8.1995711324053779     
        1561   8.1995711324053779     
        1562   8.2084994846143768     
        1563   8.2050767742591528     
        1564   8.2050767742591528     
        1565   8.1999369057972995     
        1566   8.2134487378459689     
        1567   8.2123682675902199     
        1568   8.2017285747325701     
        1569   8.2017285747325701     
        1570   8.1855407082111267     
        1571   8.2292339918575710     
        1572   8.1955843970394309     
        1573   8.2560200542789808     
        1574   8.2495250787339991     
        1575   8.1886938693063840     
        1576   8.1990243072723619     
        1577   8.2153860928196583     
        1578   8.2153860928196583     
        1579   8.2153860928196583     
        1580   8.2129707600599513     
        1581   8.2129707600599513     
        1582   8.2035469868412552     
        1583   8.2035469868412552     
        1584   8.1840105870098849     
        1585   8.1840105870098849     
        1586   8.2210930618589160     
        1587   8.1905562646942247     
        1588   8.1921639188559183     
        1589   8.2122864122108723     
        1590   8.1819868336571417     
        1591   8.2095460509680152     
        1592   8.2206766339520883     
        1593   8.1945290079041317     
        1594   8.2002524797789675     
        1595   8.2002524797789675     
        1596   8.2002524797789675     
        1597   8.2237555538657325     
        1598   8.2237555538657325     
        1599   8.1891132649206089     
        1600   8.1891132649206089     
        1601   8.1555346188079945     
        1602   8.1555346188079945     
        1603   8.1605162576166972     
        1604   8.1605162576166972     
        1605   8.1912780214342078     
        1606   8.1912780214342078     
        1607   8.1912780214342078     
        1608   8.1718648655377777     
        1609   8.1459254375093835     
        1610   8.1459254375093835     
        1611   8.1657182113659328     
        1612   8.1827441733586852     
        1613   8.1827441733586852     
        1614   8.1827441733586852     
        1615   8.1810434693976646     
        1616   8.1607337065625245     
        1617   8.1607337065625245     
        1618   8.1607337065625245     
        1619   8.1607337065625245     
        1620   8.1936539280027922     
        1621   8.1963538590482905     
        1622   8.2002934179534979     
        1623   8.1999399091122704     
        1624   8.1952255455127840     
        1625   8.1979771269574488     
        1626   8.1979771269574488     
        1627   8.1979771269574488     
        1628   8.1899550171721689     
        1629   8.1899550171721689     
        1630   8.1899550171721689     
        1631   8.1899550171721689     
        1632   8.1899550171721689     
        1633   8.1906469428192761     
        1634   8.1910141160523473     
        1635   8.1910141160523473     
        1636   8.1910141160523473     
        1637   8.1817820589830870     
        1638   8.1817820589830870     
        1639   8.1786556090296454     
        1640   8.1786556090296454     
        1641   8.2077453729021403     
        1642   8.1831338420609132     
        1643   8.1995498938141420     
        1644   8.1995498938141420     
        1645   8.1995498938141420     
        1646   8.1996780687177839     
        1647   8.2225095534749002     
        1648   8.2225095534749002     
        1649   8.2102778821433890     
        1650   8.2034164914311383     
        1651   8.1855231576747993     
        1652   8.1762314099593425     
        1653   8.1762314099593425     
        1654   8.1669960817696818     
        1655   8.1474882116545686     
        1656   8.2096240166099417     
        1657   8.2096240166099417     
        1658   8.1961968414400435     
        1659   8.2002734747764219     
        1660   8.2002734747764219     
        1661   8.2002734747764219     
        1662   8.1784993328466822     
        1663   8.1785322380218712     
        1664   8.1964787014586484     
        1665   8.1898097353490584     
        1666   8.2107705142178808     
        1667   8.2103054378709324     
        1668   8.2103054378709324     
        1669   8.2103054378709324     
        1670   8.1946999335663389     
        1671   8.1759928041807051     
        1672   8.1759928041807051     
        1673   8.1759928041807051     
        1674   8.1759928041807051     
        1675   8.1640443849778315     
        1676   8.1869828750885620     
        1677   8.1847781398456263     
        1678   8.1617674592060823     
        1679   8.1617674592060823     
        1680   8.1868303503911779     
        1681   8.1781551597481350     
        1682   8.1781551597481350     
        1683   8.1781551597481350     
        1684   8.1824412781579916     
        1685   8.1795335799039020     
        1686   8.2038625498404514     
        1687   8.2038625498404514     
        1688   8.1918038376236684     
        1689   8.1918038376236684     
        1690   8.1918038376236684     
        1691   8.1487901701892334     
        1692   8.1487901701892334     
        1693   8.2132143141505729     
        1694   8.1908087571838770     
        1695   8.1908087571838770     
        1696   8.1835788011032111     
        1697   8.1835788011032111     
        1698   8.1345955072060150     
        1699   8.1484669791978224     
        1700   8.1829725567893856     
        1701   8.1748518942425097     
        1702   8.1660803073608932     
        1703   8.1988154298200389     
        1704   8.1988154298200389     
        1705   8.1481634976946218     
        1706   8.1481634976946218     
        1707   8.1842724304897985     
        1708   8.1842724304897985     
        1709   8.1372977657479915     
        1710   8.1776820640499448     
        1711   8.1756162754130823     
        1712   8.1824298593508829     
        1713   8.1966281167100927     
        1714   8.2056303136731810     
        1715   8.2056303136731810     
        1716   8.1994254261114410     
        1717   8.1994254261114410     
        1718   8.1646809266305240     
        1719   8.1876581710037737     
        1720   8.1491498198359373     
        1721   8.1731801992310658     
        1722   8.1731801992310658     
        1723   8.1709481858836206     
        1724   8.1540585066817304     
        1725   8.1718135355717365     
        1726   8.1718135355717365     
        1727   8.1749796623024871     
        1728   8.1901464147463816     
        1729   8.1901464147463816     
        1730   8.1949334122046515     
        1731   8.1963630872815436     
        1732   8.1963630872815436     
        1733   8.1963630872815436     
        1734   8.1822481513315726     
        1735   8.1809701277544082     
        1736   8.1921259534373956     
        1737   8.1921259534373956     
        1738   8.1867066301008844     
        1739   8.1714715175589419     
        1740   8.1714715175589419     
        1741   8.2134012556933786     
        1742   8.2134012556933786     
        1743   8.1871857862461539     
        1744   8.1871857862461539     
        1745   8.1871857862461539     
        1746   8.1694690990121224     
        1747   8.1962097842132327     
        1748   8.1959802252149583     
        1749   8.1586053736097401     
        1750   8.1586053736097401     
        1751   8.1829673026683469     
        1752   8.1816901744989838     
        1753   8.2187084949047158     
        1754   8.2187084949047158     
        1755   8.2006790277195361     
        1756   8.1621786187850347     
        1757   8.1732359922502180     
        1758   8.1565675040961203     
        1759   8.2019294440467174     
        1760   8.2019294440467174     
        1761   8.1901530923885364     
        1762   8.1901530923885364     
        1763   8.1796365185996560     
        1764   8.1796365185996560     
        1765   8.1796365185996560     
        1766   8.1612561511761381     
        1767   8.1972534370304455     
        1768   8.2024760886754109     
        1769   8.2024760886754109     
        1770   8.1748957208768775     
        1771   8.1748957208768775     
        1772   8.1748957208768775     
        1773   8.1843267148653585     
        1774   8.1930777128629675     
        1775   8.2060783837736206     
        1776   8.2060783837736206     
        1777   8.2060783837736206     
        1778   8.1917736202072859     
        1779   8.1917736202072859     
        1780   8.1917736202072859     
        1781   8.1917736202072859     
        1782   8.1950040919382126     
        1783   8.1989015226900701     
        1784   8.1989015226900701     
        1785   8.1861020976568053     
        1786   8.1861020976568053     
        1787   8.1861020976568053     
        1788   8.2076553211682235     
        1789   8.2010229370751819     
        1790   8.1701086816894328     
        1791   8.1825582372287258     
        1792   8.1825582372287258     
        1793   8.2025506084181181     
        1794   8.1836983999185762     
        1795   8.1836983999185762     
        1796   8.1565881705785319     
        1797   8.1565881705785319     
        1798   8.1908850890247979     
        1799   8.1886075343533413     
        1800   8.1886075343533413     
        1801   8.1633003551648127     
        1802   8.1633003551648127     
        1803   8.1604398309590032     
        1804   8.1778114600607896     
        1805   8.1755677368686168     
        1806   8.1562877251003112     
        1807   8.1895557588027579     
        1808   8.1891467336518513     
        1809   8.1655873445899250     
        1810   8.1912127684448333     
        1811   8.1945824024904574     
        1812   8.1945824024904574     
        1813   8.1945824024904574     
        1814   8.1983495487372178     
        1815   8.1983495487372178     
        1816   8.2454921267058854     
        1817   8.2454921267058854     
        1818   8.2079656599129542     
        1819   8.2079656599129542     
        1820   8.1997553598325794     
        1821   8.1965949915013372     
        1822   8.2269090076261282     
        1823   8.1752988152192962     
        1824   8.1752988152192962     
        1825   8.1669937321112069     
        1826   8.1857654317962183     
        1827   8.1574559822370478     
        1828   8.1780495449192667     
        1829   8.1983556944360405     
        1830   8.1947548212147581     
        1831   8.1968859087013595     
        1832   8.1968859087013595     
        1833   8.1968859087013595     
        1834   8.2001290289653230     
        1835   8.1989498636404630     
        1836   8.2010118507611995     
        1837   8.1826042287100815     
        1838   8.1977440868042439     
        1839   8.1977440868042439     
        1840   8.1977440868042439     
        1841   8.2046719718422416     
        1842   8.1950872224803835     
        1843   8.1852506622180741     
        1844   8.1654783682380412     
        1845   8.1588489730345977     
        1846   8.2048687529397188     
        1847   8.1880401648671040     
        1848   8.1880401648671040     
        1849   8.1622389140587224     
        1850   8.2097999403876134     
        1851   8.1843007284434961     
        1852   8.1843007284434961     
        1853   8.1776432086386759     
        1854   8.1776432086386759     
        1855   8.1776432086386759     
        1856   8.1776432086386759     
        1857   8.1791300562035776     
        1858   8.2032874207232886     
        1859   8.2108567847683407     
        1860   8.2160821577858609     
        1861   8.2198545799426483     
        1862   8.2108806540861021     
        1863   8.2320493182785661     
        1864   8.2232007314266617     
        1865   8.2232007314266617     
        1866   8.2131109068554462     
        1867   8.2131109068554462     
        1868   8.2035091038463186     
        1869   8.1860047221448831     
        1870   8.2016794639382091     
        1871   8.2016794639382091     
        1872   8.1987358828764840     
        1873   8.1923537199635028     
        1874   8.1923537199635028     
        1875   8.2135259617219667     
        1876   8.2114481805843038     
        1877   8.2114481805843038     
        1878   8.2114481805843038     
        1879   8.2280546864194619     
        1880   8.2280546864194619     
        1881   8.2129556781478161     
        1882   8.2362531267882879     
        1883   8.2362531267882879     
        1884   8.2070322066584236     
        1885   8.1936769855327238     
        1886   8.1936769855327238     
        1887   8.2047731561804298     
        1888   8.1729344665109736     
        1889   8.1729344665109736     
        1890   8.1729344665109736     
        1891   8.1891034832920813     
        1892   8.2101432258483875     
        1893   8.2101432258483875     
        1894   8.2444961824320586     
        1895   8.2042609451549797     
        1896   8.2152884916023083     
        1897   8.2152884916023083     
        1898   8.1977054466279515     
        1899   8.2072453208169787     
        1900   8.2072453208169787     
        1901   8.2038437779025948     
        1902   8.2038437779025948     
        1903   8.2238794411412997     
        1904   8.1985718352016779     
        1905   8.2125711745751850     
        1906   8.1936676052356940     
        1907   8.1994062521651507     
        1908   8.1994062521651507     
        1909   8.1980456161809538     
        1910   8.1683496232067210     
        1911   8.2032509925369048     
        1912   8.1847161846267635     
        1913   8.1847161846267635     
        1914   8.1825803834565072     
        1915   8.1864990289221566     
        1916   8.2130321401518653     
        1917   8.2130321401518653     
        1918   8.2130321401518653     
        1919   8.1998008131505085     
        1920   8.2076258689644135     
        1921   8.2076258689644135     
        1922   8.2076258689644135     
        1923   8.2377668176453884     
        1924   8.2377668176453884     
        1925   8.2377668176453884     
        1926   8.2207109946497923     
        1927   8.2213855606410338     
        1928   8.2213855606410338     
        1929   8.2268878185979357     
        1930   8.2268878185979357     
        1931   8.2125502474661065     
        1932   8.2125502474661065     
        1933   8.2390978865181026     
        1934   8.2390978865181026     
        1935   8.2390978865181026     
        1936   8.2597668364248182     
        1937   8.2597668364248182     
        1938   8.2116745136918716     
        1939   8.1837255315497366     
        1940   8.2264493195038710     
        1941   8.1907668128700237     
        1942   8.1821470667956451     
        1943   8.2240945578381748     
        1944   8.2196226673925121     
        1945   8.2083470140478134     
        1946   8.2219313461008277     
        1947   8.2181822296983604     
        1948   8.2143845492720882     
        1949   8.2241234207278211     
        1950   8.2336702171202276     
        1951   8.2336702171202276     
        1952   8.2336702171202276     
        1953   8.2336702171202276     
        1954   8.2171509952100923     
        1955   8.2171509952100923     
        1956   8.2171509952100923     
        1957   8.1997270829139470     
        1958   8.1997270829139470     
        1959   8.1752011693942599     
        1960   8.1945096564825537     
        1961   8.1945096564825537     
        1962   8.2029245028973357     
        1963   8.1953959793995974     
        1964   8.1831944709884397     
        1965   8.2222144149096703     
        1966   8.2222144149096703     
        1967   8.2143025922917197     
        1968   8.1761260147417580     
        1969   8.1761260147417580     
        1970   8.1761260147417580     
        1971   8.2043817588708041     
        1972   8.2043817588708041     
        1973   8.2041966901500754     
        1974   8.2072540218939132     
        1975   8.2009542695372186     
        1976   8.2366158748287184     
        1977   8.2140552181426170     
        1978   8.1866353396848535     
        1979   8.1866353396848535     
        1980   8.1866353396848535     
        1981   8.2374880265339989     
        1982   8.1966069602752363     
        1983   8.1755283437079598     
        1984   8.1860878245095563     
        1985   8.1860878245095563     
        1986   8.1862356095362667     
        1987   8.1862356095362667     
        1988   8.1862356095362667     
        1989   8.1862356095362667     
        1990   8.1780170309253606     
        1991   8.1833012900941444     
        1992   8.2108128497949284     
        1993   8.1864231314126474     
        1994   8.1826234941942779     
        1995   8.1826234941942779     
        1996   8.2093468494860460     
        1997   8.2103910837886129     
        1998   8.1951957256394348     
        1999   8.1951957256394348     
        2000   8.2003902055576514     
