           1   18.002936784766138     
           2   18.072438602736305     
           3   18.079553131202598     
           4   18.157741988275102     
           5   18.267292208851494     
           6   18.346148569554909     
           7   18.346148569554909     
           8   18.263195755868441     
           9   18.177988980840755     
          10   18.114499259055638     
          11   18.114499259055638     
          12   18.004459926095834     
          13   17.881804690385234     
          14   17.881804690385234     
          15   17.881804690385234     
          16   17.843760091169408     
          17   17.843760091169408     
          18   17.838770410941439     
          19   17.838770410941439     
          20   17.838770410941439     
          21   17.838770410941439     
          22   17.779909825979207     
          23   17.779909825979207     
          24   17.726752671371557     
          25   17.726752671371557     
          26   17.706259616136943     
          27   17.602053865236755     
          28   17.602053865236755     
          29   17.467642331043859     
          30   17.320186255830823     
          31   17.262505524306999     
          32   17.262505524306999     
          33   17.262505524306999     
          34   17.252434143119256     
          35   17.208774409411507     
          36   17.173593094218901     
          37   17.023531602338903     
          38   16.986901154628125     
          39   16.933957382735002     
          40   16.914289404346118     
          41   16.914289404346118     
          42   16.914289404346118     
          43   16.914289404346118     
          44   16.914289404346118     
          45   16.914289404346118     
          46   16.914289404346118     
          47   16.847542243283598     
          48   16.795417779380973     
          49   16.688034388187184     
          50   16.688034388187184     
          51   16.688034388187184     
          52   16.559267679220131     
          53   16.492124638952088     
          54   16.452822058199754     
          55   16.403889687600657     
          56   16.335060913297788     
          57   16.335060913297788     
          58   16.335060913297788     
          59   16.259507645230812     
          60   16.259507645230812     
          61   16.162582028961211     
          62   16.114831524290530     
          63   16.026714903179940     
          64   15.783937717410701     
          65   15.783937717410701     
          66   15.742750652714532     
          67   15.742750652714532     
          68   15.668800966672061     
          69   15.668800966672061     
          70   15.668800966672061     
          71   15.606949759769384     
          72   15.606949759769384     
          73   15.534504893642763     
          74   15.447406236056262     
          75   15.259984831801775     
          76   15.259984831801775     
          77   15.155469000843111     
          78   15.155469000843111     
          79   15.104439660713139     
          80   15.104439660713139     
          81   15.064199075572544     
          82   15.064199075572544     
          83   15.005170099172371     
          84   14.932068427121246     
          85   14.924524775778810     
          86   14.822825718053203     
          87   14.737632918699800     
          88   14.737632918699800     
          89   14.706238280089957     
          90   14.626931121448903     
          91   14.624147719393573     
          92   14.600930861626853     
          93   14.600930861626853     
          94   14.600930861626853     
          95   14.533664544785456     
          96   14.532884396587114     
          97   14.532884396587114     
          98   14.503428157391491     
          99   14.398969746135087     
         100   14.276672382975852     
         101   14.174788246783198     
         102   14.154958016854524     
         103   14.116661584858790     
         104   14.116661584858790     
         105   14.116661584858790     
         106   14.039759085396250     
         107   14.012109344022631     
         108   14.008727851008175     
         109   14.008727851008175     
         110   13.944941084182615     
         111   13.937219306874034     
         112   13.937219306874034     
         113   13.884555473229533     
         114   13.884555473229533     
         115   13.884555473229533     
         116   13.884555473229533     
         117   13.804670685832583     
         118   13.804670685832583     
         119   13.714299520728986     
         120   13.695533201191589     
         121   13.695533201191589     
         122   13.695533201191589     
         123   13.667946004049334     
         124   13.641873187025251     
         125   13.574508289224882     
         126   13.535455780365151     
         127   13.535455780365151     
         128   13.529040324547992     
         129   13.529040324547992     
         130   13.500075141068661     
         131   13.444569395795259     
         132   13.444569395795259     
         133   13.444569395795259     
         134   13.444569395795259     
         135   13.413149509754257     
         136   13.393275114735873     
         137   13.334372613541239     
         138   13.334372613541239     
         139   13.315880274516919     
         140   13.315880274516919     
         141   13.285636630355711     
         142   13.217473691360354     
         143   13.171752434368202     
         144   13.171752434368202     
         145   13.168234848837944     
         146   13.076194726396366     
         147   13.059394405333100     
         148   13.059394405333100     
         149   12.970507058740052     
         150   12.957251320849847     
         151   12.957251320849847     
         152   12.899375172387327     
         153   12.819570688040356     
         154   12.819570688040356     
         155   12.819570688040356     
         156   12.819570688040356     
         157   12.797838119085306     
         158   12.797838119085306     
         159   12.797838119085306     
         160   12.720856448159212     
         161   12.720856448159212     
         162   12.720856448159212     
         163   12.720856448159212     
         164   12.621310021514454     
         165   12.598708002682070     
         166   12.598708002682070     
         167   12.598708002682070     
         168   12.598708002682070     
         169   12.598708002682070     
         170   12.573135343546104     
         171   12.573135343546104     
         172   12.563864173178548     
         173   12.563864173178548     
         174   12.514828984869828     
         175   12.465767423947925     
         176   12.465767423947925     
         177   12.409231926173051     
         178   12.379831025087379     
         179   12.346555007862172     
         180   12.307448499536587     
         181   12.265255554097719     
         182   12.265255554097719     
         183   12.265255554097719     
         184   12.265255554097719     
         185   12.247759278752216     
         186   12.175051242453845     
         187   12.175051242453845     
         188   12.175051242453845     
         189   12.109400347623652     
         190   11.968517810575079     
         191   11.843209291168835     
         192   11.843209291168835     
         193   11.843209291168835     
         194   11.785895730869207     
         195   11.749618357606581     
         196   11.749618357606581     
         197   11.704852283238431     
         198   11.713147581888164     
         199   11.713147581888164     
         200   11.713147581888164     
         201   11.706918680130638     
         202   11.706918680130638     
         203   11.706918680130638     
         204   11.635442376503635     
         205   11.635442376503635     
         206   11.612915645798919     
         207   11.612915645798919     
         208   11.579666848132625     
         209   11.491287792865464     
         210   11.491287792865464     
         211   11.422015827724861     
         212   11.422015827724861     
         213   11.374667483206421     
         214   11.374667483206421     
         215   11.374667483206421     
         216   11.374667483206421     
         217   11.358336649220306     
         218   11.348352730655375     
         219   11.304172715354360     
         220   11.304172715354360     
         221   11.306291990094138     
         222   11.265919702343075     
         223   11.265919702343075     
         224   11.257209289300780     
         225   11.257209289300780     
         226   11.228889139791697     
         227   11.228889139791697     
         228   11.176065938917302     
         229   11.127605334201052     
         230   11.127605334201052     
         231   11.101554093993510     
         232   11.093507890523526     
         233   11.093507890523526     
         234   11.043382090380053     
         235   11.043382090380053     
         236   11.038056273933144     
         237   11.038056273933144     
         238   11.033450477319356     
         239   10.994027315643123     
         240   10.962468808562143     
         241   10.924307469056945     
         242   10.900275562791693     
         243   10.900275562791693     
         244   10.900275562791693     
         245   10.900275562791693     
         246   10.840563508059102     
         247   10.793500474200995     
         248   10.776721481998567     
         249   10.766782124637000     
         250   10.766782124637000     
         251   10.765709466436908     
         252   10.765709466436908     
         253   10.763085098824011     
         254   10.720811451775067     
         255   10.701340124563156     
         256   10.691292740202179     
         257   10.691292740202179     
         258   10.691292740202179     
         259   10.666314568280086     
         260   10.666314568280086     
         261   10.604955035718200     
         262   10.604955035718200     
         263   10.604955035718200     
         264   10.604711384320439     
         265   10.569800915923738     
         266   10.569800915923738     
         267   10.522153255480177     
         268   10.506427104028523     
         269   10.506427104028523     
         270   10.481180572118012     
         271   10.481180572118012     
         272   10.481180572118012     
         273   10.481180572118012     
         274   10.470628148704096     
         275   10.447279556154180     
         276   10.439109602141597     
         277   10.439109602141597     
         278   10.439109602141597     
         279   10.439109602141597     
         280   10.439109602141597     
         281   10.439109602141597     
         282   10.396978091204176     
         283   10.310057849907215     
         284   10.259163954781434     
         285   10.266031982906251     
         286   10.266031982906251     
         287   10.266031982906251     
         288   10.224360044493240     
         289   10.210524162779368     
         290   10.197085771339255     
         291   10.178225078912732     
         292   10.178225078912732     
         293   10.168475449802756     
         294   10.194665517078670     
         295   10.159519772301373     
         296   10.130178840935683     
         297   10.113424341136506     
         298   10.123404909113859     
         299   10.100748436830109     
         300   10.065102233037917     
         301   10.065102233037917     
         302   10.036442048762430     
         303   10.036442048762430     
         304   9.9879343403625498     
         305   9.9877079272479445     
         306   9.9428472215967361     
         307   9.9696369469396764     
         308   9.9345183367031762     
         309   9.9345183367031762     
         310   9.9182048941527299     
         311   9.9406059299921843     
         312   9.9406059299921843     
         313   9.9406059299921843     
         314   9.9267150102994499     
         315   9.9046008591075267     
         316   9.8647157485746959     
         317   9.8384487576344508     
         318   9.8384487576344508     
         319   9.8288267851050595     
         320   9.8288267851050595     
         321   9.7639314052268773     
         322   9.8098240351075585     
         323   9.7756435749317880     
         324   9.7756435749317880     
         325   9.7756435749317880     
         326   9.7435586975222321     
         327   9.7043508054823757     
         328   9.7043508054823757     
         329   9.7043508054823757     
         330   9.7043508054823757     
         331   9.7043508054823757     
         332   9.6948228442047899     
         333   9.6948228442047899     
         334   9.6500927049592100     
         335   9.6500927049592100     
         336   9.6604968533011171     
         337   9.6477245873637063     
         338   9.6043018774312525     
         339   9.5837302145645946     
         340   9.5837302145645946     
         341   9.5526595658120321     
         342   9.5778277850651286     
         343   9.5165770981286251     
         344   9.5222912282510883     
         345   9.5222912282510883     
         346   9.4737094598855105     
         347   9.5034786079573337     
         348   9.5034786079573337     
         349   9.5034786079573337     
         350   9.4782747608256877     
         351   9.4782747608256877     
         352   9.4671893546099977     
         353   9.4599882563048734     
         354   9.4253650857079023     
         355   9.4174248544549393     
         356   9.4268334960646687     
         357   9.4268334960646687     
         358   9.4268334960646687     
         359   9.4268334960646687     
         360   9.4268334960646687     
         361   9.3656996240886237     
         362   9.3752182272178946     
         363   9.3478165272001306     
         364   9.3764220078526854     
         365   9.3764220078526854     
         366   9.3326176174349769     
         367   9.3307170507866779     
         368   9.3204180904965597     
         369   9.3110596051160961     
         370   9.3110596051160961     
         371   9.3110596051160961     
         372   9.3110596051160961     
         373   9.3062985169610783     
         374   9.2890802239803136     
         375   9.2635193740228452     
         376   9.2610933964546849     
         377   9.2596382005470037     
         378   9.2001931488044555     
         379   9.2127668753541272     
         380   9.1883260641628191     
         381   9.2493110833159786     
         382   9.2414484983713656     
         383   9.2240114999261031     
         384   9.2103267815675522     
         385   9.2103267815675522     
         386   9.2103267815675522     
         387   9.2103267815675522     
         388   9.1760579476556501     
         389   9.1430628569368722     
         390   9.1296497503140230     
         391   9.1238731585331987     
         392   9.1238731585331987     
         393   9.1238731585331987     
         394   9.1118514779284983     
         395   9.1118514779284983     
         396   9.1118514779284983     
         397   9.1118514779284983     
         398   9.0551544543949802     
         399   9.0612160592292952     
         400   9.0612160592292952     
         401   9.0983363594779121     
         402   9.0983363594779121     
         403   9.0949196672551658     
         404   9.0949196672551658     
         405   9.0949196672551658     
         406   9.0938461805950137     
         407   9.0829376109668409     
         408   9.0748563936297995     
         409   9.0235482624155292     
         410   9.0124322920179853     
         411   8.9746561389957922     
         412   8.9871566987910096     
         413   8.9871566987910096     
         414   8.9884174686330791     
         415   8.9939899981119336     
         416   8.9937038762904447     
         417   8.9937038762904447     
         418   8.9937038762904447     
         419   8.9587339070032463     
         420   8.9587339070032463     
         421   8.9422690853406746     
         422   8.9486942123690945     
         423   8.9486942123690945     
         424   8.9331469085417989     
         425   8.9466427486567799     
         426   8.9095219638805609     
         427   8.9087827043114753     
         428   8.8683649589096873     
         429   8.8917108868240220     
         430   8.8917108868240220     
         431   8.8556636538100761     
         432   8.8889603162517190     
         433   8.8931075808944211     
         434   8.8472039224925734     
         435   8.8531625297409917     
         436   8.8531625297409917     
         437   8.8690632388354711     
         438   8.8690632388354711     
         439   8.8778929103409965     
         440   8.8669127928665645     
         441   8.8376423010987306     
         442   8.8376423010987306     
         443   8.8376423010987306     
         444   8.8190008441200458     
         445   8.8089982771929272     
         446   8.8089982771929272     
         447   8.8089982771929272     
         448   8.8164990241747176     
         449   8.8007801808623398     
         450   8.7819524161135600     
         451   8.7799221015047149     
         452   8.7664868192443137     
         453   8.7750405584863973     
         454   8.7811337517983219     
         455   8.7768307646810975     
         456   8.7768307646810975     
         457   8.7939971889502893     
         458   8.7749979007273424     
         459   8.7749979007273424     
         460   8.7749979007273424     
         461   8.7749979007273424     
         462   8.7581742244992355     
         463   8.7606690991541836     
         464   8.7523357934586503     
         465   8.7580243698588145     
         466   8.7289515166700440     
         467   8.7165524009891797     
         468   8.7165524009891797     
         469   8.7165524009891797     
         470   8.6984870878105358     
         471   8.6967507260410528     
         472   8.6967507260410528     
         473   8.6967507260410528     
         474   8.6937132380114459     
         475   8.6937132380114459     
         476   8.6759764856667339     
         477   8.6759764856667339     
         478   8.6759764856667339     
         479   8.6438166752358132     
         480   8.6230200324942547     
         481   8.6531546926733611     
         482   8.6531546926733611     
         483   8.6382302124108321     
         484   8.6237690022194862     
         485   8.6400488658725099     
         486   8.6156184147074324     
         487   8.6024592646614906     
         488   8.6420623587450436     
         489   8.6232443087421391     
         490   8.6324409280668988     
         491   8.6289622275050952     
         492   8.6259655667284392     
         493   8.6281829846115219     
         494   8.6281829846115219     
         495   8.6281829846115219     
         496   8.5929667802791183     
         497   8.5934625109901095     
         498   8.5671002629765436     
         499   8.5532148394621945     
         500   8.5703194539119245     
         501   8.5893137424696597     
         502   8.5503425703519760     
         503   8.5503425703519760     
         504   8.5503425703519760     
         505   8.5669980226478248     
         506   8.5672255107560904     
         507   8.5698983749851223     
         508   8.5233043181473054     
         509   8.5638539682891999     
         510   8.5638539682891999     
         511   8.5643556175711062     
         512   8.5391636262718258     
         513   8.5189210026373043     
         514   8.5406297489265057     
         515   8.5369897438751661     
         516   8.5523840671884983     
         517   8.5558259415939411     
         518   8.5152073819923597     
         519   8.5194139211842241     
         520   8.5268532055201245     
         521   8.5533613141583977     
         522   8.5492213268136688     
         523   8.5492213268136688     
         524   8.5492213268136688     
         525   8.5227839131694996     
         526   8.5227839131694996     
         527   8.5227839131694996     
         528   8.5058237967454087     
         529   8.4862915118322348     
         530   8.4862915118322348     
         531   8.4975540286576443     
         532   8.4846328393779640     
         533   8.5042087767192243     
         534   8.5042087767192243     
         535   8.5042087767192243     
         536   8.5042087767192243     
         537   8.4907185974870671     
         538   8.4907185974870671     
         539   8.5366393398779667     
         540   8.5390368106248591     
         541   8.4992204756577454     
         542   8.4992204756577454     
         543   8.5158850232049446     
         544   8.5158850232049446     
         545   8.4940135702572288     
         546   8.4874543771703337     
         547   8.4577836405970181     
         548   8.4825667662776958     
         549   8.4825667662776958     
         550   8.4825667662776958     
         551   8.4825667662776958     
         552   8.4825667662776958     
         553   8.4499726754937825     
         554   8.4616011939969820     
         555   8.4449144151363686     
         556   8.4675058190970809     
         557   8.4523386685240247     
         558   8.4295734935688227     
         559   8.4295734935688227     
         560   8.4295734935688227     
         561   8.4295734935688227     
         562   8.4426351735718459     
         563   8.4426351735718459     
         564   8.4426351735718459     
         565   8.4403194796470196     
         566   8.4506136686843067     
         567   8.4135919822659826     
         568   8.4257509393657628     
         569   8.4257509393657628     
         570   8.4257509393657628     
         571   8.4257509393657628     
         572   8.4257509393657628     
         573   8.4257509393657628     
         574   8.4262977628847242     
         575   8.3868578905142535     
         576   8.4125006462818845     
         577   8.4051046491503616     
         578   8.4068602005064186     
         579   8.4502244860943350     
         580   8.4502244860943350     
         581   8.4502244860943350     
         582   8.4502244860943350     
         583   8.4502244860943350     
         584   8.4387256827184949     
         585   8.4117295221295603     
         586   8.4404569815697528     
         587   8.4465304492171143     
         588   8.4309136886455516     
         589   8.4309136886455516     
         590   8.4309136886455516     
         591   8.4085988189044762     
         592   8.4085988189044762     
         593   8.3669007402611992     
         594   8.3866213471944864     
         595   8.4185962568131227     
         596   8.4247295639371593     
         597   8.4361392914695426     
         598   8.4018943312710590     
         599   8.3929905135490337     
         600   8.3929905135490337     
         601   8.3929905135490337     
         602   8.4072926452492105     
         603   8.4072926452492105     
         604   8.3749967197007678     
         605   8.3749967197007678     
         606   8.3979487197058518     
         607   8.3773664094667772     
         608   8.3773664094667772     
         609   8.3844347843923970     
         610   8.3616301448562638     
         611   8.3616301448562638     
         612   8.3616301448562638     
         613   8.3616301448562638     
         614   8.3767602332111508     
         615   8.3949649275315092     
         616   8.3706705741175629     
         617   8.3658983672574383     
         618   8.3658983672574383     
         619   8.3658983672574383     
         620   8.3583353538198750     
         621   8.3583353538198750     
         622   8.3606035241638335     
         623   8.3613623402142778     
         624   8.3766737757657008     
         625   8.3656048239731522     
         626   8.3656048239731522     
         627   8.3812957804550248     
         628   8.3592405049928136     
         629   8.3533616308672212     
         630   8.3500369520898072     
         631   8.3796340895547168     
         632   8.4003719271972344     
         633   8.4003719271972344     
         634   8.3663878556301388     
         635   8.3663878556301388     
         636   8.3663878556301388     
         637   8.3663878556301388     
         638   8.3468589016866694     
         639   8.3773145855807396     
         640   8.3381999121914490     
         641   8.3381999121914490     
         642   8.3463952297933162     
         643   8.3509008052630875     
         644   8.3606949269138795     
         645   8.3606949269138795     
         646   8.3476804276135894     
         647   8.3456199134139535     
         648   8.3617352407628438     
         649   8.3534748716552354     
         650   8.3534748716552354     
         651   8.3613512663002059     
         652   8.3376881153681843     
         653   8.3223666929515172     
         654   8.3377409919749610     
         655   8.3262752982180590     
         656   8.3188201051422634     
         657   8.3170109833945975     
         658   8.3252932664672077     
         659   8.3035731959061501     
         660   8.3035731959061501     
         661   8.3294540438966873     
         662   8.3294540438966873     
         663   8.3261185075600501     
         664   8.3261185075600501     
         665   8.3561964351002427     
         666   8.3436593421716125     
         667   8.3192206480766018     
         668   8.3192206480766018     
         669   8.3101646203337456     
         670   8.3101646203337456     
         671   8.3120594116266346     
         672   8.3042839569700515     
         673   8.3042839569700515     
         674   8.2927740134409849     
         675   8.2927740134409849     
         676   8.2811977132453176     
         677   8.2811977132453176     
         678   8.2873482755885117     
         679   8.3053918620459211     
         680   8.2916742415279732     
         681   8.3155655853475885     
         682   8.3308540253780503     
         683   8.3205908235841797     
         684   8.3205908235841797     
         685   8.3096156352468906     
         686   8.3149991441181008     
         687   8.2994901018507861     
         688   8.2771287218008425     
         689   8.2771287218008425     
         690   8.3152965421658287     
         691   8.2992461910650803     
         692   8.2861439508516579     
         693   8.2704877209563552     
         694   8.2902370541951331     
         695   8.3066620306156302     
         696   8.2716295862193245     
         697   8.2728722411785807     
         698   8.2752485347668490     
         699   8.2752485347668490     
         700   8.2825698654845361     
         701   8.2570407618685877     
         702   8.2570407618685877     
         703   8.2952113489540960     
         704   8.2952113489540960     
         705   8.2736322832712155     
         706   8.2732041285933171     
         707   8.2877163980454753     
         708   8.2948648328846648     
         709   8.2948648328846648     
         710   8.2847042301151657     
         711   8.2855403759828388     
         712   8.2855403759828388     
         713   8.2834523001794409     
         714   8.2834523001794409     
         715   8.2497393563371997     
         716   8.2497393563371997     
         717   8.2757541782824759     
         718   8.2432365536503234     
         719   8.2378960144744369     
         720   8.2638415863692760     
         721   8.2794033254374977     
         722   8.2891615878310638     
         723   8.2679397680478459     
         724   8.2687058714403019     
         725   8.2337614788807425     
         726   8.2337614788807425     
         727   8.2337614788807425     
         728   8.2839011458401348     
         729   8.2816514161993968     
         730   8.2601318749797397     
         731   8.2782276137867523     
         732   8.2823910511820600     
         733   8.2823910511820600     
         734   8.2823910511820600     
         735   8.2823910511820600     
         736   8.2659633897075739     
         737   8.2810860803600068     
         738   8.2549796907875823     
         739   8.2549796907875823     
         740   8.2549796907875823     
         741   8.2782769137221255     
         742   8.2782769137221255     
         743   8.2592009947875340     
         744   8.2283359531284130     
         745   8.2511832302667223     
         746   8.2547630631337832     
         747   8.2547630631337832     
         748   8.2608553790981478     
         749   8.2608553790981478     
         750   8.2580549011370064     
         751   8.2580549011370064     
         752   8.2580549011370064     
         753   8.2588886715682097     
         754   8.2766509367183190     
         755   8.2973295990755815     
         756   8.2973295990755815     
         757   8.2973295990755815     
         758   8.2963606397058456     
         759   8.2711935602535611     
         760   8.2903367769990925     
         761   8.2579965162942521     
         762   8.2612289385552184     
         763   8.3081504740979621     
         764   8.3081504740979621     
         765   8.3081504740979621     
         766   8.3091622996636652     
         767   8.3091622996636652     
         768   8.3091622996636652     
         769   8.3027923001724169     
         770   8.2959030641340910     
         771   8.2959030641340910     
         772   8.2959030641340910     
         773   8.2670944673667410     
         774   8.2670944673667410     
         775   8.2361245070746065     
         776   8.2419538339318947     
         777   8.2419538339318947     
         778   8.2419538339318947     
         779   8.2420177909510741     
         780   8.2420177909510741     
         781   8.2420177909510741     
         782   8.2445144803483004     
         783   8.2445144803483004     
         784   8.2810240823363728     
         785   8.2553505973752515     
         786   8.2831880730168983     
         787   8.2377729313861519     
         788   8.2226327848577601     
         789   8.2563543203445331     
         790   8.2400415779948091     
         791   8.2243093326116501     
         792   8.2391645076458637     
         793   8.2391645076458637     
         794   8.2511778654451255     
         795   8.2511778654451255     
         796   8.2361968012104256     
         797   8.2361968012104256     
         798   8.2361968012104256     
         799   8.2361968012104256     
         800   8.2385405158324705     
         801   8.2396383141581033     
         802   8.2395187232629592     
         803   8.2454382319158910     
         804   8.2454382319158910     
         805   8.2648762068491326     
         806   8.2648762068491326     
         807   8.2648762068491326     
         808   8.2364728201487356     
         809   8.2471422504989018     
         810   8.2717538426679162     
         811   8.2870579210844486     
         812   8.2692940293703217     
         813   8.2529702493951351     
         814   8.2344749840827856     
         815   8.2344749840827856     
         816   8.2344749840827856     
         817   8.2427454189862068     
         818   8.2826480552908901     
         819   8.2820553864106028     
         820   8.2983352599275708     
         821   8.2701004497179671     
         822   8.2597660914998769     
         823   8.2516980122257220     
         824   8.2516980122257220     
         825   8.2359020949418973     
         826   8.2359020949418973     
         827   8.2410190366569509     
         828   8.2410190366569509     
         829   8.2723896589844852     
         830   8.2706086507503453     
         831   8.2769302613441287     
         832   8.2769302613441287     
         833   8.2583923103154167     
         834   8.2761903887220214     
         835   8.2782995456690340     
         836   8.2764687717960399     
         837   8.2434156574894555     
         838   8.2736246774125206     
         839   8.2736246774125206     
         840   8.2959889645307161     
         841   8.2959889645307161     
         842   8.2637695603660219     
         843   8.2637695603660219     
         844   8.2637695603660219     
         845   8.2579970079908129     
         846   8.2310504204115471     
         847   8.2448945891657921     
         848   8.2561155816218434     
         849   8.2350391113574073     
         850   8.2350391113574073     
         851   8.2481912384390608     
         852   8.2635141895691255     
         853   8.2546822317162682     
         854   8.2260039302976882     
         855   8.2521808211061405     
         856   8.2440861529885225     
         857   8.2706215158965968     
         858   8.2328605796817254     
         859   8.2328605796817254     
         860   8.2563454987621014     
         861   8.2563454987621014     
         862   8.2563454987621014     
         863   8.2355411952464177     
         864   8.2355411952464177     
         865   8.2527401677435925     
         866   8.2267165663768953     
         867   8.2543554134984500     
         868   8.2543554134984500     
         869   8.2281465101495250     
         870   8.2281465101495250     
         871   8.2667037251586990     
         872   8.2667037251586990     
         873   8.2297566205521449     
         874   8.2399775420657662     
         875   8.2540436006241329     
         876   8.2773745942253427     
         877   8.2884482802514476     
         878   8.2761115425448217     
         879   8.2761115425448217     
         880   8.2761115425448217     
         881   8.2761115425448217     
         882   8.2603547412116107     
         883   8.2636946599810734     
         884   8.2636946599810734     
         885   8.2636946599810734     
         886   8.2546122665485502     
         887   8.2546122665485502     
         888   8.2555656304735194     
         889   8.2301077982776896     
         890   8.2301077982776896     
         891   8.2625041276492404     
         892   8.2332864830316748     
         893   8.2418193640789355     
         894   8.2595922515108864     
         895   8.2408308215075170     
         896   8.2408308215075170     
         897   8.2136278946220784     
         898   8.2113952600043270     
         899   8.2113952600043270     
         900   8.2359181597029956     
         901   8.2617748221274887     
         902   8.2484737460940227     
         903   8.2208701858890763     
         904   8.2353622107950812     
         905   8.2353622107950812     
         906   8.2534962035698420     
         907   8.2534962035698420     
         908   8.2534962035698420     
         909   8.2534962035698420     
         910   8.2534962035698420     
         911   8.2580914560360217     
         912   8.2410490453914615     
         913   8.2529117483157126     
         914   8.2529117483157126     
         915   8.2702762075693617     
         916   8.2785025274065109     
         917   8.2497792564621459     
         918   8.2527910423365274     
         919   8.2441913357463203     
         920   8.2741767953655678     
         921   8.2536303038282277     
         922   8.2460615544453777     
         923   8.2609898510911801     
         924   8.2615786235906423     
         925   8.2702823307835285     
         926   8.2606945995183629     
         927   8.2685805664081293     
         928   8.2685805664081293     
         929   8.2685805664081293     
         930   8.2784495785449792     
         931   8.2784495785449792     
         932   8.2841616338299140     
         933   8.2668732524539337     
         934   8.2668732524539337     
         935   8.2668732524539337     
         936   8.2492905426256016     
         937   8.2615144263844655     
         938   8.2402328930461284     
         939   8.2402328930461284     
         940   8.2402328930461284     
         941   8.2356299915581914     
         942   8.2669705979201176     
         943   8.2427219948816113     
         944   8.2595130970659820     
         945   8.2595130970659820     
         946   8.2448309203303189     
         947   8.2400488621035350     
         948   8.2400488621035350     
         949   8.2651769648135094     
         950   8.2651769648135094     
         951   8.2651769648135094     
         952   8.2651769648135094     
         953   8.2437165190736348     
         954   8.2474768787542629     
         955   8.2725670096204222     
         956   8.2615914689999972     
         957   8.2434301788446014     
         958   8.2434301788446014     
         959   8.2434301788446014     
         960   8.2434301788446014     
         961   8.2434301788446014     
         962   8.2434301788446014     
         963   8.2497572415507125     
         964   8.2582614658603877     
         965   8.2582614658603877     
         966   8.2582614658603877     
         967   8.2732353615811931     
         968   8.2732353615811931     
         969   8.2777339221773261     
         970   8.2777339221773261     
         971   8.2777339221773261     
         972   8.2436204057418792     
         973   8.2569010286564328     
         974   8.2531343363865268     
         975   8.2531343363865268     
         976   8.2690876625847753     
         977   8.2956868725390169     
         978   8.2956868725390169     
         979   8.2956868725390169     
         980   8.2748166284648370     
         981   8.2624495078211488     
         982   8.2624495078211488     
         983   8.2624495078211488     
         984   8.2713534608938417     
         985   8.2744803968017031     
         986   8.2698949167555380     
         987   8.2698949167555380     
         988   8.2657921973924431     
         989   8.2657921973924431     
         990   8.2519044594087756     
         991   8.2519044594087756     
         992   8.2519044594087756     
         993   8.2490276717811408     
         994   8.2490276717811408     
         995   8.2379806954387664     
         996   8.2379806954387664     
         997   8.2379806954387664     
         998   8.2284498568136257     
         999   8.2564658063893646     
        1000   8.2553329847423438     
        1001   8.2553329847423438     
        1002   8.2633720055295026     
        1003   8.2206862683169657     
        1004   8.2601286774057900     
        1005   8.2520363997094126     
        1006   8.2520363997094126     
        1007   8.2454329833329449     
        1008   8.2389795066652187     
        1009   8.2594153598409115     
        1010   8.2448586738492491     
        1011   8.2448586738492491     
        1012   8.2677380313267772     
        1013   8.2530958856834111     
        1014   8.2530958856834111     
        1015   8.2530958856834111     
        1016   8.2530958856834111     
        1017   8.2530958856834111     
        1018   8.2541976721849899     
        1019   8.2512609912111063     
        1020   8.2169552559181103     
        1021   8.2169552559181103     
        1022   8.2413457158716046     
        1023   8.2094407812953545     
        1024   8.2094407812953545     
        1025   8.2207370794810988     
        1026   8.2207370794810988     
        1027   8.2490306419871811     
        1028   8.2624888218782129     
        1029   8.2624888218782129     
        1030   8.2362594248451195     
        1031   8.2451392696423280     
        1032   8.2451392696423280     
        1033   8.2451392696423280     
        1034   8.2661258242502029     
        1035   8.2897333899808796     
        1036   8.2696200277091894     
        1037   8.2696200277091894     
        1038   8.2930921196015976     
        1039   8.2930921196015976     
        1040   8.2930921196015976     
        1041   8.2572230110675182     
        1042   8.2572230110675182     
        1043   8.2570444246235404     
        1044   8.2712650512304453     
        1045   8.2712650512304453     
        1046   8.2585971986032245     
        1047   8.2637983966168651     
        1048   8.2632260615083197     
        1049   8.2758890581186222     
        1050   8.2758890581186222     
        1051   8.2706927789450742     
        1052   8.2727578530286934     
        1053   8.2645996201969751     
        1054   8.2608552073896426     
        1055   8.2608552073896426     
        1056   8.2640647383273418     
        1057   8.2669780370930326     
        1058   8.2964397843928950     
        1059   8.2845158997404393     
        1060   8.2570010494560702     
        1061   8.2638924919647909     
        1062   8.2713490930984577     
        1063   8.2786064448304053     
        1064   8.2786064448304053     
        1065   8.2786064448304053     
        1066   8.2680191223585933     
        1067   8.2700892304633271     
        1068   8.2700892304633271     
        1069   8.2572328817857681     
        1070   8.2614609645228771     
        1071   8.2247103534626991     
        1072   8.2594750498461558     
        1073   8.2597526150162945     
        1074   8.2259944773865854     
        1075   8.2279470497876961     
        1076   8.2649692410358693     
        1077   8.2646849374820750     
        1078   8.2598229598349970     
        1079   8.2598229598349970     
        1080   8.2836148086032821     
        1081   8.3109783516159883     
        1082   8.3109783516159883     
        1083   8.2835146459654183     
        1084   8.2864077924263029     
        1085   8.2507643375784685     
        1086   8.2507643375784685     
        1087   8.2642411157181854     
        1088   8.2287269721179523     
        1089   8.2287269721179523     
        1090   8.2381792333342538     
        1091   8.2579458127078791     
        1092   8.2675621089308500     
        1093   8.2506009537558676     
        1094   8.2240770715080487     
        1095   8.2240770715080487     
        1096   8.2548459335076334     
        1097   8.2548459335076334     
        1098   8.2563414787066502     
        1099   8.2563414787066502     
        1100   8.2563414787066502     
        1101   8.2873646759035502     
        1102   8.2760855118243537     
        1103   8.2760855118243537     
        1104   8.2525756514483337     
        1105   8.2176520907073609     
        1106   8.2176520907073609     
        1107   8.2557386201909999     
        1108   8.2557386201909999     
        1109   8.2557386201909999     
        1110   8.2283626749247212     
        1111   8.2283626749247212     
        1112   8.2435017293707791     
        1113   8.2314179543945603     
        1114   8.2700916080151998     
        1115   8.2598863790359722     
        1116   8.2453530178424241     
        1117   8.2453530178424241     
        1118   8.2453530178424241     
        1119   8.2453530178424241     
        1120   8.2453530178424241     
        1121   8.2453530178424241     
        1122   8.2453530178424241     
        1123   8.2533684073049827     
        1124   8.2533684073049827     
        1125   8.2724499210587510     
        1126   8.2333209149592825     
        1127   8.2333209149592825     
        1128   8.2357145442996771     
        1129   8.2377443827083177     
        1130   8.2511729684504633     
        1131   8.2889679365725790     
        1132   8.2760113981247265     
        1133   8.2411689868357954     
        1134   8.2629244455522279     
        1135   8.2374868789840736     
        1136   8.2368738980417966     
        1137   8.2760914258978477     
        1138   8.3055702855768168     
        1139   8.3055702855768168     
        1140   8.3070865909208891     
        1141   8.2766816961416563     
        1142   8.2911532151657763     
        1143   8.2519622408401556     
        1144   8.2698222206437304     
        1145   8.2510107306171534     
        1146   8.2648977592394957     
        1147   8.2648977592394957     
        1148   8.2375194397515834     
        1149   8.2349205475786800     
        1150   8.2349205475786800     
        1151   8.2313790925427881     
        1152   8.2379333960876178     
        1153   8.2373812850901427     
        1154   8.2338906615448835     
        1155   8.2338906615448835     
        1156   8.2338906615448835     
        1157   8.2390907436208334     
        1158   8.2604615878116316     
        1159   8.2381530073668650     
        1160   8.2381530073668650     
        1161   8.2602787124169108     
        1162   8.2290018969064480     
        1163   8.2374678878950540     
        1164   8.2649159595617636     
        1165   8.2649159595617636     
        1166   8.2731817023172916     
        1167   8.2648708883201110     
        1168   8.2439988943473317     
        1169   8.2439988943473317     
        1170   8.2439988943473317     
        1171   8.2414839683582031     
        1172   8.2239202023606630     
        1173   8.2215641532092576     
        1174   8.2143925154626718     
        1175   8.2272477146485592     
        1176   8.2272477146485592     
        1177   8.2351656288706359     
        1178   8.2190855573964328     
        1179   8.2425548037622214     
        1180   8.2425548037622214     
        1181   8.2327314849532538     
        1182   8.2309477046967459     
        1183   8.2096355428029977     
        1184   8.1980997324927820     
        1185   8.1980997324927820     
        1186   8.1980997324927820     
        1187   8.1980997324927820     
        1188   8.1888339784000550     
        1189   8.1888339784000550     
        1190   8.2170454185347559     
        1191   8.2170454185347559     
        1192   8.2425486833020418     
        1193   8.2013474357418410     
        1194   8.2403451522645437     
        1195   8.2286652085352650     
        1196   8.2286652085352650     
        1197   8.2650052391149025     
        1198   8.2562939447685011     
        1199   8.2562939447685011     
        1200   8.2570259967946740     
        1201   8.2570259967946740     
        1202   8.2570259967946740     
        1203   8.2806923598802538     
        1204   8.2502881949489097     
        1205   8.2696304672623651     
        1206   8.2556744666081272     
        1207   8.2696090125318626     
        1208   8.2630242839957955     
        1209   8.2942949184077985     
        1210   8.2697941986459274     
        1211   8.2697941986459274     
        1212   8.2818971658107721     
        1213   8.2713391958941429     
        1214   8.2814673414825464     
        1215   8.2814673414825464     
        1216   8.2984173065566296     
        1217   8.3083548436249206     
        1218   8.3083548436249206     
        1219   8.3168053496902949     
        1220   8.3168053496902949     
        1221   8.3168053496902949     
        1222   8.2826093944588255     
        1223   8.3157623047549727     
        1224   8.3157623047549727     
        1225   8.3002872867594260     
        1226   8.2977480671527690     
        1227   8.3123657796814783     
        1228   8.3089265105706342     
        1229   8.3384212589229048     
        1230   8.3585240788040416     
        1231   8.3127564247399661     
        1232   8.3166480944093664     
        1233   8.3166480944093664     
        1234   8.3269768852657950     
        1235   8.3113229249239051     
        1236   8.2830337788130262     
        1237   8.2931782564827987     
        1238   8.2836967764891565     
        1239   8.2752465009129246     
        1240   8.2594267493484939     
        1241   8.2594267493484939     
        1242   8.2575321577578968     
        1243   8.2910040597939467     
        1244   8.2895419824351340     
        1245   8.3136988697094552     
        1246   8.2840712587071543     
        1247   8.2656018947801524     
        1248   8.2656018947801524     
        1249   8.2656018947801524     
        1250   8.2656018947801524     
        1251   8.2515586885382994     
        1252   8.2811218787709482     
        1253   8.2806495718305193     
        1254   8.2932564865296605     
        1255   8.2930859362417131     
        1256   8.2930859362417131     
        1257   8.2785315371793704     
        1258   8.2737147568067595     
        1259   8.2978620740029321     
        1260   8.3172579545450329     
        1261   8.2799469027401802     
        1262   8.2799469027401802     
        1263   8.2847048258840914     
        1264   8.2769170625330979     
        1265   8.2739211425979828     
        1266   8.2639406391687356     
        1267   8.2635653621789533     
        1268   8.2609222593930447     
        1269   8.2829971622865859     
        1270   8.2829971622865859     
        1271   8.2829971622865859     
        1272   8.2616039201957037     
        1273   8.2604357570213303     
        1274   8.2733896487733567     
        1275   8.2987041107227100     
        1276   8.2987041107227100     
        1277   8.3033635284974725     
        1278   8.2784515419107674     
        1279   8.2784515419107674     
        1280   8.2707057724133719     
        1281   8.2995933553720942     
        1282   8.2995933553720942     
        1283   8.2803730601947194     
        1284   8.2803730601947194     
        1285   8.2986513254573335     
        1286   8.3198606749673480     
        1287   8.3216266795779603     
        1288   8.2960496077123018     
        1289   8.2960496077123018     
        1290   8.2622077103259883     
        1291   8.2716776452346554     
        1292   8.2765474528287282     
        1293   8.2867115133593039     
        1294   8.2488336009624437     
        1295   8.2865740483000234     
        1296   8.2865740483000234     
        1297   8.2566042456062796     
        1298   8.2566042456062796     
        1299   8.2592323767411031     
        1300   8.2352909380587089     
        1301   8.2658591754979778     
        1302   8.2695809799425621     
        1303   8.2695809799425621     
        1304   8.2651997207458052     
        1305   8.2456753731835217     
        1306   8.2599870133893223     
        1307   8.2573711047154124     
        1308   8.2573711047154124     
        1309   8.2511046206165730     
        1310   8.2378787133210345     
        1311   8.2602034766404735     
        1312   8.2602034766404735     
        1313   8.2678852614907932     
        1314   8.2680146590333727     
        1315   8.2472599359523127     
        1316   8.2472599359523127     
        1317   8.2472599359523127     
        1318   8.2993763720427616     
        1319   8.2677651667302747     
        1320   8.2483862273115598     
        1321   8.2768774376464371     
        1322   8.2768774376464371     
        1323   8.2549981880290879     
        1324   8.2549981880290879     
        1325   8.2623689881544067     
        1326   8.2722935470179735     
        1327   8.2569947912414321     
        1328   8.2676997823683216     
        1329   8.2664444927085015     
        1330   8.2664444927085015     
        1331   8.2649490959581193     
        1332   8.2274864664142520     
        1333   8.2304733466678233     
        1334   8.2304733466678233     
        1335   8.2518302867349700     
        1336   8.2344434910279283     
        1337   8.2473772584399523     
        1338   8.2531935336013582     
        1339   8.2531935336013582     
        1340   8.2116804033258699     
        1341   8.2203381128286797     
        1342   8.2203381128286797     
        1343   8.2203381128286797     
        1344   8.2203381128286797     
        1345   8.2316989153235838     
        1346   8.2339157771727560     
        1347   8.2339157771727560     
        1348   8.2247783622698076     
        1349   8.2247783622698076     
        1350   8.1910402026978169     
        1351   8.2318712217367409     
        1352   8.2318712217367409     
        1353   8.2318712217367409     
        1354   8.2318712217367409     
        1355   8.2471262404381793     
        1356   8.2656124951361427     
        1357   8.2670066438225653     
        1358   8.2710996191944837     
        1359   8.2710996191944837     
        1360   8.2626743533630176     
        1361   8.2626743533630176     
        1362   8.2481788797662432     
        1363   8.2935611489927350     
        1364   8.2766471446720242     
        1365   8.2766471446720242     
        1366   8.2874905630957176     
        1367   8.2735275737533573     
        1368   8.2750591770251081     
        1369   8.2466848366910632     
        1370   8.2708660853770084     
        1371   8.2691251602072455     
        1372   8.2966911449884613     
        1373   8.2681467308304661     
        1374   8.2681467308304661     
        1375   8.2381343092860249     
        1376   8.2409482294247720     
        1377   8.2409482294247720     
        1378   8.2767395134516661     
        1379   8.2687366436514562     
        1380   8.2367054382807208     
        1381   8.2710613682537950     
        1382   8.2903241895412680     
        1383   8.2767186068103040     
        1384   8.2767186068103040     
        1385   8.2767186068103040     
        1386   8.2767186068103040     
        1387   8.2767186068103040     
        1388   8.2661380588857423     
        1389   8.2747075566726167     
        1390   8.3027683558054246     
        1391   8.2545711212313222     
        1392   8.2545711212313222     
        1393   8.2334250541697713     
        1394   8.2366571898068734     
        1395   8.3088426560515334     
        1396   8.3360049563425882     
        1397   8.3078443402430651     
        1398   8.3168221904649453     
        1399   8.3330441038548848     
        1400   8.3034361129695675     
        1401   8.3034361129695675     
        1402   8.3034361129695675     
        1403   8.2936174669890459     
        1404   8.2936174669890459     
        1405   8.2465791612194650     
        1406   8.2856051106320852     
        1407   8.2841538560956440     
        1408   8.2945473346513019     
        1409   8.2945473346513019     
        1410   8.3026252046815170     
        1411   8.2755412914210797     
        1412   8.2730824803710590     
        1413   8.2730824803710590     
        1414   8.2378223568541209     
        1415   8.2378223568541209     
        1416   8.2378223568541209     
        1417   8.2813184076679605     
        1418   8.3068059515948924     
        1419   8.2944445167518204     
        1420   8.3261807796601488     
        1421   8.2951030535345183     
        1422   8.2796898862435029     
        1423   8.2796898862435029     
        1424   8.2842609790879322     
        1425   8.2842609790879322     
        1426   8.2710344419913682     
        1427   8.2884573461300715     
        1428   8.2884573461300715     
        1429   8.2645742073503232     
        1430   8.2826904746310426     
        1431   8.2712608088469288     
        1432   8.2662563304026868     
        1433   8.2662563304026868     
        1434   8.2662563304026868     
        1435   8.2533688614138452     
        1436   8.2837651153789746     
        1437   8.2837651153789746     
        1438   8.2408252328844078     
        1439   8.2554733811936600     
        1440   8.2691572939280231     
        1441   8.2691572939280231     
        1442   8.2571611107960070     
        1443   8.2531402582161508     
        1444   8.2718295753322568     
        1445   8.2718295753322568     
        1446   8.2646680258861096     
        1447   8.2646680258861096     
        1448   8.2566902579527834     
        1449   8.2786861344456639     
        1450   8.2777448476610189     
        1451   8.2777448476610189     
        1452   8.2560180713303808     
        1453   8.2560180713303808     
        1454   8.2652053654949231     
        1455   8.2772614675965333     
        1456   8.2850711528361263     
        1457   8.2831350329780093     
        1458   8.2831350329780093     
        1459   8.2992413488430774     
        1460   8.2720499496646500     
        1461   8.2768355617001266     
        1462   8.2535309569949806     
        1463   8.2489622758700509     
        1464   8.2572993588344907     
        1465   8.2345529226540961     
        1466   8.2345529226540961     
        1467   8.2580332024080523     
        1468   8.2604631129755379     
        1469   8.2413291870939744     
        1470   8.2510397289486779     
        1471   8.2510397289486779     
        1472   8.2510397289486779     
        1473   8.2844107565403462     
        1474   8.2844107565403462     
        1475   8.2834026550115780     
        1476   8.2834026550115780     
        1477   8.2834026550115780     
        1478   8.2709665450908627     
        1479   8.2449070037107290     
        1480   8.2826433347692454     
        1481   8.2717862114454199     
        1482   8.2397200005756108     
        1483   8.2798368037552130     
        1484   8.2798368037552130     
        1485   8.2798368037552130     
        1486   8.2548175817163933     
        1487   8.2548175817163933     
        1488   8.2390060724984906     
        1489   8.2390060724984906     
        1490   8.2526575535500477     
        1491   8.2526575535500477     
        1492   8.2238694976963700     
        1493   8.2461420312691001     
        1494   8.2756656592755249     
        1495   8.2804048794332861     
        1496   8.2473124372616908     
        1497   8.2473124372616908     
        1498   8.2473124372616908     
        1499   8.2633097577451604     
        1500   8.2329180651007690     
        1501   8.2329655838091771     
        1502   8.2718213405362455     
        1503   8.2680705658928471     
        1504   8.2680705658928471     
        1505   8.2326680079857102     
        1506   8.2326680079857102     
        1507   8.2392516084579039     
        1508   8.2664816116968236     
        1509   8.2641103255012300     
        1510   8.2949459414162074     
        1511   8.2479463835413380     
        1512   8.2479463835413380     
        1513   8.2479463835413380     
        1514   8.2394419792954050     
        1515   8.2451916994665755     
        1516   8.2153518642091452     
        1517   8.2520296712311403     
        1518   8.2387023227518945     
        1519   8.2394756579976232     
        1520   8.2394756579976232     
        1521   8.2394756579976232     
        1522   8.2315279317313674     
        1523   8.2275259641084713     
        1524   8.2275259641084713     
        1525   8.2275259641084713     
        1526   8.2275974001052621     
        1527   8.2381745883313862     
        1528   8.2215948137518708     
        1529   8.2436596802455959     
        1530   8.2486477708676862     
        1531   8.2459200439779288     
        1532   8.2720223818832235     
        1533   8.2771437056026365     
        1534   8.2551504714587924     
        1535   8.2622034730705085     
        1536   8.2622034730705085     
        1537   8.2401185315847645     
        1538   8.2917282443350597     
        1539   8.2542107848523525     
        1540   8.2542107848523525     
        1541   8.2542107848523525     
        1542   8.2530371144357026     
        1543   8.2272153558358827     
        1544   8.2482239396331547     
        1545   8.2195832250804486     
        1546   8.2266500783747496     
        1547   8.2232161237364636     
        1548   8.2232161237364636     
        1549   8.2232161237364636     
        1550   8.2548152306355327     
        1551   8.2530878553653064     
        1552   8.2530878553653064     
        1553   8.2519506218773575     
        1554   8.2309173681490719     
        1555   8.2645059949341952     
        1556   8.2505176566979994     
        1557   8.2505176566979994     
        1558   8.2565532529212611     
        1559   8.2264789905042495     
        1560   8.2441897443147969     
        1561   8.2529855670541483     
        1562   8.2529855670541483     
        1563   8.2270772482710974     
        1564   8.2248265756012575     
        1565   8.2248265756012575     
        1566   8.2369619348754668     
        1567   8.2369619348754668     
        1568   8.2585327344479058     
        1569   8.2585327344479058     
        1570   8.2585327344479058     
        1571   8.2340856984543986     
        1572   8.2032083047483297     
        1573   8.2428856465675935     
        1574   8.2342624193226737     
        1575   8.2342624193226737     
        1576   8.2161611030362618     
        1577   8.2161611030362618     
        1578   8.2406481929385471     
        1579   8.2406481929385471     
        1580   8.2823633031858215     
        1581   8.2823633031858215     
        1582   8.2823633031858215     
        1583   8.2823633031858215     
        1584   8.2823633031858215     
        1585   8.2455215526735248     
        1586   8.2426883266058564     
        1587   8.2426883266058564     
        1588   8.2392322070023738     
        1589   8.2422423404917282     
        1590   8.2373459311795294     
        1591   8.2692089535531963     
        1592   8.2692089535531963     
        1593   8.2615116753363633     
        1594   8.2680181629498062     
        1595   8.2732684955113776     
        1596   8.2732684955113776     
        1597   8.2732684955113776     
        1598   8.2732684955113776     
        1599   8.3092546260889986     
        1600   8.2816645351844613     
        1601   8.2816645351844613     
        1602   8.2598969150940462     
        1603   8.2638845313632299     
        1604   8.2590923780966659     
        1605   8.2590923780966659     
        1606   8.2617954976411205     
        1607   8.2367044522413089     
        1608   8.2367044522413089     
        1609   8.2627793805935053     
        1610   8.2605207713048898     
        1611   8.2825682816543615     
        1612   8.2925587641972278     
        1613   8.2855043828389832     
        1614   8.2855043828389832     
        1615   8.2567913239688036     
        1616   8.2538095358204693     
        1617   8.2500547282527865     
        1618   8.2500547282527865     
        1619   8.2985487741401176     
        1620   8.2985487741401176     
        1621   8.2985487741401176     
        1622   8.2985487741401176     
        1623   8.2985487741401176     
        1624   8.2890441044793999     
        1625   8.2507746138227738     
        1626   8.2406569466266077     
        1627   8.2719363659274148     
        1628   8.2719363659274148     
        1629   8.2719363659274148     
        1630   8.2719363659274148     
        1631   8.3034423145240872     
        1632   8.2866434084812557     
        1633   8.2866434084812557     
        1634   8.2843793411870390     
        1635   8.2850331318824413     
        1636   8.2850331318824413     
        1637   8.2687967997783627     
        1638   8.2881807004806003     
        1639   8.2850606650489524     
        1640   8.2746770070582869     
        1641   8.2653838360565484     
        1642   8.2954957159210476     
        1643   8.2829735538779019     
        1644   8.2829735538779019     
        1645   8.2981291738821916     
        1646   8.2972482094970914     
        1647   8.2972482094970914     
        1648   8.2972482094970914     
        1649   8.2812092201246141     
        1650   8.2812092201246141     
        1651   8.2812092201246141     
        1652   8.2738763865251634     
        1653   8.2738763865251634     
        1654   8.2738763865251634     
        1655   8.2627260676557324     
        1656   8.2804967803563923     
        1657   8.2680069018017743     
        1658   8.2680069018017743     
        1659   8.2680069018017743     
        1660   8.2680069018017743     
        1661   8.2573573505476165     
        1662   8.3002544093882342     
        1663   8.2671396600576905     
        1664   8.2429108269105598     
        1665   8.2429108269105598     
        1666   8.2776979730400537     
        1667   8.2793858817726047     
        1668   8.2607096670282409     
        1669   8.2650129594773070     
        1670   8.2486522190092835     
        1671   8.2638288032130198     
        1672   8.2603426536817661     
        1673   8.2940088519677442     
        1674   8.2940088519677442     
        1675   8.2589003694018128     
        1676   8.2259343496763684     
        1677   8.2348593326313662     
        1678   8.2603265205412644     
        1679   8.2346227441352315     
        1680   8.2346227441352315     
        1681   8.2545461048542705     
        1682   8.2545461048542705     
        1683   8.2452462107221240     
        1684   8.2452462107221240     
        1685   8.2632590501285375     
        1686   8.2716703681674613     
        1687   8.2706130247522633     
        1688   8.2706130247522633     
        1689   8.2706130247522633     
        1690   8.2706130247522633     
        1691   8.2706130247522633     
        1692   8.2889396438599938     
        1693   8.2889396438599938     
        1694   8.2785601519054328     
        1695   8.2479822306990478     
        1696   8.2606263110770968     
        1697   8.2580591639870562     
        1698   8.2580591639870562     
        1699   8.2580591639870562     
        1700   8.2580591639870562     
        1701   8.2580591639870562     
        1702   8.2580591639870562     
        1703   8.2580591639870562     
        1704   8.2589987811857490     
        1705   8.2589570144979785     
        1706   8.2810069250517273     
        1707   8.2461572877715454     
        1708   8.2672912974067430     
        1709   8.2672912974067430     
        1710   8.2668016446373098     
        1711   8.2861110737646833     
        1712   8.2640744405789714     
        1713   8.2606784253429062     
        1714   8.2968748964535113     
        1715   8.2968748964535113     
        1716   8.2754601851444125     
        1717   8.2717609843179449     
        1718   8.2767594328998122     
        1719   8.2668893817722537     
        1720   8.2812590941953683     
        1721   8.2785166850168910     
        1722   8.2802212031776961     
        1723   8.2802212031776961     
        1724   8.2819744025125388     
        1725   8.2980121305433343     
        1726   8.2980121305433343     
        1727   8.2980121305433343     
        1728   8.2930287827065605     
        1729   8.2603659270546093     
        1730   8.2603659270546093     
        1731   8.2603659270546093     
        1732   8.2603659270546093     
        1733   8.2495654472455211     
        1734   8.2520899995254346     
        1735   8.2533111879672774     
        1736   8.2753821082607697     
        1737   8.2735433389061335     
        1738   8.2381342530557955     
        1739   8.2782174858007700     
        1740   8.2563776074544553     
        1741   8.2756435602138207     
        1742   8.2855770255344670     
        1743   8.2658777268866235     
        1744   8.2658777268866235     
        1745   8.2658777268866235     
        1746   8.2658777268866235     
        1747   8.2549936013745899     
        1748   8.2621757287914814     
        1749   8.2253432303149143     
        1750   8.2390019199771842     
        1751   8.2390019199771842     
        1752   8.2285148195953610     
        1753   8.2649178287286276     
        1754   8.2259269035802589     
        1755   8.2259269035802589     
        1756   8.2509510451051966     
        1757   8.2509510451051966     
        1758   8.2509510451051966     
        1759   8.2356271471338136     
        1760   8.2327501135961896     
        1761   8.2454303601715448     
        1762   8.2454303601715448     
        1763   8.2705036289386911     
        1764   8.2366493807991272     
        1765   8.2366493807991272     
        1766   8.2366493807991272     
        1767   8.2272355705033409     
        1768   8.2272355705033409     
        1769   8.2568941026701594     
        1770   8.2737579207581327     
        1771   8.2700189036498326     
        1772   8.2929071995013519     
        1773   8.2652288239756579     
        1774   8.2609116181059630     
        1775   8.2810128150639652     
        1776   8.2669633629465320     
        1777   8.2839959343522178     
        1778   8.2767594157290123     
        1779   8.2599054361889692     
        1780   8.2599054361889692     
        1781   8.2866096987216018     
        1782   8.2747102947975470     
        1783   8.2703419490765189     
        1784   8.2827795644790747     
        1785   8.2827795644790747     
        1786   8.3199022048748539     
        1787   8.3199022048748539     
        1788   8.3199022048748539     
        1789   8.2930256263733124     
        1790   8.2930256263733124     
        1791   8.2930256263733124     
        1792   8.3105075387707252     
        1793   8.2843238437918245     
        1794   8.2843238437918245     
        1795   8.2831633941557037     
        1796   8.2870859017377132     
        1797   8.2870859017377132     
        1798   8.2659026876009172     
        1799   8.2888753119735465     
        1800   8.2888753119735465     
        1801   8.2888753119735465     
        1802   8.2794088386971527     
        1803   8.2465535496998079     
        1804   8.2801911993481507     
        1805   8.2462006014475513     
        1806   8.2662848785118737     
        1807   8.2943951344328575     
        1808   8.3109820893387418     
        1809   8.2973343164518720     
        1810   8.3205649225361373     
        1811   8.2913489888898315     
        1812   8.2913489888898315     
        1813   8.2587410080045629     
        1814   8.2969062545206160     
        1815   8.2997895974562539     
        1816   8.2745301292796114     
        1817   8.2745301292796114     
        1818   8.2745301292796114     
        1819   8.2745301292796114     
        1820   8.2745301292796114     
        1821   8.2493715706177326     
        1822   8.2679500683638878     
        1823   8.2827360411766460     
        1824   8.2645065216859166     
        1825   8.2645065216859166     
        1826   8.2919077822331104     
        1827   8.2855479894937449     
        1828   8.2855479894937449     
        1829   8.2523366355602708     
        1830   8.2856496896902208     
        1831   8.2856496896902208     
        1832   8.2751662749739978     
        1833   8.2770726025079817     
        1834   8.2611294501060470     
        1835   8.2852555430630499     
        1836   8.2852555430630499     
        1837   8.2852555430630499     
        1838   8.3035272138826315     
        1839   8.3035272138826315     
        1840   8.3035272138826315     
        1841   8.3035272138826315     
        1842   8.2916530869819329     
        1843   8.2916530869819329     
        1844   8.2792636196116511     
        1845   8.2838249218034132     
        1846   8.2916006059397951     
        1847   8.2698656798537460     
        1848   8.2888879955724057     
        1849   8.2888879955724057     
        1850   8.2706665995834765     
        1851   8.2706665995834765     
        1852   8.3055995749566378     
        1853   8.3055995749566378     
        1854   8.3164271238261058     
        1855   8.3164271238261058     
        1856   8.2885297674629630     
        1857   8.2970508546367014     
        1858   8.2654356078304172     
        1859   8.2654356078304172     
        1860   8.2805108506420133     
        1861   8.2816672419295898     
        1862   8.2816672419295898     
        1863   8.2816672419295898     
        1864   8.2625319426703587     
        1865   8.2690619056641825     
        1866   8.2690619056641825     
        1867   8.2668522818902233     
        1868   8.2982576685910772     
        1869   8.2729395612775090     
        1870   8.2729395612775090     
        1871   8.2876038138572348     
        1872   8.2562582194523575     
        1873   8.2562582194523575     
        1874   8.2479190086320990     
        1875   8.2479190086320990     
        1876   8.2479190086320990     
        1877   8.2651981316272600     
        1878   8.2651981316272600     
        1879   8.2982618795509566     
        1880   8.3041470652631659     
        1881   8.2840008801994323     
        1882   8.3026349117376874     
        1883   8.3026349117376874     
        1884   8.3026349117376874     
        1885   8.3273943837259008     
        1886   8.3321763493064296     
        1887   8.3321763493064296     
        1888   8.3215413880868603     
        1889   8.3215413880868603     
        1890   8.3193620073249761     
        1891   8.3193620073249761     
        1892   8.3193620073249761     
        1893   8.3193620073249761     
        1894   8.3193620073249761     
        1895   8.3134566353581096     
        1896   8.3004045250499647     
        1897   8.2787296299750679     
        1898   8.2949953114131567     
        1899   8.2949953114131567     
        1900   8.2651333426227502     
        1901   8.2615938380016765     
        1902   8.2707786638513223     
        1903   8.2890026193391932     
        1904   8.2741007886838336     
        1905   8.2741007886838336     
        1906   8.3018137108415910     
        1907   8.2623488083169221     
        1908   8.2663628498412827     
        1909   8.2654249083265956     
        1910   8.2654249083265956     
        1911   8.2514978150557940     
        1912   8.2630922948356140     
        1913   8.2908549154464346     
        1914   8.2908549154464346     
        1915   8.2548809572450033     
        1916   8.2593628620984934     
        1917   8.2593628620984934     
        1918   8.2593628620984934     
        1919   8.2769897811539206     
        1920   8.2769897811539206     
        1921   8.2567017230319859     
        1922   8.2636286397724312     
        1923   8.2636286397724312     
        1924   8.2641119237905727     
        1925   8.2641119237905727     
        1926   8.2840313756784045     
        1927   8.2770267056176188     
        1928   8.2537291202070424     
        1929   8.2771440728511898     
        1930   8.2771440728511898     
        1931   8.2889676050435117     
        1932   8.3009006133791008     
        1933   8.2733236999443882     
        1934   8.2794522731091380     
        1935   8.3048893945881694     
        1936   8.3048893945881694     
        1937   8.3203285899900052     
        1938   8.3323123830233072     
        1939   8.3297683223406764     
        1940   8.2803880061864543     
        1941   8.2803880061864543     
        1942   8.2803880061864543     
        1943   8.2803880061864543     
        1944   8.2557043725094701     
        1945   8.2607893544238244     
        1946   8.2607893544238244     
        1947   8.2607893544238244     
        1948   8.2607893544238244     
        1949   8.2864612720454023     
        1950   8.2699538351817470     
        1951   8.2730192130608025     
        1952   8.2730192130608025     
        1953   8.2543423891104180     
        1954   8.2543423891104180     
        1955   8.2622275005684713     
        1956   8.2692581437805970     
        1957   8.2501197128460930     
        1958   8.2630751129778730     
        1959   8.2575483742121865     
        1960   8.2951697847181336     
        1961   8.2559148806320373     
        1962   8.2559148806320373     
        1963   8.2606607825461591     
        1964   8.2283099631768604     
        1965   8.2533425253314174     
        1966   8.2544630056839150     
        1967   8.2544630056839150     
        1968   8.2525636743344375     
        1969   8.2350369665102363     
        1970   8.2441173242226640     
        1971   8.2862473689307929     
        1972   8.2669136593283667     
        1973   8.2571051340454638     
        1974   8.2571051340454638     
        1975   8.2571051340454638     
        1976   8.2571051340454638     
        1977   8.2571051340454638     
        1978   8.2790596505859710     
        1979   8.2790596505859710     
        1980   8.2877973656824295     
        1981   8.2655076836864918     
        1982   8.2861681722961666     
        1983   8.2861681722961666     
        1984   8.2832633426952142     
        1985   8.2832633426952142     
        1986   8.2926470722784842     
        1987   8.2578274664095286     
        1988   8.2833900926529456     
        1989   8.2833900926529456     
        1990   8.2572451122513044     
        1991   8.2572451122513044     
        1992   8.2512961227665205     
        1993   8.2512961227665205     
        1994   8.2702537146361834     
        1995   8.2702537146361834     
        1996   8.2776353592844956     
        1997   8.2537874355032095     
        1998   8.2647436750475443     
        1999   8.2547057622328150     
        2000   8.2469001507520758     
