 SAMPLE,  BOXLENGTH
           1   8.3806558988111490     
           2   8.3806558988111490     
           3   8.3543364389985069     
           4   8.3543364389985069     
           5   8.3720326717362639     
           6   8.3720326717362639     
           7   8.3431814694169031     
           8   8.3431814694169031     
           9   8.3491518901458850     
          10   8.3174456694105530     
          11   8.3440677261087028     
          12   8.3385529671184653     
          13   8.3218688071471139     
          14   8.3218688071471139     
          15   8.3218688071471139     
          16   8.3218688071471139     
          17   8.3218688071471139     
          18   8.3218688071471139     
          19   8.3218688071471139     
          20   8.3218688071471139     
          21   8.3218688071471139     
          22   8.3218688071471139     
          23   8.3129302317669396     
          24   8.3401098863811924     
          25   8.3750901232165784     
          26   8.3750901232165784     
          27   8.3577891120601713     
          28   8.3564234738366050     
          29   8.3564234738366050     
          30   8.3452149267462108     
          31   8.3746323981345636     
          32   8.3746323981345636     
          33   8.3578344172402872     
          34   8.3505913469661923     
          35   8.3162157654101332     
          36   8.3162157654101332     
          37   8.3225685593585634     
          38   8.3605979607551948     
          39   8.3356068485141446     
          40   8.3356068485141446     
          41   8.3204823531076233     
          42   8.3650933044482496     
          43   8.3650933044482496     
          44   8.3345862030150624     
          45   8.3326505861586551     
          46   8.3288575574577255     
          47   8.3288575574577255     
          48   8.3393618278833763     
          49   8.3393618278833763     
          50   8.3625691845622026     
          51   8.3808871601752504     
          52   8.3808871601752504     
          53   8.3808871601752504     
          54   8.3381190447836619     
          55   8.3381190447836619     
          56   8.3660638282863289     
          57   8.3373663078690434     
          58   8.3452569750553423     
          59   8.3452569750553423     
          60   8.3293394796271638     
          61   8.3293394796271638     
          62   8.3293394796271638     
          63   8.3293394796271638     
          64   8.3489672012036937     
          65   8.3439346919154591     
          66   8.3439346919154591     
          67   8.3036322425061169     
          68   8.3400169509547695     
          69   8.3099124244292408     
          70   8.3099981017729725     
          71   8.2975010062644401     
          72   8.3365261816060556     
          73   8.3442681032837669     
          74   8.3442681032837669     
          75   8.3838735362403387     
          76   8.3261001581527090     
          77   8.3295328132367796     
          78   8.3295328132367796     
          79   8.3295328132367796     
          80   8.3492325766647522     
          81   8.3492325766647522     
          82   8.3066112212059728     
          83   8.3442334619549712     
          84   8.3442334619549712     
          85   8.3178849830303445     
          86   8.3280761845217341     
          87   8.3173756500108151     
          88   8.3173756500108151     
          89   8.3057775245847818     
          90   8.3057775245847818     
          91   8.3112912155981924     
          92   8.3112912155981924     
          93   8.3112912155981924     
          94   8.3075339622858664     
          95   8.3521981076323595     
          96   8.3521981076323595     
          97   8.3521981076323595     
          98   8.3521981076323595     
          99   8.3167246842437770     
         100   8.3167246842437770     
         101   8.3460739659126659     
         102   8.3102153293021033     
         103   8.3343476249972905     
         104   8.3311713832389565     
         105   8.3299937068163032     
         106   8.3299937068163032     
         107   8.2963806920082899     
         108   8.3255702176789370     
         109   8.3330619807761597     
         110   8.3385132814980913     
         111   8.3385132814980913     
         112   8.3059423414716189     
         113   8.2956021630479100     
         114   8.2956021630479100     
         115   8.3170663931814115     
         116   8.3177400704498154     
         117   8.2874606963445725     
         118   8.3242119997748656     
         119   8.3186941479773591     
         120   8.3438953623678707     
         121   8.3438953623678707     
         122   8.3387139218289850     
         123   8.3182193591310085     
         124   8.3666666919331885     
         125   8.3435755451168259     
         126   8.3015666044500573     
         127   8.3514571804207360     
         128   8.3167235165851974     
         129   8.3037334797926441     
         130   8.3238860947488327     
         131   8.3456629030881953     
         132   8.3469696725845530     
         133   8.3659496430790234     
         134   8.3659496430790234     
         135   8.3345625395640326     
         136   8.3363104656954512     
         137   8.3363104656954512     
         138   8.3456862686734183     
         139   8.3728055747297230     
         140   8.3525910798366017     
         141   8.3525910798366017     
         142   8.3244855222542800     
         143   8.3338001831403528     
         144   8.3338001831403528     
         145   8.3338001831403528     
         146   8.3112229807667592     
         147   8.3112229807667592     
         148   8.3004865061294932     
         149   8.2617878366733741     
         150   8.2617878366733741     
         151   8.3016012166969393     
         152   8.3288721525483709     
         153   8.2804617427986056     
         154   8.3002011390678518     
         155   8.2911800214193363     
         156   8.3190910142925993     
         157   8.3035619694588529     
         158   8.3035619694588529     
         159   8.3035619694588529     
         160   8.2994789042038253     
         161   8.2938937560050174     
         162   8.3173803238166819     
         163   8.3173803238166819     
         164   8.3173803238166819     
         165   8.3074068153214924     
         166   8.3074068153214924     
         167   8.3074068153214924     
         168   8.3074068153214924     
         169   8.2895118644850623     
         170   8.2895118644850623     
         171   8.2862970688308568     
         172   8.3087885161792610     
         173   8.3087885161792610     
         174   8.2967667203591269     
         175   8.2967667203591269     
         176   8.3154780390955931     
         177   8.3070856239670139     
         178   8.3334380165695414     
         179   8.3064117667323298     
         180   8.3077521588534218     
         181   8.3136494806980874     
         182   8.3136494806980874     
         183   8.3136494806980874     
         184   8.3136494806980874     
         185   8.3136494806980874     
         186   8.3136494806980874     
         187   8.3037460248610024     
         188   8.3305831617212576     
         189   8.3250596823570309     
         190   8.3250596823570309     
         191   8.3250596823570309     
         192   8.2906146595298882     
         193   8.3035210634080840     
         194   8.3072345557950200     
         195   8.3352930652062032     
         196   8.3352930652062032     
         197   8.3465743347807226     
         198   8.3389070680238540     
         199   8.3421930020994655     
         200   8.3558406996049577     
         201   8.3106372841235352     
         202   8.2795130935166981     
         203   8.3121850572993150     
         204   8.2970794100906744     
         205   8.2966432821894180     
         206   8.3413108117118071     
         207   8.3413108117118071     
         208   8.3413108117118071     
         209   8.3413108117118071     
         210   8.3036498888589847     
         211   8.3036498888589847     
         212   8.3104185233114141     
         213   8.3159484325978994     
         214   8.2916471595405898     
         215   8.2576427300726323     
         216   8.2711834205851851     
         217   8.3128269600866016     
         218   8.3094448353766772     
         219   8.3094448353766772     
         220   8.3227183221742180     
         221   8.3227183221742180     
         222   8.3227183221742180     
         223   8.3213986780372888     
         224   8.3190711338155499     
         225   8.3091469698189808     
         226   8.3169714567222996     
         227   8.3293618105470202     
         228   8.3007782873855032     
         229   8.3007782873855032     
         230   8.3007782873855032     
         231   8.3195434384444731     
         232   8.3107992742367216     
         233   8.3107992742367216     
         234   8.3107992742367216     
         235   8.3107992742367216     
         236   8.3107992742367216     
         237   8.3107992742367216     
         238   8.3526211646532484     
         239   8.3526211646532484     
         240   8.3526211646532484     
         241   8.3233313002582037     
         242   8.3233313002582037     
         243   8.3233313002582037     
         244   8.3188729902259908     
         245   8.3188729902259908     
         246   8.3189161076193976     
         247   8.3603031254454816     
         248   8.3418563412243838     
         249   8.3415452514526152     
         250   8.3428438026936576     
         251   8.3143284118116423     
         252   8.3143284118116423     
         253   8.3351099399604749     
         254   8.3457770922169292     
         255   8.3457770922169292     
         256   8.3158034819655917     
         257   8.3158034819655917     
         258   8.3158034819655917     
         259   8.3290444042879646     
         260   8.3324919544522764     
         261   8.3498641902898036     
         262   8.3494960716194164     
         263   8.3209231921720495     
         264   8.3498155101594982     
         265   8.3498155101594982     
         266   8.3424941559211483     
         267   8.3486800786404434     
         268   8.3486800786404434     
         269   8.3150310262954665     
         270   8.3150310262954665     
         271   8.3114183471608456     
         272   8.3251629429046368     
         273   8.3251629429046368     
         274   8.3184783675921317     
         275   8.3451716628932520     
         276   8.3451716628932520     
         277   8.3304745354085235     
         278   8.2962382110248125     
         279   8.3227173339017551     
         280   8.3227173339017551     
         281   8.3077054317179790     
         282   8.2997095288722864     
         283   8.2997095288722864     
         284   8.2938919853589486     
         285   8.2807324353345582     
         286   8.2830059969005898     
         287   8.3479258861166024     
         288   8.3352260080350007     
         289   8.3187586205677970     
         290   8.3374813218939003     
         291   8.3374813218939003     
         292   8.3374813218939003     
         293   8.3270552874493617     
         294   8.3715711591459794     
         295   8.3636810379911406     
         296   8.3261775507400539     
         297   8.3382445696045071     
         298   8.3369076757991998     
         299   8.3328782697130581     
         300   8.3350406544099123     
         301   8.3472119193537431     
         302   8.3472119193537431     
         303   8.3311808865059707     
         304   8.3600692759861133     
         305   8.3440385373615094     
         306   8.3408108652588151     
         307   8.3209458578147917     
         308   8.3389398456525772     
         309   8.3157853027878854     
         310   8.3263867958124784     
         311   8.3263867958124784     
         312   8.3263867958124784     
         313   8.3488447140303474     
         314   8.3759049287428056     
         315   8.3759049287428056     
         316   8.3759049287428056     
         317   8.3319001242851929     
         318   8.3319001242851929     
         319   8.3319001242851929     
         320   8.3319001242851929     
         321   8.3551487744599111     
         322   8.3297853126180232     
         323   8.3297853126180232     
         324   8.3297853126180232     
         325   8.3297853126180232     
         326   8.3297853126180232     
         327   8.3285653907853536     
         328   8.3285653907853536     
         329   8.3448783901269739     
         330   8.3341973995179082     
         331   8.3341973995179082     
         332   8.3341973995179082     
         333   8.3512180929161115     
         334   8.3493266325013291     
         335   8.3529212302614688     
         336   8.3349150297978376     
         337   8.3349150297978376     
         338   8.3349150297978376     
         339   8.2982482591530093     
         340   8.3149956893604227     
         341   8.3149956893604227     
         342   8.3219798529249545     
         343   8.3510107664900861     
         344   8.3510107664900861     
         345   8.3455014761503481     
         346   8.3455014761503481     
         347   8.3201021312392207     
         348   8.3201021312392207     
         349   8.3201021312392207     
         350   8.3152318875522493     
         351   8.3152318875522493     
         352   8.3152318875522493     
         353   8.3152318875522493     
         354   8.3132810816083982     
         355   8.3132810816083982     
         356   8.3132810816083982     
         357   8.3537240377163755     
         358   8.3537240377163755     
         359   8.3536604349916299     
         360   8.3482380616005205     
         361   8.3482380616005205     
         362   8.3482380616005205     
         363   8.3827473687022174     
         364   8.3827473687022174     
         365   8.3429590789869987     
         366   8.3707216081577087     
         367   8.3576979479131452     
         368   8.3572107645206000     
         369   8.3633774020209959     
         370   8.3353607043687941     
         371   8.3535331801095545     
         372   8.3535331801095545     
         373   8.3315350018674010     
         374   8.3392676311116993     
         375   8.3137330918090271     
         376   8.3229398668294188     
         377   8.3229398668294188     
         378   8.3255747762935250     
         379   8.3451212894609377     
         380   8.3451212894609377     
         381   8.3341100115274038     
         382   8.3021746012847615     
         383   8.3021746012847615     
         384   8.3021746012847615     
         385   8.2948763813427693     
         386   8.2948763813427693     
         387   8.3223400389518360     
         388   8.3218702085289351     
         389   8.3234009499285619     
         390   8.3234009499285619     
         391   8.3665377832080630     
         392   8.3632767930406775     
         393   8.3301586890865487     
         394   8.3507639561593443     
         395   8.3718583463987120     
         396   8.3718583463987120     
         397   8.3718583463987120     
         398   8.3545670722853647     
         399   8.3545670722853647     
         400   8.3720653299599128     
         401   8.3524834552805132     
         402   8.3528736406122057     
         403   8.3673943507503203     
         404   8.3355156934114643     
         405   8.3317211021261528     
         406   8.3317211021261528     
         407   8.3317211021261528     
         408   8.3161974439804389     
         409   8.3161974439804389     
         410   8.3153692421296377     
         411   8.3260021146830496     
         412   8.3438510858311403     
         413   8.3438510858311403     
         414   8.3438510858311403     
         415   8.3711201856213666     
         416   8.3711201856213666     
         417   8.3711201856213666     
         418   8.3711201856213666     
         419   8.3188094201408749     
         420   8.3188094201408749     
         421   8.3148072205276922     
         422   8.3247655203095281     
         423   8.3690659412654274     
         424   8.3690659412654274     
         425   8.3690659412654274     
         426   8.3126204222445494     
         427   8.3126204222445494     
         428   8.3665578167333514     
         429   8.3318441980721865     
         430   8.3506562605853674     
         431   8.3356779195715891     
         432   8.3356779195715891     
         433   8.3377760475053968     
         434   8.3364945501118761     
         435   8.3102456509149061     
         436   8.3102456509149061     
         437   8.3102456509149061     
         438   8.3102456509149061     
         439   8.3085088293050795     
         440   8.3466058345090008     
         441   8.3304556853124758     
         442   8.3205716449673783     
         443   8.3205716449673783     
         444   8.3519482834813985     
         445   8.3283681914482521     
         446   8.3283681914482521     
         447   8.3050116614181366     
         448   8.2913316816130873     
         449   8.3352482689885523     
         450   8.3519219301831598     
         451   8.3527192724895230     
         452   8.3527192724895230     
         453   8.3646965878412924     
         454   8.3404547623227252     
         455   8.3259062455760766     
         456   8.3329125051443302     
         457   8.3329125051443302     
         458   8.3484491619967116     
         459   8.3484491619967116     
         460   8.3397695540277681     
         461   8.3397695540277681     
         462   8.3409132288035170     
         463   8.3526866188793676     
         464   8.3526866188793676     
         465   8.3702004132222552     
         466   8.3355987174139123     
         467   8.3793150040920761     
         468   8.3793150040920761     
         469   8.3793150040920761     
         470   8.3816453094587686     
         471   8.3766846552188632     
         472   8.3764172096126348     
         473   8.3677689176095758     
         474   8.3557803308878498     
         475   8.3557803308878498     
         476   8.3310696606070529     
         477   8.3169689883568729     
         478   8.3418857136897149     
         479   8.3418857136897149     
         480   8.3313243420918610     
         481   8.3313243420918610     
         482   8.3434443083973591     
         483   8.3381996568520265     
         484   8.3418811088188853     
         485   8.3270082332582565     
         486   8.2868995464794004     
         487   8.3253568275940353     
         488   8.3343578105920315     
         489   8.3343578105920315     
         490   8.3420833877594749     
         491   8.3288264673011572     
         492   8.3288264673011572     
         493   8.3351067454615677     
         494   8.3351067454615677     
         495   8.3301746779603967     
         496   8.3352354643648781     
         497   8.3315771689866516     
         498   8.3715354719938890     
         499   8.3529562520266971     
         500   8.3469364681843086     
         501   8.3336878346090160     
         502   8.3266697449809755     
         503   8.3594282032100189     
         504   8.3529085133298135     
         505   8.3628678373575589     
         506   8.3664114022459817     
         507   8.3664114022459817     
         508   8.3664114022459817     
         509   8.3746446873006555     
         510   8.3587461404095471     
         511   8.3587461404095471     
         512   8.3587461404095471     
         513   8.3335226715435624     
         514   8.3527706753995030     
         515   8.3174505728796646     
         516   8.3504255098723945     
         517   8.3504255098723945     
         518   8.3153641868428885     
         519   8.3216259512093256     
         520   8.3569890057282894     
         521   8.3197970679302564     
         522   8.3328016762107957     
         523   8.3328016762107957     
         524   8.3176941201204233     
         525   8.3123254565514504     
         526   8.3190543691368255     
         527   8.3190543691368255     
         528   8.2994361256031990     
         529   8.3361602763317038     
         530   8.3455252223349365     
         531   8.3312165565674210     
         532   8.3312165565674210     
         533   8.3459413258899122     
         534   8.3459413258899122     
         535   8.3459413258899122     
         536   8.3319437788850497     
         537   8.3205776499815176     
         538   8.3205776499815176     
         539   8.3536570707667082     
         540   8.3503625594693407     
         541   8.3503625594693407     
         542   8.3341635574403377     
         543   8.3116956723897228     
         544   8.3238596388959305     
         545   8.3238596388959305     
         546   8.3696683967506580     
         547   8.3659353253022086     
         548   8.3422346239612288     
         549   8.3031100754217988     
         550   8.3031100754217988     
         551   8.3031100754217988     
         552   8.3174611471987294     
         553   8.3039346117402975     
         554   8.2797066193090068     
         555   8.3180641230581607     
         556   8.3305505753812845     
         557   8.3305505753812845     
         558   8.3242175461414636     
         559   8.3288359516678412     
         560   8.3288359516678412     
         561   8.3333355643435425     
         562   8.3333355643435425     
         563   8.3163405529640748     
         564   8.3319241331541836     
         565   8.3319241331541836     
         566   8.3319241331541836     
         567   8.3319241331541836     
         568   8.3146150299054895     
         569   8.3146150299054895     
         570   8.3146150299054895     
         571   8.3146150299054895     
         572   8.3199443777201338     
         573   8.3525511469049381     
         574   8.3525511469049381     
         575   8.3521106558360039     
         576   8.3521106558360039     
         577   8.3521106558360039     
         578   8.3521106558360039     
         579   8.3611274027835982     
         580   8.3506727503582034     
         581   8.3506727503582034     
         582   8.3735167820046730     
         583   8.3399434148750728     
         584   8.3399434148750728     
         585   8.3521086337899995     
         586   8.3463711694690552     
         587   8.3463711694690552     
         588   8.3267074552488580     
         589   8.3267074552488580     
         590   8.3267074552488580     
         591   8.3267074552488580     
         592   8.3451085604757385     
         593   8.3263276536513349     
         594   8.3183109471377623     
         595   8.3306417246809623     
         596   8.3306417246809623     
         597   8.3306417246809623     
         598   8.3751260933950036     
         599   8.3805438052711683     
         600   8.3789799653804575     
         601   8.3661159028986098     
         602   8.3611346636921180     
         603   8.3611346636921180     
         604   8.3836529476213606     
         605   8.3836529476213606     
         606   8.3769870053242439     
         607   8.3781489503009059     
         608   8.3947574137153005     
         609   8.3566423915634545     
         610   8.3534456772956229     
         611   8.3534456772956229     
         612   8.3597643531576082     
         613   8.3433473993194713     
         614   8.3303589674417431     
         615   8.3303589674417431     
         616   8.3303589674417431     
         617   8.3303589674417431     
         618   8.3712841841660488     
         619   8.3824998455980229     
         620   8.3512190667280706     
         621   8.3512190667280706     
         622   8.3512190667280706     
         623   8.3711099824350601     
         624   8.3711099824350601     
         625   8.3711099824350601     
         626   8.3538111348568638     
         627   8.3247937760041104     
         628   8.3247937760041104     
         629   8.3505309951508053     
         630   8.3236068445802509     
         631   8.3441541698538924     
         632   8.3133230645038072     
         633   8.3230659279142660     
         634   8.3582207848461625     
         635   8.3582207848461625     
         636   8.3582207848461625     
         637   8.3525901481603402     
         638   8.3283358710100828     
         639   8.3498103425679986     
         640   8.3498103425679986     
         641   8.3490905876597399     
         642   8.3329094897493050     
         643   8.3639855803954308     
         644   8.3639855803954308     
         645   8.3353951903865582     
         646   8.3353951903865582     
         647   8.3353951903865582     
         648   8.3763412809552182     
         649   8.3438473816462029     
         650   8.3154922492147048     
         651   8.3154922492147048     
         652   8.3154922492147048     
         653   8.3562938837818432     
         654   8.3581500864456633     
         655   8.3490925118937014     
         656   8.3475924735578548     
         657   8.3472149400244078     
         658   8.3472149400244078     
         659   8.3860038900067959     
         660   8.3691051720852023     
         661   8.3449329705457966     
         662   8.3481622572987657     
         663   8.3550495489288839     
         664   8.3735553191728389     
         665   8.3564158537497697     
         666   8.3481801277774892     
         667   8.3480905472376268     
         668   8.3375869281094594     
         669   8.3375869281094594     
         670   8.3434690966047693     
         671   8.3383326550307633     
         672   8.3608541972242634     
         673   8.3511283047045790     
         674   8.3581479621869761     
         675   8.3507745155911213     
         676   8.3514703576829188     
         677   8.3514703576829188     
         678   8.3548049662437300     
         679   8.3548049662437300     
         680   8.3548049662437300     
         681   8.3620968499841304     
         682   8.3620968499841304     
         683   8.3620968499841304     
         684   8.3620968499841304     
         685   8.3589274479191928     
         686   8.3589274479191928     
         687   8.3589274479191928     
         688   8.3589274479191928     
         689   8.3589274479191928     
         690   8.3322809100504074     
         691   8.3322809100504074     
         692   8.3097277727101275     
         693   8.3097277727101275     
         694   8.3204424194491740     
         695   8.3158300207429949     
         696   8.3158300207429949     
         697   8.3024523932302721     
         698   8.3024523932302721     
         699   8.3378754185620441     
         700   8.3378754185620441     
         701   8.3004008295602123     
         702   8.3274763581950637     
         703   8.3312122581808126     
         704   8.3150948123432666     
         705   8.3274020666879398     
         706   8.3354457790995458     
         707   8.3098187711066576     
         708   8.3098187711066576     
         709   8.3075217590140529     
         710   8.3192813473730371     
         711   8.3192813473730371     
         712   8.3192813473730371     
         713   8.3799029040054069     
         714   8.3361566603182453     
         715   8.3967431646731150     
         716   8.3673819672156959     
         717   8.3781394110712384     
         718   8.3902016049942798     
         719   8.3908453432186541     
         720   8.3908453432186541     
         721   8.4036062449996098     
         722   8.3707899196365982     
         723   8.3754912768871730     
         724   8.3649656294338541     
         725   8.3649656294338541     
         726   8.3649656294338541     
         727   8.3649656294338541     
         728   8.3649656294338541     
         729   8.3649656294338541     
         730   8.3649656294338541     
         731   8.3724576068912864     
         732   8.3724576068912864     
         733   8.3392199060067682     
         734   8.3392199060067682     
         735   8.3687447178217500     
         736   8.3381013946059710     
         737   8.3611983907576786     
         738   8.3611983907576786     
         739   8.3569915362767748     
         740   8.3247076162904072     
         741   8.3583508690973538     
         742   8.3652204978184663     
         743   8.3652204978184663     
         744   8.3336987661502064     
         745   8.3228952366574394     
         746   8.3658940609582082     
         747   8.3517120076929778     
         748   8.3214879012404630     
         749   8.3466118244040182     
         750   8.3522668830300848     
         751   8.3522668830300848     
         752   8.3465738547202459     
         753   8.3293673257910594     
         754   8.3755629924269979     
         755   8.3637716490734988     
         756   8.3856260888625496     
         757   8.4076540784863454     
         758   8.4076540784863454     
         759   8.3872238759563160     
         760   8.3538400166089257     
         761   8.3591173615113767     
         762   8.3906043817894265     
         763   8.3528766765496751     
         764   8.3105795581604465     
         765   8.3551175574144096     
         766   8.3283088671600858     
         767   8.3663446602672451     
         768   8.3663446602672451     
         769   8.3663446602672451     
         770   8.3752910566991563     
         771   8.3607466677260689     
         772   8.3607466677260689     
         773   8.3516516233504472     
         774   8.3516516233504472     
         775   8.3670435592793169     
         776   8.3328432677627635     
         777   8.3276985662654361     
         778   8.3269946448908794     
         779   8.3672232068155044     
         780   8.3641689976932039     
         781   8.3378403091895219     
         782   8.3378403091895219     
         783   8.3378403091895219     
         784   8.3378403091895219     
         785   8.3378403091895219     
         786   8.3322811970213237     
         787   8.3307573318301653     
         788   8.3307573318301653     
         789   8.3307573318301653     
         790   8.3307573318301653     
         791   8.3511169822403790     
         792   8.3511169822403790     
         793   8.3109884609047437     
         794   8.3588330753338678     
         795   8.3588330753338678     
         796   8.3574535580087126     
         797   8.3656951268004356     
         798   8.3656951268004356     
         799   8.3347611540908240     
         800   8.3214784375826198     
         801   8.3321402509742306     
         802   8.3617118147442522     
         803   8.3362723709231421     
         804   8.3522255972040380     
         805   8.3687228730386156     
         806   8.3269109960959327     
         807   8.3290805312560554     
         808   8.3379073480567190     
         809   8.3379073480567190     
         810   8.3379073480567190     
         811   8.3165512344359893     
         812   8.3165512344359893     
         813   8.3165512344359893     
         814   8.3334656996085066     
         815   8.3334656996085066     
         816   8.3305975495858409     
         817   8.3114127973496483     
         818   8.3169283469575497     
         819   8.3272982064063115     
         820   8.3272982064063115     
         821   8.3315206212776634     
         822   8.3315206212776634     
         823   8.3322046881881437     
         824   8.3491941005725856     
         825   8.3491941005725856     
         826   8.3491941005725856     
         827   8.3308487414011250     
         828   8.3360363014076988     
         829   8.2958101083849733     
         830   8.3052663760628267     
         831   8.3207475334166254     
         832   8.3422250327954472     
         833   8.3422250327954472     
         834   8.3329480633493276     
         835   8.3276806797662744     
         836   8.3017215707881622     
         837   8.3017215707881622     
         838   8.3067459172485769     
         839   8.3067459172485769     
         840   8.3067459172485769     
         841   8.3290774838077422     
         842   8.3485899972365729     
         843   8.3868522160678332     
         844   8.3868522160678332     
         845   8.3502247558909204     
         846   8.3560649758011376     
         847   8.3560649758011376     
         848   8.3560649758011376     
         849   8.3560649758011376     
         850   8.3289893979603846     
         851   8.3289893979603846     
         852   8.3289893979603846     
         853   8.3673285184767554     
         854   8.3694378502709696     
         855   8.3448929401548373     
         856   8.3624488601388585     
         857   8.3624488601388585     
         858   8.3624488601388585     
         859   8.3389540917799163     
         860   8.3389540917799163     
         861   8.3392231951855642     
         862   8.3483312571779447     
         863   8.3483312571779447     
         864   8.3503121749868026     
         865   8.3329097262943570     
         866   8.3329097262943570     
         867   8.2993718538480685     
         868   8.3230361196111993     
         869   8.3230361196111993     
         870   8.3230361196111993     
         871   8.3562936861665253     
         872   8.3611208808784934     
         873   8.3637062697634814     
         874   8.3390279768369169     
         875   8.3390279768369169     
         876   8.3627724178326623     
         877   8.3863872528181105     
         878   8.3863872528181105     
         879   8.3758087638417695     
         880   8.3350387696950641     
         881   8.3667105811892402     
         882   8.3667105811892402     
         883   8.3576767322829753     
         884   8.3576767322829753     
         885   8.3532192228973994     
         886   8.3338009814785341     
         887   8.3340007418719164     
         888   8.3725130615543364     
         889   8.3785400370752061     
         890   8.3875673897378427     
         891   8.3425732716567378     
         892   8.3425732716567378     
         893   8.3425732716567378     
         894   8.3425732716567378     
         895   8.3425732716567378     
         896   8.3341693166114954     
         897   8.3472415532514699     
         898   8.3472415532514699     
         899   8.3486364677765721     
         900   8.3483393476868724     
         901   8.3570849955620208     
         902   8.3570849955620208     
         903   8.3570849955620208     
         904   8.3570849955620208     
         905   8.3300495061460005     
         906   8.3758956833685350     
         907   8.3758956833685350     
         908   8.3505527794496732     
         909   8.3505527794496732     
         910   8.3585366159972008     
         911   8.3499768110534696     
         912   8.3313081785461041     
         913   8.3313081785461041     
         914   8.3654259837049043     
         915   8.3654259837049043     
         916   8.3372179003450118     
         917   8.3372179003450118     
         918   8.3681213552481672     
         919   8.3337467852300122     
         920   8.3647761617590870     
         921   8.3387100000620951     
         922   8.3453348564978640     
         923   8.3453348564978640     
         924   8.3229975674276027     
         925   8.2871902932281092     
         926   8.3179963978391882     
         927   8.3179963978391882     
         928   8.3117531890717764     
         929   8.3323003686665498     
         930   8.3323003686665498     
         931   8.3266763952029166     
         932   8.3283340275894524     
         933   8.2879379912630320     
         934   8.2879379912630320     
         935   8.2879379912630320     
         936   8.2934119823993058     
         937   8.3291728631184441     
         938   8.3198796735904086     
         939   8.3198796735904086     
         940   8.3198796735904086     
         941   8.2945158601011304     
         942   8.2723339484797656     
         943   8.2723339484797656     
         944   8.2912100316860364     
         945   8.2932137779207675     
         946   8.3284858126116408     
         947   8.3284858126116408     
         948   8.3410974934699471     
         949   8.3403488047651262     
         950   8.3241070338479606     
         951   8.3241070338479606     
         952   8.3271323051237935     
         953   8.3307687202422063     
         954   8.3298459244230294     
         955   8.3599440424398352     
         956   8.3513849256793282     
         957   8.3459891466440084     
         958   8.3311050578522678     
         959   8.3066372457956845     
         960   8.3369753594957139     
         961   8.3324164149799618     
         962   8.3602045803682490     
         963   8.3602045803682490     
         964   8.3602045803682490     
         965   8.3857302941916743     
         966   8.3555492728575551     
         967   8.3555492728575551     
         968   8.3555492728575551     
         969   8.3374952506544364     
         970   8.3555649542055015     
         971   8.3516390082347698     
         972   8.3516390082347698     
         973   8.3516390082347698     
         974   8.3516390082347698     
         975   8.3368954089387621     
         976   8.3128573630661950     
         977   8.3269776473423338     
         978   8.3269776473423338     
         979   8.3115922528810291     
         980   8.3290388648247689     
         981   8.3125804606236517     
         982   8.3125804606236517     
         983   8.3125804606236517     
         984   8.3068225694317022     
         985   8.3444401204746033     
         986   8.3344636633392710     
         987   8.3247157368335376     
         988   8.3144828956310626     
         989   8.3318347432637374     
         990   8.2889647255321961     
         991   8.3319787497761340     
         992   8.3319787497761340     
         993   8.3319787497761340     
         994   8.3101113888771909     
         995   8.3373620208801480     
         996   8.3152357595380533     
         997   8.3284067622504256     
         998   8.3080128590796658     
         999   8.3287403501679069     
        1000   8.3115044683663548     
        1001   8.3115044683663548     
        1002   8.3247093987315406     
        1003   8.3418113081611658     
        1004   8.3132478159356271     
        1005   8.3132478159356271     
        1006   8.3019521467764577     
        1007   8.3070523393373499     
        1008   8.3070523393373499     
        1009   8.3070523393373499     
        1010   8.2977563626261297     
        1011   8.3301826829963694     
        1012   8.3321960289555612     
        1013   8.3486930069658083     
        1014   8.3070917108626450     
        1015   8.3550587371125253     
        1016   8.3238068815530806     
        1017   8.3238068815530806     
        1018   8.3607862176114534     
        1019   8.3791685853732982     
        1020   8.3745173785304008     
        1021   8.3734794587880739     
        1022   8.3213756777499448     
        1023   8.3293545445030990     
        1024   8.3641824124289208     
        1025   8.3401462952126888     
        1026   8.3431106949381402     
        1027   8.3431106949381402     
        1028   8.3267218143773043     
        1029   8.3267218143773043     
        1030   8.3267218143773043     
        1031   8.3228786244440194     
        1032   8.3522323045918778     
        1033   8.3478529126395582     
        1034   8.3459110010282203     
        1035   8.3616446943018072     
        1036   8.3775216382706503     
        1037   8.3661316870694531     
        1038   8.3485758134827144     
        1039   8.3485758134827144     
        1040   8.3363284145509233     
        1041   8.3532930661387539     
        1042   8.3532930661387539     
        1043   8.3532930661387539     
        1044   8.3247069761779198     
        1045   8.3353220619934643     
        1046   8.3353220619934643     
        1047   8.3394458962457190     
        1048   8.3483714591908829     
        1049   8.3483714591908829     
        1050   8.3483714591908829     
        1051   8.3483714591908829     
        1052   8.3483714591908829     
        1053   8.3186883238948965     
        1054   8.3249361141643732     
        1055   8.3012417779496097     
        1056   8.3199341732612293     
        1057   8.3199341732612293     
        1058   8.3199341732612293     
        1059   8.3199341732612293     
        1060   8.3132173410572729     
        1061   8.3466180978543072     
        1062   8.3166742725168294     
        1063   8.3286115450360576     
        1064   8.3569880865222554     
        1065   8.3569880865222554     
        1066   8.3790745872344718     
        1067   8.3790745872344718     
        1068   8.3682663385941058     
        1069   8.3594018892047419     
        1070   8.3594018892047419     
        1071   8.3734802784208373     
        1072   8.3533548833569871     
        1073   8.3533548833569871     
        1074   8.3535377631107846     
        1075   8.3535377631107846     
        1076   8.3492944957267881     
        1077   8.3492944957267881     
        1078   8.3731232236924846     
        1079   8.3567373894506858     
        1080   8.3331330111159776     
        1081   8.3101450268913908     
        1082   8.3301590770008023     
        1083   8.3194590625611227     
        1084   8.3475926730961820     
        1085   8.3200066767744865     
        1086   8.3200066767744865     
        1087   8.3200066767744865     
        1088   8.3200066767744865     
        1089   8.3350372053997326     
        1090   8.3337058285214578     
        1091   8.3337058285214578     
        1092   8.3337058285214578     
        1093   8.3600823609773851     
        1094   8.3600823609773851     
        1095   8.3518158255392638     
        1096   8.3490466592750021     
        1097   8.3490466592750021     
        1098   8.3490466592750021     
        1099   8.3490466592750021     
        1100   8.3621679246057408     
        1101   8.3621679246057408     
        1102   8.3371302880246372     
        1103   8.3320388877097464     
        1104   8.3467617965062910     
        1105   8.3604933835307609     
        1106   8.3678439561654674     
        1107   8.3527860053389880     
        1108   8.3835499330814791     
        1109   8.3835499330814791     
        1110   8.3901945119028696     
        1111   8.3901945119028696     
        1112   8.3901945119028696     
        1113   8.4068412020186845     
        1114   8.4105513286666316     
        1115   8.4099902397520996     
        1116   8.3890950850223707     
        1117   8.3890950850223707     
        1118   8.3434356512178223     
        1119   8.3434356512178223     
        1120   8.3850497120492768     
        1121   8.3895302620659393     
        1122   8.3325022747944022     
        1123   8.3537012406997455     
        1124   8.3512347665245699     
        1125   8.3512347665245699     
        1126   8.3512347665245699     
        1127   8.3512347665245699     
        1128   8.3512347665245699     
        1129   8.3222712575710673     
        1130   8.3353967391188082     
        1131   8.3511049051158661     
        1132   8.3511049051158661     
        1133   8.3511049051158661     
        1134   8.3749255841979799     
        1135   8.3457317685688093     
        1136   8.3225515314292746     
        1137   8.3390037882304053     
        1138   8.3699185285408824     
        1139   8.3699185285408824     
        1140   8.3639221719582526     
        1141   8.3639221719582526     
        1142   8.3680960578860386     
        1143   8.3572509078721442     
        1144   8.3597612711453753     
        1145   8.3758951307723581     
        1146   8.3579215517222583     
        1147   8.3579215517222583     
        1148   8.3597586490015452     
        1149   8.3597586490015452     
        1150   8.3597586490015452     
        1151   8.3680362172812401     
        1152   8.3680362172812401     
        1153   8.3680362172812401     
        1154   8.3680362172812401     
        1155   8.3741237598875937     
        1156   8.3812890497555408     
        1157   8.3455524162790375     
        1158   8.3455524162790375     
        1159   8.3474469906394031     
        1160   8.3172826549909296     
        1161   8.3218315335298580     
        1162   8.3218315335298580     
        1163   8.3633148721064359     
        1164   8.3775356852815772     
        1165   8.3775356852815772     
        1166   8.3775356852815772     
        1167   8.3620034310972446     
        1168   8.3393603043918709     
        1169   8.3393603043918709     
        1170   8.3593125096020682     
        1171   8.3316960336658603     
        1172   8.3499370009466389     
        1173   8.3695546223179740     
        1174   8.3329127074489389     
        1175   8.3374072213402730     
        1176   8.3374072213402730     
        1177   8.3443208823343404     
        1178   8.3279424645951359     
        1179   8.3430339403521128     
        1180   8.3511130846883699     
        1181   8.3511130846883699     
        1182   8.3999118549401217     
        1183   8.3688311320204587     
        1184   8.3688311320204587     
        1185   8.3261443717927079     
        1186   8.3261443717927079     
        1187   8.3261443717927079     
        1188   8.3261443717927079     
        1189   8.3043715560345674     
        1190   8.3388651679708250     
        1191   8.3349507501587325     
        1192   8.3349507501587325     
        1193   8.3367045326972367     
        1194   8.3144992720361000     
        1195   8.3277038972702755     
        1196   8.3277038972702755     
        1197   8.3277038972702755     
        1198   8.3541893798988962     
        1199   8.3541893798988962     
        1200   8.3541893798988962     
        1201   8.3540171090112914     
        1202   8.3329680576524652     
        1203   8.3207912772436874     
        1204   8.3103936276065973     
        1205   8.3103936276065973     
        1206   8.3349980486720749     
        1207   8.3307944937989085     
        1208   8.3238179578311122     
        1209   8.2978492546808145     
        1210   8.2978492546808145     
        1211   8.2947651159381746     
        1212   8.3278137330410118     
        1213   8.3252262871993121     
        1214   8.3052659238953659     
        1215   8.3052659238953659     
        1216   8.3112850282116089     
        1217   8.3112850282116089     
        1218   8.3063948980650331     
        1219   8.3063948980650331     
        1220   8.3063948980650331     
        1221   8.3372568256022941     
        1222   8.3131662796076888     
        1223   8.3131662796076888     
        1224   8.3305926824483638     
        1225   8.3305926824483638     
        1226   8.3729701649115942     
        1227   8.3729701649115942     
        1228   8.3607298544523072     
        1229   8.3776764110332103     
        1230   8.3776764110332103     
        1231   8.3714071340986305     
        1232   8.3589302626632715     
        1233   8.3589302626632715     
        1234   8.3411646744100345     
        1235   8.3253688292177106     
        1236   8.3253688292177106     
        1237   8.3436412283570007     
        1238   8.3358014018589408     
        1239   8.3203924962326354     
        1240   8.3203924962326354     
        1241   8.3363656212963200     
        1242   8.2997962835896537     
        1243   8.3085157271108230     
        1244   8.3207789393765044     
        1245   8.3207789393765044     
        1246   8.3207789393765044     
        1247   8.3379643541543871     
        1248   8.3016679074185369     
        1249   8.3016679074185369     
        1250   8.3016679074185369     
        1251   8.3403578520113992     
        1252   8.3403578520113992     
        1253   8.3501126896735940     
        1254   8.3474221886856732     
        1255   8.3197273194991013     
        1256   8.3197273194991013     
        1257   8.3197273194991013     
        1258   8.3035276277835131     
        1259   8.2761356416163636     
        1260   8.2919916738228885     
        1261   8.3369608175962426     
        1262   8.3356849859738471     
        1263   8.3138195870037084     
        1264   8.3370341952078881     
        1265   8.3305122847703625     
        1266   8.3296405556675204     
        1267   8.3191702043016367     
        1268   8.3611523715836693     
        1269   8.3686197801212714     
        1270   8.3686197801212714     
        1271   8.3534426026991095     
        1272   8.3534426026991095     
        1273   8.3595088941966367     
        1274   8.3595088941966367     
        1275   8.3595088941966367     
        1276   8.3714807765529891     
        1277   8.3791145602058954     
        1278   8.3751508217450059     
        1279   8.3458356299516971     
        1280   8.3458356299516971     
        1281   8.3314788460026588     
        1282   8.3489604767948187     
        1283   8.3519821328921751     
        1284   8.3414753452531283     
        1285   8.3414753452531283     
        1286   8.3459017664824611     
        1287   8.3306298934943008     
        1288   8.3333858751839625     
        1289   8.3253977753469375     
        1290   8.3623788132003192     
        1291   8.3899001763785641     
        1292   8.3899001763785641     
        1293   8.4062183806942343     
        1294   8.3520105893066816     
        1295   8.3432286896713617     
        1296   8.3432286896713617     
        1297   8.4056219438990887     
        1298   8.4056219438990887     
        1299   8.3610916285984516     
        1300   8.3705600796493460     
        1301   8.3409208587991941     
        1302   8.3743804010503329     
        1303   8.3743804010503329     
        1304   8.3743804010503329     
        1305   8.3650012602813533     
        1306   8.3650012602813533     
        1307   8.3509714849745293     
        1308   8.3509714849745293     
        1309   8.3509714849745293     
        1310   8.3300515764590806     
        1311   8.3706869799696388     
        1312   8.3706869799696388     
        1313   8.3706869799696388     
        1314   8.3816341735364794     
        1315   8.3666111743546594     
        1316   8.3557162464433432     
        1317   8.3557162464433432     
        1318   8.3557162464433432     
        1319   8.3557162464433432     
        1320   8.3557162464433432     
        1321   8.3557162464433432     
        1322   8.3525012374682230     
        1323   8.3755341459012076     
        1324   8.3755341459012076     
        1325   8.3486380977749999     
        1326   8.3644012131931564     
        1327   8.3644012131931564     
        1328   8.3290493902551805     
        1329   8.3290493902551805     
        1330   8.3563499878974472     
        1331   8.3563499878974472     
        1332   8.3350026059390974     
        1333   8.3737138985186448     
        1334   8.3597826668434152     
        1335   8.3981115823967514     
        1336   8.3981115823967514     
        1337   8.3773797310250213     
        1338   8.3433486665893053     
        1339   8.3537379392247075     
        1340   8.3537379392247075     
        1341   8.3537379392247075     
        1342   8.3395077913771427     
        1343   8.3395077913771427     
        1344   8.3786072332839083     
        1345   8.3745938309039900     
        1346   8.3858062913487430     
        1347   8.3630702621811555     
        1348   8.3850238616369293     
        1349   8.3781142721030335     
        1350   8.3780736150760955     
        1351   8.3372420769843956     
        1352   8.3116943497444744     
        1353   8.3608019570714340     
        1354   8.3621058361959637     
        1355   8.3678013061889907     
        1356   8.3526741647279987     
        1357   8.3526741647279987     
        1358   8.3472865123638051     
        1359   8.3472865123638051     
        1360   8.3182058900854088     
        1361   8.3642472678382092     
        1362   8.3418220518303041     
        1363   8.3432402480662962     
        1364   8.3432402480662962     
        1365   8.3363565645778284     
        1366   8.3391676335832035     
        1367   8.3391676335832035     
        1368   8.3391676335832035     
        1369   8.3792454441556181     
        1370   8.3792454441556181     
        1371   8.3366016644801348     
        1372   8.3105980075690624     
        1373   8.3030601069394212     
        1374   8.3030601069394212     
        1375   8.2969766914292897     
        1376   8.3134159699358872     
        1377   8.3134159699358872     
        1378   8.3090303244038477     
        1379   8.3100340633631387     
        1380   8.3100340633631387     
        1381   8.3178929191921451     
        1382   8.3178929191921451     
        1383   8.3446842123613525     
        1384   8.3352710121279578     
        1385   8.3294432359783936     
        1386   8.3294432359783936     
        1387   8.3468094653183726     
        1388   8.3224912524440295     
        1389   8.3090314810863823     
        1390   8.3308235687719581     
        1391   8.3308235687719581     
        1392   8.3308235687719581     
        1393   8.3014031479702943     
        1394   8.3056625812032916     
        1395   8.3006647752654459     
        1396   8.2926166779282298     
        1397   8.3355034156865759     
        1398   8.3355034156865759     
        1399   8.3355034156865759     
        1400   8.3020102795753825     
        1401   8.3020102795753825     
        1402   8.2806519187471466     
        1403   8.2902500000198920     
        1404   8.2902500000198920     
        1405   8.3054318609014928     
        1406   8.3054318609014928     
        1407   8.2973624393515539     
        1408   8.3330919621441879     
        1409   8.3152454217510297     
        1410   8.3175611482996121     
        1411   8.3274308870610412     
        1412   8.3284684689959843     
        1413   8.2934126301668680     
        1414   8.2949348799963349     
        1415   8.2949348799963349     
        1416   8.3096551929846072     
        1417   8.3082560378707146     
        1418   8.3079744379607341     
        1419   8.2766545057610870     
        1420   8.3409239548036300     
        1421   8.3409239548036300     
        1422   8.3409239548036300     
        1423   8.3409239548036300     
        1424   8.3335346174995131     
        1425   8.3335346174995131     
        1426   8.3335346174995131     
        1427   8.3335346174995131     
        1428   8.3130042331282255     
        1429   8.3536674766716530     
        1430   8.3263648865010058     
        1431   8.3364577239622903     
        1432   8.3094833138237441     
        1433   8.3407873304322102     
        1434   8.3407873304322102     
        1435   8.3321133210213834     
        1436   8.3321133210213834     
        1437   8.2910530144420704     
        1438   8.3016021495564658     
        1439   8.3037414009826929     
        1440   8.3150913048988571     
        1441   8.3150913048988571     
        1442   8.2875970281536464     
        1443   8.3240915967997910     
        1444   8.2799219364333094     
        1445   8.2918092378018589     
        1446   8.2972329775128788     
        1447   8.3104400572606423     
        1448   8.2937414064513817     
        1449   8.2937414064513817     
        1450   8.2937414064513817     
        1451   8.3049191420886963     
        1452   8.3049191420886963     
        1453   8.3049191420886963     
        1454   8.2786906144103618     
        1455   8.2786906144103618     
        1456   8.2907854454860708     
        1457   8.2907854454860708     
        1458   8.2907854454860708     
        1459   8.3193129509686354     
        1460   8.3032882431129345     
        1461   8.3059928869515147     
        1462   8.2812943961141450     
        1463   8.2812943961141450     
        1464   8.2650325145595183     
        1465   8.2715076296035672     
        1466   8.2912323223707762     
        1467   8.2912323223707762     
        1468   8.2912323223707762     
        1469   8.3085873623895274     
        1470   8.3166191702984822     
        1471   8.3094979927415515     
        1472   8.3094979927415515     
        1473   8.3053857732990615     
        1474   8.3050575838727347     
        1475   8.3218620255410070     
        1476   8.3243563150607720     
        1477   8.3243563150607720     
        1478   8.3243563150607720     
        1479   8.3488352395230692     
        1480   8.3461294424774071     
        1481   8.3374076890541744     
        1482   8.3396717648437626     
        1483   8.3479318407002197     
        1484   8.3479318407002197     
        1485   8.3464843015953676     
        1486   8.3075067961154101     
        1487   8.3345873496684231     
        1488   8.3428742043752422     
        1489   8.3609563541385956     
        1490   8.3228527777960029     
        1491   8.3021862213176494     
        1492   8.3273626468829445     
        1493   8.3542120526040424     
        1494   8.3542120526040424     
        1495   8.3734948469408970     
        1496   8.3519061678755353     
        1497   8.3636351558905879     
        1498   8.3454057878004058     
        1499   8.2876973519409063     
        1500   8.3347990716952474     
        1501   8.3060999230234103     
        1502   8.3060999230234103     
        1503   8.2890847735624611     
        1504   8.2670529280871374     
        1505   8.3289517594269729     
        1506   8.3289517594269729     
        1507   8.3289517594269729     
        1508   8.3289517594269729     
        1509   8.3234914111919185     
        1510   8.3234914111919185     
        1511   8.3234914111919185     
        1512   8.3529727346264764     
        1513   8.3529727346264764     
        1514   8.3435037694836041     
        1515   8.3435037694836041     
        1516   8.3615078087919770     
        1517   8.3600229650620417     
        1518   8.3600229650620417     
        1519   8.3540232785365305     
        1520   8.3570254852268455     
        1521   8.3570254852268455     
        1522   8.3804696290468108     
        1523   8.3517494559057184     
        1524   8.3477844427262635     
        1525   8.3069551095659424     
        1526   8.2830968903151376     
        1527   8.2830968903151376     
        1528   8.2830968903151376     
        1529   8.3552550504046366     
        1530   8.3201932274606705     
        1531   8.3430733611371011     
        1532   8.2983143192999425     
        1533   8.3244468011827912     
        1534   8.3244468011827912     
        1535   8.3402938089334349     
        1536   8.3402938089334349     
        1537   8.3402938089334349     
        1538   8.3181092409153603     
        1539   8.3273172191461402     
        1540   8.3544232194620989     
        1541   8.3287788167828349     
        1542   8.3287788167828349     
        1543   8.3360320383790345     
        1544   8.3002180353804551     
        1545   8.3419208929447990     
        1546   8.3456211853769631     
        1547   8.3003421162612501     
        1548   8.3349761755679310     
        1549   8.3349761755679310     
        1550   8.3251305362893255     
        1551   8.3251305362893255     
        1552   8.3214171923883278     
        1553   8.3393476528061115     
        1554   8.3448098832926991     
        1555   8.3448098832926991     
        1556   8.3448098832926991     
        1557   8.3252963474259882     
        1558   8.3252963474259882     
        1559   8.3037363073922297     
        1560   8.3160163453322031     
        1561   8.2929363479823088     
        1562   8.3044948090471813     
        1563   8.3169257528419838     
        1564   8.3169257528419838     
        1565   8.3381019722659353     
        1566   8.3381019722659353     
        1567   8.3127161852361553     
        1568   8.2816838943610485     
        1569   8.3109481734250927     
        1570   8.3205526424929506     
        1571   8.3205526424929506     
        1572   8.3205526424929506     
        1573   8.3205526424929506     
        1574   8.3446091696996376     
        1575   8.3154993994567707     
        1576   8.3234132321926673     
        1577   8.3224791734564771     
        1578   8.3331176841152370     
        1579   8.2936632305846807     
        1580   8.2936632305846807     
        1581   8.2962955269040979     
        1582   8.3185160144715393     
        1583   8.3185160144715393     
        1584   8.3185160144715393     
        1585   8.2906961980749969     
        1586   8.2906961980749969     
        1587   8.2906961980749969     
        1588   8.3183127309682181     
        1589   8.3183127309682181     
        1590   8.3100104404075630     
        1591   8.3120980181508770     
        1592   8.3120980181508770     
        1593   8.3120980181508770     
        1594   8.2974748433233714     
        1595   8.2974748433233714     
        1596   8.3142788090450690     
        1597   8.3043370126550080     
        1598   8.2992818861775710     
        1599   8.2992818861775710     
        1600   8.2871136530868057     
        1601   8.2822569919081648     
        1602   8.2822569919081648     
        1603   8.3073928640000769     
        1604   8.3364101505403045     
        1605   8.3329454470044428     
        1606   8.3103030619392708     
        1607   8.3146296613566015     
        1608   8.3146296613566015     
        1609   8.3326436105030872     
        1610   8.3539836628288171     
        1611   8.3558814590375157     
        1612   8.3558814590375157     
        1613   8.3558814590375157     
        1614   8.3693839942251387     
        1615   8.3693839942251387     
        1616   8.3546426291978797     
        1617   8.3238777644708417     
        1618   8.3238777644708417     
        1619   8.3123101130715344     
        1620   8.3123101130715344     
        1621   8.3052564883713664     
        1622   8.3052564883713664     
        1623   8.3052564883713664     
        1624   8.3111118483458046     
        1625   8.2998781873733041     
        1626   8.3070158774737628     
        1627   8.3018469335929765     
        1628   8.3018469335929765     
        1629   8.3105956059001880     
        1630   8.2816265173123966     
        1631   8.3103909348963345     
        1632   8.3144435222056998     
        1633   8.3281384873072071     
        1634   8.3242632445374678     
        1635   8.3231245446965687     
        1636   8.3271110804440607     
        1637   8.3266926283042508     
        1638   8.3214066613923112     
        1639   8.3298785423638666     
        1640   8.3383769927510762     
        1641   8.3383769927510762     
        1642   8.3383769927510762     
        1643   8.3066475496071757     
        1644   8.3660105184181965     
        1645   8.3480920643095313     
        1646   8.3399779705262098     
        1647   8.3245915979995946     
        1648   8.3245292858385493     
        1649   8.3245292858385493     
        1650   8.3245292858385493     
        1651   8.3451260723802818     
        1652   8.3477268650334686     
        1653   8.3042469149053435     
        1654   8.2996152469186928     
        1655   8.2996152469186928     
        1656   8.3082598244439794     
        1657   8.3317084769355265     
        1658   8.3363050715109797     
        1659   8.3363050715109797     
        1660   8.3363050715109797     
        1661   8.3363050715109797     
        1662   8.3242990760849196     
        1663   8.3306145676467107     
        1664   8.2892267979987295     
        1665   8.2892267979987295     
        1666   8.3203718717758903     
        1667   8.3078865210205599     
        1668   8.2948289366465620     
        1669   8.3249848559373252     
        1670   8.3107714155012662     
        1671   8.3218411403858994     
        1672   8.3218411403858994     
        1673   8.3344551991288736     
        1674   8.3523432261849937     
        1675   8.3477975044581836     
        1676   8.3208430331780949     
        1677   8.3474362685748602     
        1678   8.3474362685748602     
        1679   8.3474362685748602     
        1680   8.3474362685748602     
        1681   8.3438620898996430     
        1682   8.2967159112564470     
        1683   8.3303617803705343     
        1684   8.3196296904690641     
        1685   8.3369884981505020     
        1686   8.3369884981505020     
        1687   8.3541515029032638     
        1688   8.3263413577902483     
        1689   8.3268963243041583     
        1690   8.3373727490157350     
        1691   8.2971163756211901     
        1692   8.3112837343270645     
        1693   8.3324293375273708     
        1694   8.2947294597077121     
        1695   8.2955678499440797     
        1696   8.3002711290390270     
        1697   8.3314017244573240     
        1698   8.3464636948066868     
        1699   8.3237552001064863     
        1700   8.3369771202589700     
        1701   8.3592535715492886     
        1702   8.3592535715492886     
        1703   8.3295789991594713     
        1704   8.3607787359896761     
        1705   8.3273321846907997     
        1706   8.3333817452152186     
        1707   8.3197489184124453     
        1708   8.3047276789843245     
        1709   8.3047276789843245     
        1710   8.3047276789843245     
        1711   8.3461499152926955     
        1712   8.3513461311241599     
        1713   8.3513461311241599     
        1714   8.3513461311241599     
        1715   8.3513461311241599     
        1716   8.3513461311241599     
        1717   8.3513461311241599     
        1718   8.3273608621618500     
        1719   8.3618068753525545     
        1720   8.3618068753525545     
        1721   8.3542468523990649     
        1722   8.3542468523990649     
        1723   8.3851191489279824     
        1724   8.3851191489279824     
        1725   8.3851191489279824     
        1726   8.3851191489279824     
        1727   8.3748600974484031     
        1728   8.3671988300150471     
        1729   8.3823751375197695     
        1730   8.3750007165634504     
        1731   8.3649723243211778     
        1732   8.3244253837836375     
        1733   8.3680363144262007     
        1734   8.3680363144262007     
        1735   8.3712988327019495     
        1736   8.3634753027739457     
        1737   8.3295608341360001     
        1738   8.3427100400233947     
        1739   8.3427100400233947     
        1740   8.3427100400233947     
        1741   8.3424310788856477     
        1742   8.3721528794036413     
        1743   8.3721528794036413     
        1744   8.3721528794036413     
        1745   8.3532389465719437     
        1746   8.3532389465719437     
        1747   8.3270010963389183     
        1748   8.3270010963389183     
        1749   8.3337855888668155     
        1750   8.3337855888668155     
        1751   8.3325465759289177     
        1752   8.3528393134638144     
        1753   8.3171825229426961     
        1754   8.3171825229426961     
        1755   8.3470898189729841     
        1756   8.3252110939425563     
        1757   8.3252110939425563     
        1758   8.3350688624263896     
        1759   8.3146303403381268     
        1760   8.3584277362164681     
        1761   8.3692566482774442     
        1762   8.3448177467254148     
        1763   8.3845636507510619     
        1764   8.3845636507510619     
        1765   8.3728759598247144     
        1766   8.3667350978420583     
        1767   8.3564910262248624     
        1768   8.3501714900155459     
        1769   8.3501714900155459     
        1770   8.3431246511698127     
        1771   8.3294431566101004     
        1772   8.3229526701074352     
        1773   8.3178147683110719     
        1774   8.3178147683110719     
        1775   8.3412474193736266     
        1776   8.3530010651121049     
        1777   8.3826659781546997     
        1778   8.3681695013360304     
        1779   8.3340646964074878     
        1780   8.3340646964074878     
        1781   8.3340646964074878     
        1782   8.3402834381164581     
        1783   8.3506871012120687     
        1784   8.3292331780757181     
        1785   8.3292331780757181     
        1786   8.3484648172114362     
        1787   8.3533054098847899     
        1788   8.3241159577399255     
        1789   8.3300127966644766     
        1790   8.3163473625151205     
        1791   8.3163473625151205     
        1792   8.3387033348771027     
        1793   8.3275655742517412     
        1794   8.3498356538817582     
        1795   8.3498356538817582     
        1796   8.3466525707531307     
        1797   8.3385558073821340     
        1798   8.3355466626194126     
        1799   8.3532968789442261     
        1800   8.3532968789442261     
        1801   8.3425678094362983     
        1802   8.3425678094362983     
        1803   8.3425678094362983     
        1804   8.3425678094362983     
        1805   8.3425678094362983     
        1806   8.3427824391941972     
        1807   8.3427824391941972     
        1808   8.3124705835149904     
        1809   8.2950078804665690     
        1810   8.2950078804665690     
        1811   8.3459121881351042     
        1812   8.3355435158382569     
        1813   8.3355435158382569     
        1814   8.3355435158382569     
        1815   8.3355435158382569     
        1816   8.3306371588462191     
        1817   8.3278749131110512     
        1818   8.3399906849731114     
        1819   8.3349787229233900     
        1820   8.3594446464999734     
        1821   8.3418904014147444     
        1822   8.3745108906923242     
        1823   8.3621988612175162     
        1824   8.3338585115549417     
        1825   8.3457349678137689     
        1826   8.3457349678137689     
        1827   8.3457349678137689     
        1828   8.3457349678137689     
        1829   8.3207242575830129     
        1830   8.3207242575830129     
        1831   8.3284233455525225     
        1832   8.3379145433697790     
        1833   8.3379145433697790     
        1834   8.3379145433697790     
        1835   8.3379145433697790     
        1836   8.3082314498735226     
        1837   8.3391780011242975     
        1838   8.3424908142331375     
        1839   8.3315635155153647     
        1840   8.3315635155153647     
        1841   8.3403007872998991     
        1842   8.3609300955421340     
        1843   8.3609300955421340     
        1844   8.3512121651214262     
        1845   8.3512121651214262     
        1846   8.3512121651214262     
        1847   8.3339615147768864     
        1848   8.3798938189014311     
        1849   8.3577908084327781     
        1850   8.3937813907418697     
        1851   8.3937813907418697     
        1852   8.4003523371063853     
        1853   8.3774065983937245     
        1854   8.3877161951661936     
        1855   8.3486706703397111     
        1856   8.3565908412498722     
        1857   8.3565908412498722     
        1858   8.3565908412498722     
        1859   8.3491758557045745     
        1860   8.3491758557045745     
        1861   8.3491758557045745     
        1862   8.3633709069444464     
        1863   8.3516868137274525     
        1864   8.3298518514920765     
        1865   8.3378779855068395     
        1866   8.3490732734283473     
        1867   8.3490732734283473     
        1868   8.3762043977555809     
        1869   8.3626828265098183     
        1870   8.3626828265098183     
        1871   8.3652678712207447     
        1872   8.3252938035099504     
        1873   8.3504903213597323     
        1874   8.3504903213597323     
        1875   8.3790838865019168     
        1876   8.3790838865019168     
        1877   8.3705561285774088     
        1878   8.3899413731812746     
        1879   8.3899413731812746     
        1880   8.3575850512805090     
        1881   8.3481914961020820     
        1882   8.3760681838240370     
        1883   8.3685719596813222     
        1884   8.3685719596813222     
        1885   8.3673690390744291     
        1886   8.3673690390744291     
        1887   8.3367562841070217     
        1888   8.3757289416909444     
        1889   8.3528939458834017     
        1890   8.3662136598636625     
        1891   8.3662136598636625     
        1892   8.3432898775816220     
        1893   8.3432898775816220     
        1894   8.3808612423918962     
        1895   8.3581569085452809     
        1896   8.3581569085452809     
        1897   8.3506587883975385     
        1898   8.3576204561947627     
        1899   8.3264360278971381     
        1900   8.3234476134071578     
        1901   8.3234476134071578     
        1902   8.3131982407710492     
        1903   8.3131982407710492     
        1904   8.3138840318554710     
        1905   8.3295537339516681     
        1906   8.3295537339516681     
        1907   8.3211129081032205     
        1908   8.3069010514568706     
        1909   8.3069010514568706     
        1910   8.3203508025581385     
        1911   8.3294744497180577     
        1912   8.3294744497180577     
        1913   8.3540370278700671     
        1914   8.3540370278700671     
        1915   8.3248192453150924     
        1916   8.3578612282352420     
        1917   8.3578612282352420     
        1918   8.3207548613066500     
        1919   8.2985159795458721     
        1920   8.2985159795458721     
        1921   8.2974841699210220     
        1922   8.3050113464548705     
        1923   8.2650294845448720     
        1924   8.2682131526813674     
        1925   8.2666399594241984     
        1926   8.2678649906733099     
        1927   8.3031321516826750     
        1928   8.2702162975813547     
        1929   8.2961997944185430     
        1930   8.2750040039828612     
        1931   8.3010780917675344     
        1932   8.2919615703777030     
        1933   8.3238283947984542     
        1934   8.3134653026473426     
        1935   8.3134653026473426     
        1936   8.3298992964557250     
        1937   8.3304493109471611     
        1938   8.3225408665448164     
        1939   8.3225408665448164     
        1940   8.3053431839008685     
        1941   8.3348871285003963     
        1942   8.3072350851597445     
        1943   8.3002399493763406     
        1944   8.3027774003964065     
        1945   8.3027774003964065     
        1946   8.3064819654069009     
        1947   8.3254500895800305     
        1948   8.3130563790917122     
        1949   8.3130563790917122     
        1950   8.3130563790917122     
        1951   8.3029537119375743     
        1952   8.3029537119375743     
        1953   8.3143755588463346     
        1954   8.3143755588463346     
        1955   8.3299270568350199     
        1956   8.3048857772746612     
        1957   8.3033801382782535     
        1958   8.3467703831936664     
        1959   8.3467703831936664     
        1960   8.3069069936994122     
        1961   8.3165712302215518     
        1962   8.3165712302215518     
        1963   8.3150624197124774     
        1964   8.3236504485347318     
        1965   8.3236504485347318     
        1966   8.3236504485347318     
        1967   8.3236504485347318     
        1968   8.3131760277101900     
        1969   8.3462291210925486     
        1970   8.3549363528622731     
        1971   8.3549363528622731     
        1972   8.3265308129515638     
        1973   8.2771087149367641     
        1974   8.3005758529570617     
        1975   8.3115162940241731     
        1976   8.3115162940241731     
        1977   8.3121800359988534     
        1978   8.3036755235646265     
        1979   8.3036755235646265     
        1980   8.3036755235646265     
        1981   8.3036755235646265     
        1982   8.3160982904820777     
        1983   8.2837917085833563     
        1984   8.2997925778969481     
        1985   8.2997925778969481     
        1986   8.3300585792143593     
        1987   8.3704075783215739     
        1988   8.3407171644011431     
        1989   8.3130953739147877     
        1990   8.2970873699816323     
        1991   8.3094601573891165     
        1992   8.3382995593408413     
        1993   8.3041660158774846     
        1994   8.3308647366842745     
        1995   8.3087090570847177     
        1996   8.3087090570847177     
        1997   8.3087090570847177     
        1998   8.3136933503792019     
        1999   8.3136933503792019     
        2000   8.3162993229186171     
