 SAMPLE,  BOXLENGTH
           1   8.7237509743507395     
           2   8.7237509743507395     
           3   8.7170437711452848     
           4   8.7170437711452848     
           5   8.6794465806055889     
           6   8.6794465806055889     
           7   8.6794465806055889     
           8   8.7454732300997744     
           9   8.7181044242343706     
          10   8.6963383179667044     
          11   8.6963383179667044     
          12   8.6963383179667044     
          13   8.7144833027742905     
          14   8.7728872151731725     
          15   8.7728872151731725     
          16   8.7728872151731725     
          17   8.7728872151731725     
          18   8.7705591748492857     
          19   8.7638861609586574     
          20   8.7638861609586574     
          21   8.7615220987206204     
          22   8.7641278489812713     
          23   8.7641278489812713     
          24   8.7641278489812713     
          25   8.7591259016683338     
          26   8.7591259016683338     
          27   8.7591259016683338     
          28   8.7780626758637936     
          29   8.7745504237360290     
          30   8.7745504237360290     
          31   8.8006355984060711     
          32   8.8006355984060711     
          33   8.8082868749243595     
          34   8.8082868749243595     
          35   8.7809682758644971     
          36   8.7750577657138962     
          37   8.7344356233600067     
          38   8.7344356233600067     
          39   8.7162867548689942     
          40   8.7126112091210288     
          41   8.7467221030154700     
          42   8.7228266632175107     
          43   8.7381200096162139     
          44   8.7381200096162139     
          45   8.7381200096162139     
          46   8.7823606146035473     
          47   8.7952811726179760     
          48   8.8217940400653845     
          49   8.8150406831151376     
          50   8.8150406831151376     
          51   8.8327973667876218     
          52   8.8327973667876218     
          53   8.8327973667876218     
          54   8.8271957925425379     
          55   8.8271957925425379     
          56   8.7674742543404935     
          57   8.7942685725893757     
          58   8.8234962468224616     
          59   8.8234962468224616     
          60   8.8234962468224616     
          61   8.8067752097806213     
          62   8.8322287055320228     
          63   8.8322287055320228     
          64   8.8283817345019262     
          65   8.8037461507551296     
          66   8.8355272821219550     
          67   8.8355272821219550     
          68   8.8017803797213610     
          69   8.8017803797213610     
          70   8.8033999065144926     
          71   8.7697802645756813     
          72   8.7697802645756813     
          73   8.7646063976420994     
          74   8.7147681683597700     
          75   8.7479919306581593     
          76   8.7479919306581593     
          77   8.7612530349098208     
          78   8.7240808745363836     
          79   8.7240808745363836     
          80   8.7306028772652216     
          81   8.7612457240380568     
          82   8.7266541414221059     
          83   8.6781202557473254     
          84   8.7288338667699250     
          85   8.7288338667699250     
          86   8.7595143861474796     
          87   8.7114272167743234     
          88   8.7315083201557435     
          89   8.7270466597971250     
          90   8.7270466597971250     
          91   8.7254403894713413     
          92   8.7254403894713413     
          93   8.7096158488696052     
          94   8.7420226489741317     
          95   8.7420226489741317     
          96   8.7117757670215710     
          97   8.7307700781674473     
          98   8.7002801985961025     
          99   8.6967619213124348     
         100   8.6967619213124348     
         101   8.6967619213124348     
         102   8.6967619213124348     
         103   8.7534944353516497     
         104   8.7827308059425864     
         105   8.7839318258852970     
         106   8.7839318258852970     
         107   8.7277082357306295     
         108   8.7288538025209093     
         109   8.7316112770611909     
         110   8.7003375031305605     
         111   8.7154357976861760     
         112   8.7273001707209286     
         113   8.7294950363228487     
         114   8.7244911272754706     
         115   8.6900033129209611     
         116   8.7290486819966375     
         117   8.7290486819966375     
         118   8.7366826382932050     
         119   8.7366826382932050     
         120   8.7137857799996876     
         121   8.7278791036258259     
         122   8.7298848382108787     
         123   8.7398364736078129     
         124   8.7604863338936632     
         125   8.7288261559429152     
         126   8.7559369421069153     
         127   8.7425505609998755     
         128   8.7408249793907249     
         129   8.7088124602862358     
         130   8.7088124602862358     
         131   8.7236619933591317     
         132   8.7582919035537969     
         133   8.7007562152143301     
         134   8.7545585532750732     
         135   8.7545585532750732     
         136   8.7503078133342296     
         137   8.7449378418344921     
         138   8.7449378418344921     
         139   8.6982408619546181     
         140   8.7480766282432345     
         141   8.7480766282432345     
         142   8.7480766282432345     
         143   8.6938201029798119     
         144   8.7070567328477697     
         145   8.7332352840892877     
         146   8.7332352840892877     
         147   8.7332352840892877     
         148   8.7332352840892877     
         149   8.6969730298172898     
         150   8.6798272839817461     
         151   8.6689900654034702     
         152   8.6740403031756514     
         153   8.7317394612554100     
         154   8.7323339193913476     
         155   8.7621400347215914     
         156   8.7332533170391891     
         157   8.7332533170391891     
         158   8.7380877099036898     
         159   8.6921691154175615     
         160   8.7004914400567497     
         161   8.7507202057162310     
         162   8.7076249973840127     
         163   8.7041106469699656     
         164   8.6994413465701612     
         165   8.7358135175000768     
         166   8.7444573054369261     
         167   8.7930115431833187     
         168   8.7765275916464027     
         169   8.7586638660235323     
         170   8.7428034121497138     
         171   8.7776294900804039     
         172   8.7631630084939598     
         173   8.7631630084939598     
         174   8.7631630084939598     
         175   8.7238643784262369     
         176   8.7430763269946183     
         177   8.7535486653085783     
         178   8.7428044175899569     
         179   8.7400742956773403     
         180   8.7839744171262648     
         181   8.7839744171262648     
         182   8.7497629952150664     
         183   8.7129852910248413     
         184   8.7609782099751747     
         185   8.7564706498716660     
         186   8.7128977692488547     
         187   8.7128977692488547     
         188   8.7478055485940054     
         189   8.7478055485940054     
         190   8.7322157098852067     
         191   8.7343667075648845     
         192   8.7343667075648845     
         193   8.7343667075648845     
         194   8.7343667075648845     
         195   8.7165938917681665     
         196   8.7165938917681665     
         197   8.7165938917681665     
         198   8.6867633289183583     
         199   8.6867633289183583     
         200   8.7141543191028195     
         201   8.7149109116403096     
         202   8.7245724136347533     
         203   8.7245724136347533     
         204   8.6979185811732940     
         205   8.6979185811732940     
         206   8.7116788295683616     
         207   8.7163308219376159     
         208   8.7163308219376159     
         209   8.7163308219376159     
         210   8.7163308219376159     
         211   8.6931427181441574     
         212   8.7395601682773130     
         213   8.7137844914095108     
         214   8.7137844914095108     
         215   8.7137844914095108     
         216   8.7347993720431543     
         217   8.7807668191695054     
         218   8.7807668191695054     
         219   8.8035863861097532     
         220   8.8035863861097532     
         221   8.8019325134546644     
         222   8.8149133139285727     
         223   8.8100036990512809     
         224   8.7837029804591644     
         225   8.7712012711861718     
         226   8.7747719744551418     
         227   8.7747719744551418     
         228   8.7747719744551418     
         229   8.7747719744551418     
         230   8.7319443136085120     
         231   8.7142967078654188     
         232   8.7080504659105049     
         233   8.7068938126588336     
         234   8.7068938126588336     
         235   8.7213767075583775     
         236   8.7472492602851410     
         237   8.7807509825324637     
         238   8.7807509825324637     
         239   8.7807509825324637     
         240   8.7858970520851578     
         241   8.7858970520851578     
         242   8.7708455919810220     
         243   8.7708455919810220     
         244   8.7708455919810220     
         245   8.8024674222885739     
         246   8.8024674222885739     
         247   8.8189795922554115     
         248   8.7889890727096347     
         249   8.7889890727096347     
         250   8.7557518416575100     
         251   8.7888576507002902     
         252   8.7888576507002902     
         253   8.7778465343879368     
         254   8.7768721669867649     
         255   8.7837414110027403     
         256   8.7837414110027403     
         257   8.7566990770380393     
         258   8.7895719430913122     
         259   8.7710087742133389     
         260   8.7642690514175268     
         261   8.7364952976186441     
         262   8.7462632812297478     
         263   8.7462632812297478     
         264   8.7247251652340072     
         265   8.7247251652340072     
         266   8.7838705413918081     
         267   8.7558421378690063     
         268   8.7496440567497231     
         269   8.7547227713684883     
         270   8.7546464916330891     
         271   8.7359884241633345     
         272   8.6787921152467273     
         273   8.6787921152467273     
         274   8.7173757916661518     
         275   8.6885077166366003     
         276   8.7463196954221392     
         277   8.7003001614196744     
         278   8.6726155865917871     
         279   8.6649424316214603     
         280   8.6881825197661371     
         281   8.6881825197661371     
         282   8.6710392802641341     
         283   8.6690850147917118     
         284   8.7062619094712037     
         285   8.7062619094712037     
         286   8.7123811571530840     
         287   8.7156181181006360     
         288   8.6346919589768785     
         289   8.6346919589768785     
         290   8.6346919589768785     
         291   8.6346919589768785     
         292   8.6311409606545961     
         293   8.6782961814794106     
         294   8.7048852032072030     
         295   8.6394346924292673     
         296   8.6703823076499731     
         297   8.6703823076499731     
         298   8.6826011628215181     
         299   8.6246329257884611     
         300   8.6504447925581651     
         301   8.6819960662411013     
         302   8.6819960662411013     
         303   8.6857111092169088     
         304   8.6787978217706421     
         305   8.6787978217706421     
         306   8.6679191813383802     
         307   8.6909569215911837     
         308   8.7226522142505232     
         309   8.7280336817879025     
         310   8.6696364833337132     
         311   8.6688616033475032     
         312   8.6688616033475032     
         313   8.6630409033524458     
         314   8.7203860274256115     
         315   8.6920816082499037     
         316   8.7380792100230966     
         317   8.7380792100230966     
         318   8.7380792100230966     
         319   8.7248309334180671     
         320   8.6985383314003801     
         321   8.7043065795341121     
         322   8.7043065795341121     
         323   8.7144918446521000     
         324   8.7497152756592431     
         325   8.7497152756592431     
         326   8.6918239151425691     
         327   8.7071237270435056     
         328   8.7139589248440465     
         329   8.7174010568142659     
         330   8.6676475684778840     
         331   8.6860398837803654     
         332   8.6860398837803654     
         333   8.6860398837803654     
         334   8.6374850944887420     
         335   8.6614411872181503     
         336   8.6614411872181503     
         337   8.6755292599331479     
         338   8.6363478407170131     
         339   8.6762974227912704     
         340   8.6762974227912704     
         341   8.6852866763671202     
         342   8.6852866763671202     
         343   8.7107807346067769     
         344   8.7118413753365136     
         345   8.7118413753365136     
         346   8.7426846119236501     
         347   8.7267570051358057     
         348   8.7294526396152126     
         349   8.7294526396152126     
         350   8.6658746617558666     
         351   8.6658746617558666     
         352   8.6871778065482808     
         353   8.7516228848866326     
         354   8.7348519247183489     
         355   8.7348519247183489     
         356   8.6912343638299170     
         357   8.7099631802324833     
         358   8.7539916992478268     
         359   8.7539916992478268     
         360   8.7539916992478268     
         361   8.7539916992478268     
         362   8.6878972499912983     
         363   8.7023033765591578     
         364   8.6950295971941749     
         365   8.6950295971941749     
         366   8.7126963920057250     
         367   8.7416041899383981     
         368   8.7152835317169615     
         369   8.6817484635047606     
         370   8.6949722249438270     
         371   8.6965160625923730     
         372   8.7238706996224398     
         373   8.6865946178836602     
         374   8.7147133557214751     
         375   8.7143013555175379     
         376   8.7143013555175379     
         377   8.7198587848503752     
         378   8.7030705533121235     
         379   8.7505712787790504     
         380   8.7505712787790504     
         381   8.7566006381862351     
         382   8.7537584249653442     
         383   8.7261752339067211     
         384   8.7261752339067211     
         385   8.6778731106212135     
         386   8.6778731106212135     
         387   8.6847786714088002     
         388   8.7077064570180678     
         389   8.7077064570180678     
         390   8.7077064570180678     
         391   8.7077064570180678     
         392   8.7294745001799985     
         393   8.7251231497594191     
         394   8.7247797487632397     
         395   8.7325678004914913     
         396   8.6883470150296915     
         397   8.6883470150296915     
         398   8.7063529768341592     
         399   8.7055259000059273     
         400   8.7024045877972824     
         401   8.7131956874602672     
         402   8.7131956874602672     
         403   8.7331436160513292     
         404   8.7331436160513292     
         405   8.6739980653022251     
         406   8.6739980653022251     
         407   8.6943466272746601     
         408   8.6995423703550721     
         409   8.6995423703550721     
         410   8.6600980690150724     
         411   8.6600980690150724     
         412   8.6956800302595880     
         413   8.6956800302595880     
         414   8.7065502311872791     
         415   8.6889006345832005     
         416   8.6889006345832005     
         417   8.6889006345832005     
         418   8.6889006345832005     
         419   8.6889006345832005     
         420   8.6960365535517052     
         421   8.6960365535517052     
         422   8.6960365535517052     
         423   8.6960365535517052     
         424   8.6632154487143556     
         425   8.6363515440143725     
         426   8.6363515440143725     
         427   8.6912606498720120     
         428   8.6912606498720120     
         429   8.6994928886990834     
         430   8.6787953926646857     
         431   8.7003301389219754     
         432   8.7022478027998780     
         433   8.7085270057335133     
         434   8.7085270057335133     
         435   8.7706801265206220     
         436   8.7706801265206220     
         437   8.7571864246318381     
         438   8.7571864246318381     
         439   8.7274020418570100     
         440   8.7274020418570100     
         441   8.7371546071699004     
         442   8.7371546071699004     
         443   8.7048595402124853     
         444   8.7048595402124853     
         445   8.7563158080382664     
         446   8.7425473834739549     
         447   8.7428254079026235     
         448   8.7428254079026235     
         449   8.7580189397301282     
         450   8.7869730208356085     
         451   8.7675926661687917     
         452   8.7344084517314720     
         453   8.7229533431004889     
         454   8.7410333120150661     
         455   8.7410333120150661     
         456   8.7410333120150661     
         457   8.7625902419591011     
         458   8.7625902419591011     
         459   8.7218730371421298     
         460   8.7218730371421298     
         461   8.7218730371421298     
         462   8.7353078409155334     
         463   8.7208977496577678     
         464   8.7426082300118289     
         465   8.7386830752456461     
         466   8.6973214737184357     
         467   8.6817715796045292     
         468   8.6817715796045292     
         469   8.7612731494031753     
         470   8.7046041047418203     
         471   8.7050262997376890     
         472   8.7429269112104357     
         473   8.7429269112104357     
         474   8.7827234557763738     
         475   8.7827234557763738     
         476   8.7827234557763738     
         477   8.7827234557763738     
         478   8.7827234557763738     
         479   8.7827234557763738     
         480   8.7234222903711807     
         481   8.7688154394073212     
         482   8.7826549260383118     
         483   8.7589530904723478     
         484   8.7589530904723478     
         485   8.7711544097829108     
         486   8.7711544097829108     
         487   8.7711544097829108     
         488   8.7421523346430146     
         489   8.7421523346430146     
         490   8.7421523346430146     
         491   8.6983383648528161     
         492   8.7064736085395467     
         493   8.7390800977530763     
         494   8.7365096475374067     
         495   8.7173514022233487     
         496   8.7185767294285199     
         497   8.7566457755139329     
         498   8.7125409334089188     
         499   8.7125409334089188     
         500   8.7125409334089188     
         501   8.7125409334089188     
         502   8.7047062071373649     
         503   8.7385435312457158     
         504   8.7409490191962451     
         505   8.7042496167891663     
         506   8.7216256179676677     
         507   8.6966782466079309     
         508   8.7055470169416207     
         509   8.6668969800285058     
         510   8.7002811413515460     
         511   8.7393544631567099     
         512   8.6851876096516865     
         513   8.6851876096516865     
         514   8.6851876096516865     
         515   8.6851876096516865     
         516   8.6665107348791484     
         517   8.7005779179054485     
         518   8.7005779179054485     
         519   8.7417831925252791     
         520   8.7114523943302817     
         521   8.7114523943302817     
         522   8.7153800661805949     
         523   8.6987285689918519     
         524   8.6838330932755063     
         525   8.6838330932755063     
         526   8.6746723292020480     
         527   8.6746723292020480     
         528   8.6746723292020480     
         529   8.6746723292020480     
         530   8.6746723292020480     
         531   8.7017245386214679     
         532   8.7017245386214679     
         533   8.7017245386214679     
         534   8.7017245386214679     
         535   8.6809870996165426     
         536   8.6919327588325643     
         537   8.6919327588325643     
         538   8.6964570056107480     
         539   8.6957583204403743     
         540   8.6935905723666878     
         541   8.7518414922261503     
         542   8.7520616400424629     
         543   8.7520616400424629     
         544   8.7245866813851105     
         545   8.7245866813851105     
         546   8.7245866813851105     
         547   8.7695408190971005     
         548   8.7324629985546434     
         549   8.7324629985546434     
         550   8.7324629985546434     
         551   8.7312306489562541     
         552   8.7499118773676106     
         553   8.7499118773676106     
         554   8.7952346189925965     
         555   8.7424874924146003     
         556   8.7424874924146003     
         557   8.7476298346950010     
         558   8.7476298346950010     
         559   8.7336346881445230     
         560   8.7868378212187590     
         561   8.7730050333117706     
         562   8.7567955751254285     
         563   8.7813507609171939     
         564   8.7437449791178725     
         565   8.7437449791178725     
         566   8.7437449791178725     
         567   8.7131376413392374     
         568   8.7247716646334883     
         569   8.7413297896401954     
         570   8.7674381013745890     
         571   8.7680025570578390     
         572   8.7676623892462615     
         573   8.8121673801730100     
         574   8.8121673801730100     
         575   8.7947174230158751     
         576   8.7824639835054299     
         577   8.7888428413664332     
         578   8.7911353559778203     
         579   8.7683956810770418     
         580   8.7683956810770418     
         581   8.7851237903070061     
         582   8.7635359711586460     
         583   8.7526055649866645     
         584   8.7526055649866645     
         585   8.7308493492116561     
         586   8.7308493492116561     
         587   8.7308493492116561     
         588   8.7106377450338641     
         589   8.7085923608012052     
         590   8.7645251844139036     
         591   8.7286578212665926     
         592   8.7540574663524104     
         593   8.7540574663524104     
         594   8.7791349988491092     
         595   8.7407763930832889     
         596   8.7200680261748378     
         597   8.7275410729898883     
         598   8.7643246914095680     
         599   8.7643246914095680     
         600   8.7643246914095680     
         601   8.7768735205578174     
         602   8.7768735205578174     
         603   8.7447121775287844     
         604   8.7218156638334143     
         605   8.7476721445897141     
         606   8.7476721445897141     
         607   8.7244623745992289     
         608   8.7550294836932334     
         609   8.7550294836932334     
         610   8.7773550889456686     
         611   8.7773550889456686     
         612   8.7926068236165129     
         613   8.7838804286986036     
         614   8.7838804286986036     
         615   8.7838804286986036     
         616   8.7914594804626631     
         617   8.7914594804626631     
         618   8.7853343255304015     
         619   8.7741010322718900     
         620   8.7741010322718900     
         621   8.7741010322718900     
         622   8.7445368139364064     
         623   8.7630245202635280     
         624   8.7073082445069065     
         625   8.7135042215847935     
         626   8.7135042215847935     
         627   8.7135042215847935     
         628   8.7135042215847935     
         629   8.6972504348219086     
         630   8.7467694719047770     
         631   8.7318350007447414     
         632   8.7751833560960204     
         633   8.8147807373309846     
         634   8.7838181565420381     
         635   8.7838181565420381     
         636   8.7838181565420381     
         637   8.7809723907557249     
         638   8.7809723907557249     
         639   8.7932260034399228     
         640   8.7938221079200733     
         641   8.7680153980559794     
         642   8.7328511268976445     
         643   8.8178975921874141     
         644   8.7346103955955297     
         645   8.7912095482938160     
         646   8.7696218549288218     
         647   8.7696218549288218     
         648   8.7696218549288218     
         649   8.7527639105367836     
         650   8.7527639105367836     
         651   8.7069482015878421     
         652   8.6822601902134497     
         653   8.6859422151465733     
         654   8.7074237450669791     
         655   8.7183429011173725     
         656   8.7108120177867203     
         657   8.6833437254253347     
         658   8.7112341768859611     
         659   8.7112341768859611     
         660   8.7223397673881191     
         661   8.7223397673881191     
         662   8.7127441177810425     
         663   8.7127441177810425     
         664   8.7157354225310044     
         665   8.7157354225310044     
         666   8.7340283496105382     
         667   8.7935119297630830     
         668   8.7801044571674467     
         669   8.7801044571674467     
         670   8.7801044571674467     
         671   8.7331568547481826     
         672   8.7331568547481826     
         673   8.7331568547481826     
         674   8.7183963429847946     
         675   8.7456905927457829     
         676   8.7685452510967892     
         677   8.7299882653041632     
         678   8.7299882653041632     
         679   8.7517411029460614     
         680   8.7517411029460614     
         681   8.7517411029460614     
         682   8.7517411029460614     
         683   8.7571186778898529     
         684   8.7571186778898529     
         685   8.7571186778898529     
         686   8.7434968478521888     
         687   8.7434968478521888     
         688   8.7672035166065694     
         689   8.7822953183518457     
         690   8.8092515140314589     
         691   8.8092515140314589     
         692   8.7591797090743562     
         693   8.7613236388869975     
         694   8.7613236388869975     
         695   8.7613236388869975     
         696   8.7613236388869975     
         697   8.7613236388869975     
         698   8.7516768856892533     
         699   8.7579186446639792     
         700   8.7400132815523186     
         701   8.7483929873818642     
         702   8.7483929873818642     
         703   8.7507898656699794     
         704   8.7507898656699794     
         705   8.7713788753319211     
         706   8.7713788753319211     
         707   8.7966804196650088     
         708   8.7649843106264758     
         709   8.7069064345879337     
         710   8.7069064345879337     
         711   8.7069064345879337     
         712   8.7304435307669142     
         713   8.7258043065981177     
         714   8.7258043065981177     
         715   8.7418620160210150     
         716   8.7158702414180542     
         717   8.7158702414180542     
         718   8.7291648127061947     
         719   8.7291648127061947     
         720   8.7291648127061947     
         721   8.7291648127061947     
         722   8.7291648127061947     
         723   8.7291648127061947     
         724   8.7341390016873177     
         725   8.7341390016873177     
         726   8.7542639863017460     
         727   8.7670822251204594     
         728   8.7670822251204594     
         729   8.7604878214980832     
         730   8.7950259933064174     
         731   8.7437224217502347     
         732   8.7437224217502347     
         733   8.7437224217502347     
         734   8.7278469124319482     
         735   8.7278469124319482     
         736   8.7327239589049075     
         737   8.7526083601048867     
         738   8.7631170889525940     
         739   8.7548265234563694     
         740   8.7100064546836453     
         741   8.7100064546836453     
         742   8.7795992874395967     
         743   8.7891333669764631     
         744   8.7891333669764631     
         745   8.7891333669764631     
         746   8.7891333669764631     
         747   8.7849778640935003     
         748   8.7466673383064073     
         749   8.7466673383064073     
         750   8.7449510075536256     
         751   8.7306053353021387     
         752   8.7306053353021387     
         753   8.7191967101286583     
         754   8.7533581684497133     
         755   8.7489862451636107     
         756   8.7665680170655715     
         757   8.7885354332672048     
         758   8.7885354332672048     
         759   8.8094032397447677     
         760   8.8094032397447677     
         761   8.8163745253860153     
         762   8.8163745253860153     
         763   8.7169562230696211     
         764   8.7359400429287870     
         765   8.7359400429287870     
         766   8.7106579833555724     
         767   8.7262744079551116     
         768   8.7032672418815711     
         769   8.7032672418815711     
         770   8.7032672418815711     
         771   8.7111691840451044     
         772   8.7392828534928206     
         773   8.7487798353645019     
         774   8.7503404895890764     
         775   8.7503404895890764     
         776   8.7503404895890764     
         777   8.7369339735642289     
         778   8.7369339735642289     
         779   8.7556780530981673     
         780   8.7566923358966058     
         781   8.7316457265948770     
         782   8.7316457265948770     
         783   8.7316457265948770     
         784   8.7273869820610930     
         785   8.7531470044686390     
         786   8.7805654743887303     
         787   8.7805654743887303     
         788   8.7805654743887303     
         789   8.7569258573058342     
         790   8.7723242016239720     
         791   8.7892425299003545     
         792   8.7988220234857621     
         793   8.7489387171284356     
         794   8.7491976080755016     
         795   8.7491976080755016     
         796   8.7628661333509168     
         797   8.7698514026733427     
         798   8.7698514026733427     
         799   8.7350627027603451     
         800   8.7475461322983588     
         801   8.7475461322983588     
         802   8.7451498088924478     
         803   8.7451498088924478     
         804   8.7451498088924478     
         805   8.7517890931603226     
         806   8.7527997421890351     
         807   8.7553839457373819     
         808   8.7252534366393899     
         809   8.7557109227020753     
         810   8.7915213998955011     
         811   8.7915213998955011     
         812   8.8006896164459842     
         813   8.7652242489865397     
         814   8.7652242489865397     
         815   8.7824734532757009     
         816   8.7655341314303818     
         817   8.7992826412738321     
         818   8.7617651686443949     
         819   8.7775626178993882     
         820   8.7195146327996333     
         821   8.7428968096253232     
         822   8.7428968096253232     
         823   8.7993621659886880     
         824   8.7575322650844072     
         825   8.7575322650844072     
         826   8.7575322650844072     
         827   8.7347098255181610     
         828   8.7347098255181610     
         829   8.8053321544140992     
         830   8.8053321544140992     
         831   8.7949987771705143     
         832   8.7739850589240156     
         833   8.7567472134315949     
         834   8.7567472134315949     
         835   8.7309733385900490     
         836   8.7615375292391917     
         837   8.7615375292391917     
         838   8.7615375292391917     
         839   8.7615375292391917     
         840   8.7615375292391917     
         841   8.7691073883832491     
         842   8.7684565813768582     
         843   8.7684565813768582     
         844   8.7803376665968784     
         845   8.8238583487682423     
         846   8.8189306743764124     
         847   8.8189306743764124     
         848   8.8189306743764124     
         849   8.7696617120409925     
         850   8.7459614004691524     
         851   8.7990875761963334     
         852   8.7802041025685096     
         853   8.7825923707579463     
         854   8.7825923707579463     
         855   8.7975023201640834     
         856   8.7636181729026177     
         857   8.7636181729026177     
         858   8.8122637028253301     
         859   8.8068178786253473     
         860   8.8036869059811895     
         861   8.7952165327484764     
         862   8.7931540524576040     
         863   8.7609863359187425     
         864   8.7664392374030431     
         865   8.7664392374030431     
         866   8.7428581467316899     
         867   8.7473851079025700     
         868   8.7526254521476954     
         869   8.7145527791793072     
         870   8.7576394707652572     
         871   8.7576394707652572     
         872   8.7887866859410959     
         873   8.7505612852266434     
         874   8.7327308596753834     
         875   8.7643440069495853     
         876   8.7643440069495853     
         877   8.7674164168029947     
         878   8.7147829429741606     
         879   8.7216434498772841     
         880   8.7535489896925132     
         881   8.7347549913633298     
         882   8.7797125826285480     
         883   8.7782557760897184     
         884   8.7782557760897184     
         885   8.7782557760897184     
         886   8.7860616505703248     
         887   8.7860616505703248     
         888   8.7970378828660944     
         889   8.7473913424316549     
         890   8.7473913424316549     
         891   8.7639829212546285     
         892   8.7513902237715655     
         893   8.7513902237715655     
         894   8.7507182259755290     
         895   8.7730226013639712     
         896   8.7212708048504251     
         897   8.7442833808298825     
         898   8.7276995348418609     
         899   8.7169028286983803     
         900   8.7169028286983803     
         901   8.7071542909623059     
         902   8.7288273760237622     
         903   8.7288273760237622     
         904   8.7288273760237622     
         905   8.7288273760237622     
         906   8.7288273760237622     
         907   8.7121555134577786     
         908   8.7221798197134515     
         909   8.7140905149297385     
         910   8.7140905149297385     
         911   8.7140905149297385     
         912   8.7422715142451146     
         913   8.7189490046871470     
         914   8.7189490046871470     
         915   8.7189490046871470     
         916   8.7513666438895523     
         917   8.7315122946450714     
         918   8.7414232702351615     
         919   8.7125258285805582     
         920   8.7398964358477240     
         921   8.7398964358477240     
         922   8.7746857604456778     
         923   8.7603980895661557     
         924   8.8335778463667474     
         925   8.7823720185903138     
         926   8.7697979021595120     
         927   8.7863896987694989     
         928   8.8068143486656485     
         929   8.8068143486656485     
         930   8.8217869845207133     
         931   8.8217869845207133     
         932   8.7897588307109285     
         933   8.7428507132792106     
         934   8.7129321739449530     
         935   8.7156507094137243     
         936   8.7686940054153322     
         937   8.7286474427921785     
         938   8.7286474427921785     
         939   8.7818489479530051     
         940   8.7316810751852039     
         941   8.7316810751852039     
         942   8.7435786127533355     
         943   8.7435786127533355     
         944   8.7435786127533355     
         945   8.7435786127533355     
         946   8.7370138233389802     
         947   8.7225172450937887     
         948   8.7113739359991165     
         949   8.7626443135794183     
         950   8.7354949512877020     
         951   8.7545475393760377     
         952   8.7309339686716356     
         953   8.7265443421759237     
         954   8.7265443421759237     
         955   8.7181982085926997     
         956   8.7181982085926997     
         957   8.7634583629740295     
         958   8.7410071674505669     
         959   8.7386860908449915     
         960   8.7311635272437176     
         961   8.7637867093071780     
         962   8.7637867093071780     
         963   8.7434630691637611     
         964   8.7267579813990128     
         965   8.7267579813990128     
         966   8.7229679301382870     
         967   8.7682530211248633     
         968   8.7682530211248633     
         969   8.7682530211248633     
         970   8.7939291891104414     
         971   8.7910464123183267     
         972   8.7910464123183267     
         973   8.7910464123183267     
         974   8.8175979741848707     
         975   8.7981755289356069     
         976   8.7542106673582083     
         977   8.7542106673582083     
         978   8.7542106673582083     
         979   8.7648145120270016     
         980   8.7648145120270016     
         981   8.7756171039134916     
         982   8.7966228742747035     
         983   8.7966228742747035     
         984   8.7867273216882680     
         985   8.7520565907958368     
         986   8.7520565907958368     
         987   8.7520565907958368     
         988   8.7827663306448098     
         989   8.7336149848074029     
         990   8.7336149848074029     
         991   8.6913515685595613     
         992   8.6913515685595613     
         993   8.7441761493222252     
         994   8.7441761493222252     
         995   8.7441761493222252     
         996   8.7441761493222252     
         997   8.7337509426998530     
         998   8.7337509426998530     
         999   8.7266592099008715     
        1000   8.7290502689992131     
        1001   8.7293901346378355     
        1002   8.7119833798584629     
        1003   8.7113409872889349     
        1004   8.7332824911703746     
        1005   8.7398528544955241     
        1006   8.7398528544955241     
        1007   8.7191044136057663     
        1008   8.7007401111552483     
        1009   8.7186537478807686     
        1010   8.7186537478807686     
        1011   8.7186537478807686     
        1012   8.7726338782041218     
        1013   8.7728722981258915     
        1014   8.7728722981258915     
        1015   8.7728722981258915     
        1016   8.7240578109080342     
        1017   8.7451594911146735     
        1018   8.7814520388171591     
        1019   8.7814520388171591     
        1020   8.7729118861548336     
        1021   8.7355644151364427     
        1022   8.7355644151364427     
        1023   8.7378513003441221     
        1024   8.7877119744203451     
        1025   8.8019526513112591     
        1026   8.8366799592476291     
        1027   8.8272976099822476     
        1028   8.8188334098363708     
        1029   8.7600613596704164     
        1030   8.7713218929939014     
        1031   8.7713218929939014     
        1032   8.7713218929939014     
        1033   8.7713218929939014     
        1034   8.8101494082265450     
        1035   8.8101494082265450     
        1036   8.8090136694169487     
        1037   8.8090136694169487     
        1038   8.8210687602743505     
        1039   8.7921669241176605     
        1040   8.7667958650828908     
        1041   8.7667958650828908     
        1042   8.7660905329764702     
        1043   8.8072391221130228     
        1044   8.8028481925889359     
        1045   8.8028481925889359     
        1046   8.8148846452742085     
        1047   8.7789386855927791     
        1048   8.7221204416477978     
        1049   8.7221204416477978     
        1050   8.7486768327040192     
        1051   8.7563227203024212     
        1052   8.7780442045247540     
        1053   8.7407598636025217     
        1054   8.7407598636025217     
        1055   8.7967020768745883     
        1056   8.7967020768745883     
        1057   8.7967020768745883     
        1058   8.7967020768745883     
        1059   8.7864835929990939     
        1060   8.7864835929990939     
        1061   8.7906707550751353     
        1062   8.7906707550751353     
        1063   8.7906707550751353     
        1064   8.8162574193591752     
        1065   8.7994912706318242     
        1066   8.7836282967816501     
        1067   8.7836282967816501     
        1068   8.7935756600499033     
        1069   8.7776401250816960     
        1070   8.7776401250816960     
        1071   8.7696074103346078     
        1072   8.8061723930264719     
        1073   8.8061723930264719     
        1074   8.8321569038324714     
        1075   8.7840038757653804     
        1076   8.7820483473730029     
        1077   8.7820483473730029     
        1078   8.7820483473730029     
        1079   8.7508263237729942     
        1080   8.7508263237729942     
        1081   8.7839602255909082     
        1082   8.8108181951601079     
        1083   8.7806596866110098     
        1084   8.7316578178011373     
        1085   8.7316578178011373     
        1086   8.7640765831435061     
        1087   8.7344346572048899     
        1088   8.7606292039587608     
        1089   8.7606292039587608     
        1090   8.7544061612153410     
        1091   8.7643897406296691     
        1092   8.7505447023964145     
        1093   8.7391163827732079     
        1094   8.7336063277906053     
        1095   8.7336063277906053     
        1096   8.7418384480194931     
        1097   8.7773425098098272     
        1098   8.7896234217470219     
        1099   8.7896234217470219     
        1100   8.7509439464937469     
        1101   8.7509439464937469     
        1102   8.7334017915875783     
        1103   8.7334017915875783     
        1104   8.7334017915875783     
        1105   8.6686331257162976     
        1106   8.6853980262412005     
        1107   8.7087895853924433     
        1108   8.7087895853924433     
        1109   8.7087895853924433     
        1110   8.7113461145580544     
        1111   8.7367603441026827     
        1112   8.6891126014292865     
        1113   8.6635839840007876     
        1114   8.6635839840007876     
        1115   8.6950768054081387     
        1116   8.7133915040609438     
        1117   8.7133915040609438     
        1118   8.7133915040609438     
        1119   8.7197348477326564     
        1120   8.7143997200387879     
        1121   8.6982144389516236     
        1122   8.6982144389516236     
        1123   8.7386732465868207     
        1124   8.7386732465868207     
        1125   8.7386732465868207     
        1126   8.7386732465868207     
        1127   8.7314563613736986     
        1128   8.7441937028581744     
        1129   8.6998140817957879     
        1130   8.6998140817957879     
        1131   8.7190129708619803     
        1132   8.7190129708619803     
        1133   8.6683810015744349     
        1134   8.6824218482482269     
        1135   8.6824218482482269     
        1136   8.6634308834569627     
        1137   8.6839945720098495     
        1138   8.7267760160654237     
        1139   8.7154864564072430     
        1140   8.7013837635516129     
        1141   8.7013837635516129     
        1142   8.7013837635516129     
        1143   8.7013837635516129     
        1144   8.7151456414049591     
        1145   8.7151456414049591     
        1146   8.7235491767734068     
        1147   8.7235491767734068     
        1148   8.7235491767734068     
        1149   8.7235491767734068     
        1150   8.7235491767734068     
        1151   8.7235491767734068     
        1152   8.7235491767734068     
        1153   8.7235491767734068     
        1154   8.7235491767734068     
        1155   8.7056603251168898     
        1156   8.7056603251168898     
        1157   8.7056603251168898     
        1158   8.7198573857363044     
        1159   8.7198573857363044     
        1160   8.6968808332947098     
        1161   8.6645090890664420     
        1162   8.6645090890664420     
        1163   8.7009984817061774     
        1164   8.7009984817061774     
        1165   8.7009984817061774     
        1166   8.7219067959778371     
        1167   8.7219067959778371     
        1168   8.7219067959778371     
        1169   8.7219067959778371     
        1170   8.7159471650884992     
        1171   8.7027291561888376     
        1172   8.7027291561888376     
        1173   8.6827192337692818     
        1174   8.6827192337692818     
        1175   8.6827192337692818     
        1176   8.6827192337692818     
        1177   8.7193603534417470     
        1178   8.7267755065949650     
        1179   8.6883896159542466     
        1180   8.6883896159542466     
        1181   8.6689112473871042     
        1182   8.6689112473871042     
        1183   8.6629618394095047     
        1184   8.6965233294169053     
        1185   8.6789065863704877     
        1186   8.6789065863704877     
        1187   8.6973432437652587     
        1188   8.7161190643138937     
        1189   8.7161190643138937     
        1190   8.7161190643138937     
        1191   8.7450794080873493     
        1192   8.7533767993477731     
        1193   8.7533767993477731     
        1194   8.7751713644092835     
        1195   8.7751713644092835     
        1196   8.7751713644092835     
        1197   8.7751713644092835     
        1198   8.7751713644092835     
        1199   8.7748271394709718     
        1200   8.7462495637018289     
        1201   8.7462495637018289     
        1202   8.7571084061311737     
        1203   8.7477528945815397     
        1204   8.7477528945815397     
        1205   8.7628426718539654     
        1206   8.7628426718539654     
        1207   8.7091914522728473     
        1208   8.7091914522728473     
        1209   8.7091914522728473     
        1210   8.7028177247299467     
        1211   8.7205849759761787     
        1212   8.7619437112377927     
        1213   8.7755543253328767     
        1214   8.7841272562781487     
        1215   8.8200136041449841     
        1216   8.7516156628817061     
        1217   8.7629613866977838     
        1218   8.7629613866977838     
        1219   8.7629613866977838     
        1220   8.7629613866977838     
        1221   8.7629613866977838     
        1222   8.7438905242671403     
        1223   8.7438905242671403     
        1224   8.6916108004982089     
        1225   8.6916108004982089     
        1226   8.7155245225177147     
        1227   8.7166464068576150     
        1228   8.7428912465667992     
        1229   8.7436574222539427     
        1230   8.7269889020605618     
        1231   8.7138390225556961     
        1232   8.7485993155027781     
        1233   8.7485993155027781     
        1234   8.7485993155027781     
        1235   8.7217402067930951     
        1236   8.7300940345392757     
        1237   8.7461092634787576     
        1238   8.7461092634787576     
        1239   8.7935531314444741     
        1240   8.7935531314444741     
        1241   8.7935531314444741     
        1242   8.7611477482992175     
        1243   8.7585354918688392     
        1244   8.7658183798469107     
        1245   8.7108732992758355     
        1246   8.7302975733562818     
        1247   8.7265811591306139     
        1248   8.7555522639361083     
        1249   8.7823985538896441     
        1250   8.7823985538896441     
        1251   8.7411408551178056     
        1252   8.7053833656380366     
        1253   8.7424105084936947     
        1254   8.7424105084936947     
        1255   8.7424105084936947     
        1256   8.7424105084936947     
        1257   8.7424105084936947     
        1258   8.7424105084936947     
        1259   8.7183495031060829     
        1260   8.7095709789913816     
        1261   8.7021509493626592     
        1262   8.7190573418336008     
        1263   8.6949221496341433     
        1264   8.6949221496341433     
        1265   8.7187285884582195     
        1266   8.7187285884582195     
        1267   8.7570931783955910     
        1268   8.7570931783955910     
        1269   8.7443303344612389     
        1270   8.7443303344612389     
        1271   8.7443303344612389     
        1272   8.7147808791942030     
        1273   8.7233436890005187     
        1274   8.7478364966968574     
        1275   8.7478364966968574     
        1276   8.7478364966968574     
        1277   8.7511265742295574     
        1278   8.7511265742295574     
        1279   8.7511265742295574     
        1280   8.7262735361349435     
        1281   8.7355964832818707     
        1282   8.7354278828815595     
        1283   8.7354278828815595     
        1284   8.6876051869141602     
        1285   8.6913224633114883     
        1286   8.6895634377334705     
        1287   8.6895634377334705     
        1288   8.6895634377334705     
        1289   8.7243821013286187     
        1290   8.7243821013286187     
        1291   8.7283026669882080     
        1292   8.7283026669882080     
        1293   8.6880665963232797     
        1294   8.6880665963232797     
        1295   8.7043419059578397     
        1296   8.7002035720592019     
        1297   8.7250561342116058     
        1298   8.7063661892268573     
        1299   8.7063661892268573     
        1300   8.7532150925203531     
        1301   8.7532150925203531     
        1302   8.7532150925203531     
        1303   8.7462538672475176     
        1304   8.7462538672475176     
        1305   8.7796129721639158     
        1306   8.7796129721639158     
        1307   8.7571247303453088     
        1308   8.7571247303453088     
        1309   8.7634306575857828     
        1310   8.7634306575857828     
        1311   8.7634306575857828     
        1312   8.7634306575857828     
        1313   8.7634306575857828     
        1314   8.7902076835132732     
        1315   8.7902076835132732     
        1316   8.7712723080959112     
        1317   8.7348123003560563     
        1318   8.7577643477501077     
        1319   8.7577643477501077     
        1320   8.7577643477501077     
        1321   8.7800805522530680     
        1322   8.7884648136844294     
        1323   8.7948635109413651     
        1324   8.7462973036767995     
        1325   8.7693352088673286     
        1326   8.7688727943919016     
        1327   8.7954766274358036     
        1328   8.7695666576205671     
        1329   8.7508741810243436     
        1330   8.7591679408800083     
        1331   8.7420542996478350     
        1332   8.7055497116732692     
        1333   8.7305313982906636     
        1334   8.7305313982906636     
        1335   8.7603841592646337     
        1336   8.7330777498573831     
        1337   8.7330777498573831     
        1338   8.7541315687585310     
        1339   8.7405622116176396     
        1340   8.7762559196926748     
        1341   8.7739829481993841     
        1342   8.7739829481993841     
        1343   8.7579560849181544     
        1344   8.7353355264398651     
        1345   8.7353355264398651     
        1346   8.7366781054949580     
        1347   8.7131105490359158     
        1348   8.7213023404580188     
        1349   8.7213023404580188     
        1350   8.7717234823255836     
        1351   8.7644964608546143     
        1352   8.7644964608546143     
        1353   8.7202566886191430     
        1354   8.7248876061676466     
        1355   8.7682815601040964     
        1356   8.7682815601040964     
        1357   8.7521642728190745     
        1358   8.7521642728190745     
        1359   8.6980096745859630     
        1360   8.7269597134080534     
        1361   8.6949224645387151     
        1362   8.7103443997383412     
        1363   8.7019740840143420     
        1364   8.7019740840143420     
        1365   8.7019740840143420     
        1366   8.7532032319123605     
        1367   8.7765890147167251     
        1368   8.7713167741028126     
        1369   8.7504413513169492     
        1370   8.7281432675702604     
        1371   8.7281432675702604     
        1372   8.6562851526797040     
        1373   8.6875208989660422     
        1374   8.6997458563441974     
        1375   8.6997458563441974     
        1376   8.6856663848168854     
        1377   8.6418720532549091     
        1378   8.6418720532549091     
        1379   8.6307913042984730     
        1380   8.6477500481334335     
        1381   8.6477500481334335     
        1382   8.6494423306632875     
        1383   8.6872760022160413     
        1384   8.6872760022160413     
        1385   8.6872760022160413     
        1386   8.6872760022160413     
        1387   8.6641959875155159     
        1388   8.6798488269643315     
        1389   8.6916694982855205     
        1390   8.6616814993376714     
        1391   8.6711340537155834     
        1392   8.6711340537155834     
        1393   8.7307584754360494     
        1394   8.7307584754360494     
        1395   8.7307584754360494     
        1396   8.7307584754360494     
        1397   8.7317666363960900     
        1398   8.7450051955646728     
        1399   8.7417334828352136     
        1400   8.7243859562680939     
        1401   8.7262752500250329     
        1402   8.7346235711437306     
        1403   8.7219322100166536     
        1404   8.7471401256281229     
        1405   8.7471401256281229     
        1406   8.7471401256281229     
        1407   8.7471401256281229     
        1408   8.7471401256281229     
        1409   8.7471401256281229     
        1410   8.7471401256281229     
        1411   8.7471401256281229     
        1412   8.7619589622235772     
        1413   8.7479142427303866     
        1414   8.7420361252085304     
        1415   8.7779915390592613     
        1416   8.7747382639911091     
        1417   8.7749573102323364     
        1418   8.7749573102323364     
        1419   8.7682663262404397     
        1420   8.7682663262404397     
        1421   8.7472530816433665     
        1422   8.7472530816433665     
        1423   8.7514550248395633     
        1424   8.7195114998711709     
        1425   8.7522503227683632     
        1426   8.7255618559419226     
        1427   8.7650861064393375     
        1428   8.7650861064393375     
        1429   8.7650861064393375     
        1430   8.7650861064393375     
        1431   8.7580748807511650     
        1432   8.7665678815089674     
        1433   8.7665678815089674     
        1434   8.7665678815089674     
        1435   8.7212073940571422     
        1436   8.7704429595058819     
        1437   8.7704429595058819     
        1438   8.7704429595058819     
        1439   8.7704429595058819     
        1440   8.7704429595058819     
        1441   8.7704429595058819     
        1442   8.7704429595058819     
        1443   8.7704429595058819     
        1444   8.7704429595058819     
        1445   8.7704429595058819     
        1446   8.7794212754281205     
        1447   8.7924614133323757     
        1448   8.8001688534531652     
        1449   8.8169953288601732     
        1450   8.7609146114419474     
        1451   8.7948286660085468     
        1452   8.7392402426223921     
        1453   8.7392402426223921     
        1454   8.7508266324044719     
        1455   8.7346456026909589     
        1456   8.8058585312125093     
        1457   8.8093017041822126     
        1458   8.7809517842289591     
        1459   8.7035467192076386     
        1460   8.7149990728341624     
        1461   8.7251500089118341     
        1462   8.7251500089118341     
        1463   8.7530026039884401     
        1464   8.7377920414765100     
        1465   8.7638466809245106     
        1466   8.7638466809245106     
        1467   8.8007121165476487     
        1468   8.8007121165476487     
        1469   8.8007121165476487     
        1470   8.7410283230464838     
        1471   8.7309252618873874     
        1472   8.7587401566250165     
        1473   8.7587401566250165     
        1474   8.7587401566250165     
        1475   8.7271597195633319     
        1476   8.7473057528365974     
        1477   8.7451942344071494     
        1478   8.7451942344071494     
        1479   8.7451942344071494     
        1480   8.7451942344071494     
        1481   8.6906118894118300     
        1482   8.6906118894118300     
        1483   8.6696978813287640     
        1484   8.6936226864880677     
        1485   8.6936226864880677     
        1486   8.6936226864880677     
        1487   8.7410251773129470     
        1488   8.7410251773129470     
        1489   8.7410251773129470     
        1490   8.7410251773129470     
        1491   8.7558346040406896     
        1492   8.7486310454096632     
        1493   8.8061916084866283     
        1494   8.7652852857231878     
        1495   8.7652852857231878     
        1496   8.7877804524325320     
        1497   8.7697289214229102     
        1498   8.7697289214229102     
        1499   8.7767039245264673     
        1500   8.7767039245264673     
        1501   8.7774976900725150     
        1502   8.7497812666667034     
        1503   8.7497812666667034     
        1504   8.7491562386195447     
        1505   8.7225473395830875     
        1506   8.7284901334732989     
        1507   8.7284901334732989     
        1508   8.7516427774684420     
        1509   8.7537312568417018     
        1510   8.7537312568417018     
        1511   8.7227832101270533     
        1512   8.7227832101270533     
        1513   8.7060764488251241     
        1514   8.6863863854128294     
        1515   8.7017721063073807     
        1516   8.7017721063073807     
        1517   8.6695403115374834     
        1518   8.7144035348916464     
        1519   8.7433996791761146     
        1520   8.7785919541619233     
        1521   8.7638990655002154     
        1522   8.7081129963460988     
        1523   8.6998829024086923     
        1524   8.7381635849516215     
        1525   8.7454263631121183     
        1526   8.7193767955537567     
        1527   8.7153433044248114     
        1528   8.7228283491156926     
        1529   8.7228283491156926     
        1530   8.7228283491156926     
        1531   8.7228283491156926     
        1532   8.7151960527822379     
        1533   8.7605810321065949     
        1534   8.7605810321065949     
        1535   8.7987196587755676     
        1536   8.7572694715801731     
        1537   8.7870384193907078     
        1538   8.7497429686869310     
        1539   8.7282126634852286     
        1540   8.7340253012163327     
        1541   8.7354788270879595     
        1542   8.7651270851123400     
        1543   8.7651270851123400     
        1544   8.7243715331278242     
        1545   8.7554331569481612     
        1546   8.7554331569481612     
        1547   8.7517056281687911     
        1548   8.7757488234251948     
        1549   8.7641508410815554     
        1550   8.7641508410815554     
        1551   8.7446332827713746     
        1552   8.7446332827713746     
        1553   8.7446332827713746     
        1554   8.7446332827713746     
        1555   8.7400025540648159     
        1556   8.7394637139665008     
        1557   8.7394637139665008     
        1558   8.7363682918577155     
        1559   8.7363682918577155     
        1560   8.7349780558544303     
        1561   8.7099219900928695     
        1562   8.7099219900928695     
        1563   8.6851826086472101     
        1564   8.6851826086472101     
        1565   8.6851826086472101     
        1566   8.7352692939461676     
        1567   8.7300620554637032     
        1568   8.7289040775518387     
        1569   8.7289040775518387     
        1570   8.7026810009253968     
        1571   8.6800109544995703     
        1572   8.6635255905334603     
        1573   8.7003337036950938     
        1574   8.6932490748319147     
        1575   8.6932490748319147     
        1576   8.7147234667737727     
        1577   8.7147234667737727     
        1578   8.6940879392216317     
        1579   8.6940879392216317     
        1580   8.7049153800057439     
        1581   8.7049153800057439     
        1582   8.7049153800057439     
        1583   8.6576523179585738     
        1584   8.7007755836373732     
        1585   8.7037291571573281     
        1586   8.7037291571573281     
        1587   8.6982958994712227     
        1588   8.6860436208966849     
        1589   8.6860436208966849     
        1590   8.6996495079647183     
        1591   8.6940775968229147     
        1592   8.6940775968229147     
        1593   8.7056101671669310     
        1594   8.7304305191560285     
        1595   8.7304305191560285     
        1596   8.7540396536274638     
        1597   8.7540396536274638     
        1598   8.7540396536274638     
        1599   8.7154856083220338     
        1600   8.7154856083220338     
        1601   8.7154856083220338     
        1602   8.7154856083220338     
        1603   8.7002619438963595     
        1604   8.7002619438963595     
        1605   8.7002619438963595     
        1606   8.7114442857787040     
        1607   8.6870193155610664     
        1608   8.6870193155610664     
        1609   8.7079964688480285     
        1610   8.7164852086967795     
        1611   8.7256488909175882     
        1612   8.6874567153719262     
        1613   8.7181675168147859     
        1614   8.7181675168147859     
        1615   8.7575922043681462     
        1616   8.7833098445517965     
        1617   8.7860253556745906     
        1618   8.7430077303250844     
        1619   8.7797184729237845     
        1620   8.7732517173172990     
        1621   8.7732517173172990     
        1622   8.7638137749254241     
        1623   8.7482114341195043     
        1624   8.7482114341195043     
        1625   8.7818847982342483     
        1626   8.7818847982342483     
        1627   8.7416842585061243     
        1628   8.7416842585061243     
        1629   8.7268682595027158     
        1630   8.7268682595027158     
        1631   8.7268682595027158     
        1632   8.7268682595027158     
        1633   8.7373221002386874     
        1634   8.6938767909765087     
        1635   8.6960485851509706     
        1636   8.6960485851509706     
        1637   8.6960485851509706     
        1638   8.6960485851509706     
        1639   8.6960485851509706     
        1640   8.7402114838862648     
        1641   8.7378968495301059     
        1642   8.7068376615970529     
        1643   8.7122902390567329     
        1644   8.7122902390567329     
        1645   8.7573952677872775     
        1646   8.7995648514731304     
        1647   8.7995648514731304     
        1648   8.7900588706434934     
        1649   8.7695172238648471     
        1650   8.7695172238648471     
        1651   8.7123722782853328     
        1652   8.7503414020267574     
        1653   8.7441655816245074     
        1654   8.7406504670029328     
        1655   8.7230586667147509     
        1656   8.7294634367271176     
        1657   8.7299934697246666     
        1658   8.7476130221254653     
        1659   8.7476130221254653     
        1660   8.7019785806827166     
        1661   8.7019785806827166     
        1662   8.6912442134221646     
        1663   8.7069292181092699     
        1664   8.7069292181092699     
        1665   8.7069292181092699     
        1666   8.7305711781013553     
        1667   8.7305711781013553     
        1668   8.7305711781013553     
        1669   8.7924148781840650     
        1670   8.7354635787708279     
        1671   8.7354635787708279     
        1672   8.7400306225395834     
        1673   8.7602948751308602     
        1674   8.7264494520582758     
        1675   8.7264494520582758     
        1676   8.7810542496952131     
        1677   8.7106016323983937     
        1678   8.7287346385937035     
        1679   8.7287346385937035     
        1680   8.7287346385937035     
        1681   8.7315787204172963     
        1682   8.7315787204172963     
        1683   8.7205494607040368     
        1684   8.7205494607040368     
        1685   8.7592712558625898     
        1686   8.7434167610088451     
        1687   8.7434167610088451     
        1688   8.7434167610088451     
        1689   8.7358784067070196     
        1690   8.7402957556539764     
        1691   8.7218612320065336     
        1692   8.6947756700655265     
        1693   8.6947756700655265     
        1694   8.7182966176896457     
        1695   8.7307537863838593     
        1696   8.7233590622062547     
        1697   8.7135479458652760     
        1698   8.7033102831758669     
        1699   8.7063003721119134     
        1700   8.7097230393937224     
        1701   8.6968751381992409     
        1702   8.7499409171863274     
        1703   8.7499409171863274     
        1704   8.7499409171863274     
        1705   8.7258033332301697     
        1706   8.7405028220492333     
        1707   8.7185262738429010     
        1708   8.7185262738429010     
        1709   8.7185262738429010     
        1710   8.7270657231215019     
        1711   8.7033426013995889     
        1712   8.7306732689063722     
        1713   8.7485910875805768     
        1714   8.7647617400440261     
        1715   8.7458471994495284     
        1716   8.7127808181596951     
        1717   8.7155400055267638     
        1718   8.7155400055267638     
        1719   8.6899192858718735     
        1720   8.7521647194142655     
        1721   8.7213596522840415     
        1722   8.7161346170764862     
        1723   8.7526002615093841     
        1724   8.6992899502695948     
        1725   8.7491087440565174     
        1726   8.7491087440565174     
        1727   8.7491087440565174     
        1728   8.7370225642928006     
        1729   8.7413716239782158     
        1730   8.7509472864121474     
        1731   8.6969683351267655     
        1732   8.7498189912004758     
        1733   8.7186366359262308     
        1734   8.6818407394522623     
        1735   8.6818407394522623     
        1736   8.7011150424055312     
        1737   8.7219560444972313     
        1738   8.7219560444972313     
        1739   8.7400825373565425     
        1740   8.7480549308465267     
        1741   8.7480549308465267     
        1742   8.7480549308465267     
        1743   8.7585428097036786     
        1744   8.7587643690573636     
        1745   8.7782437114757652     
        1746   8.7782437114757652     
        1747   8.7782437114757652     
        1748   8.7525545052638858     
        1749   8.7550220002381671     
        1750   8.7550220002381671     
        1751   8.7550220002381671     
        1752   8.7550220002381671     
        1753   8.7550220002381671     
        1754   8.7243594650163612     
        1755   8.7243594650163612     
        1756   8.7410370013538774     
        1757   8.7410370013538774     
        1758   8.7086454950087280     
        1759   8.7534464445974063     
        1760   8.7534464445974063     
        1761   8.7534464445974063     
        1762   8.7117775008359857     
        1763   8.7117775008359857     
        1764   8.7150449592881554     
        1765   8.7013150163940107     
        1766   8.7227077394540053     
        1767   8.7192779475731896     
        1768   8.6939617178689872     
        1769   8.7449779472223845     
        1770   8.6912796429787047     
        1771   8.7385236158067023     
        1772   8.7374945692571284     
        1773   8.7100737591897932     
        1774   8.7100737591897932     
        1775   8.7385974008243501     
        1776   8.6955165904646652     
        1777   8.7527253824291620     
        1778   8.7164039585410578     
        1779   8.7164039585410578     
        1780   8.7340056169757059     
        1781   8.7340056169757059     
        1782   8.7450928758310873     
        1783   8.7391922776026671     
        1784   8.7391922776026671     
        1785   8.7386113181915857     
        1786   8.7050492866125069     
        1787   8.7535584507012008     
        1788   8.7535584507012008     
        1789   8.7229651299475890     
        1790   8.7585906045901680     
        1791   8.7775229916265918     
        1792   8.7474073588547139     
        1793   8.7474073588547139     
        1794   8.7474073588547139     
        1795   8.7493061336898652     
        1796   8.7493061336898652     
        1797   8.7741524924508862     
        1798   8.7448293511797512     
        1799   8.7581359018617224     
        1800   8.7581359018617224     
        1801   8.7581359018617224     
        1802   8.7581359018617224     
        1803   8.7620974291898399     
        1804   8.7620974291898399     
        1805   8.7508194014990437     
        1806   8.7508194014990437     
        1807   8.7342824530940764     
        1808   8.7290019682204996     
        1809   8.6757880053396690     
        1810   8.7113560187899282     
        1811   8.7123737223327655     
        1812   8.7328164772370389     
        1813   8.7328164772370389     
        1814   8.7328164772370389     
        1815   8.7397704226570649     
        1816   8.7557130225116797     
        1817   8.7557130225116797     
        1818   8.7814710565929435     
        1819   8.7605609509142859     
        1820   8.7605609509142859     
        1821   8.7465694059731049     
        1822   8.7409800535921320     
        1823   8.7623264361679389     
        1824   8.7623264361679389     
        1825   8.7533752122859703     
        1826   8.7935791337359301     
        1827   8.7819392347560399     
        1828   8.7819392347560399     
        1829   8.7461916021658634     
        1830   8.8115124668373124     
        1831   8.7612659702698394     
        1832   8.7545022517204938     
        1833   8.7545022517204938     
        1834   8.7324488078289377     
        1835   8.7461425278719069     
        1836   8.7461425278719069     
        1837   8.7175870103745066     
        1838   8.7767042219257174     
        1839   8.7960256903701399     
        1840   8.7864010406290411     
        1841   8.7553358971975541     
        1842   8.7479105894262439     
        1843   8.7903947993021365     
        1844   8.7769845974704950     
        1845   8.7769845974704950     
        1846   8.7360133345218216     
        1847   8.7681580777890726     
        1848   8.7681580777890726     
        1849   8.7681580777890726     
        1850   8.7528579365920773     
        1851   8.7356832985200654     
        1852   8.7398602803300811     
        1853   8.6863526420697319     
        1854   8.7296499630117896     
        1855   8.7569999868990447     
        1856   8.7133934519652669     
        1857   8.7133934519652669     
        1858   8.7133934519652669     
        1859   8.7169100105235060     
        1860   8.7169100105235060     
        1861   8.7504050030700924     
        1862   8.7006733750309095     
        1863   8.7066263415573779     
        1864   8.7066263415573779     
        1865   8.7066263415573779     
        1866   8.7066263415573779     
        1867   8.7066263415573779     
        1868   8.7066263415573779     
        1869   8.7127402859355136     
        1870   8.7127402859355136     
        1871   8.7127402859355136     
        1872   8.7079766264536271     
        1873   8.7182182491921090     
        1874   8.7182182491921090     
        1875   8.7182182491921090     
        1876   8.7234570158680604     
        1877   8.7826445237650788     
        1878   8.7763189946955311     
        1879   8.7569887988139534     
        1880   8.7569887988139534     
        1881   8.7810991010927655     
        1882   8.7792487854905499     
        1883   8.7459956798994138     
        1884   8.7146943425222290     
        1885   8.7563501466936557     
        1886   8.7455274685179045     
        1887   8.7455274685179045     
        1888   8.7243108495517525     
        1889   8.7243108495517525     
        1890   8.7243108495517525     
        1891   8.7243108495517525     
        1892   8.7236895730725568     
        1893   8.7285747517981100     
        1894   8.7165529831951893     
        1895   8.7505510141323448     
        1896   8.7505510141323448     
        1897   8.7398159628058600     
        1898   8.6753883112981107     
        1899   8.7189518787555560     
        1900   8.6691271075984329     
        1901   8.6807539224424222     
        1902   8.6521646427395762     
        1903   8.6645498507099870     
        1904   8.6645498507099870     
        1905   8.6664684723496812     
        1906   8.6860595112664463     
        1907   8.7389917924118787     
        1908   8.7389917924118787     
        1909   8.7195417498195535     
        1910   8.7288185723970937     
        1911   8.7186315978812114     
        1912   8.7667589409231255     
        1913   8.7667589409231255     
        1914   8.7667589409231255     
        1915   8.7486876099590649     
        1916   8.7331801685987340     
        1917   8.7557107981709201     
        1918   8.7215044149976553     
        1919   8.7168256634588772     
        1920   8.7332745941568266     
        1921   8.6986157732307596     
        1922   8.6986157732307596     
        1923   8.7067440747863980     
        1924   8.7067440747863980     
        1925   8.7067440747863980     
        1926   8.7067440747863980     
        1927   8.7067440747863980     
        1928   8.7307603197587920     
        1929   8.7252489390699832     
        1930   8.7252489390699832     
        1931   8.7252489390699832     
        1932   8.7252489390699832     
        1933   8.7214084408215644     
        1934   8.7023287646795939     
        1935   8.7365461044805119     
        1936   8.6923569663920208     
        1937   8.6923569663920208     
        1938   8.6923569663920208     
        1939   8.6923569663920208     
        1940   8.6923569663920208     
        1941   8.6711073177441307     
        1942   8.7006006589254046     
        1943   8.6417300287312120     
        1944   8.6215921952825934     
        1945   8.6433481445488116     
        1946   8.6433481445488116     
        1947   8.6433481445488116     
        1948   8.6688257215036106     
        1949   8.6169735693553395     
        1950   8.6504987280826544     
        1951   8.6504987280826544     
        1952   8.6720760004150144     
        1953   8.6720760004150144     
        1954   8.6993426690952305     
        1955   8.6506992772333824     
        1956   8.6772393325904957     
        1957   8.6473012608735171     
        1958   8.6879379537975261     
        1959   8.6543411024533992     
        1960   8.6543411024533992     
        1961   8.6543411024533992     
        1962   8.6959784969862817     
        1963   8.6443127019556698     
        1964   8.6443127019556698     
        1965   8.6978854604444571     
        1966   8.6978854604444571     
        1967   8.6800024629370025     
        1968   8.6902778998450358     
        1969   8.6902778998450358     
        1970   8.6902778998450358     
        1971   8.6902778998450358     
        1972   8.6353520327874840     
        1973   8.6914549058664825     
        1974   8.7158561843923650     
        1975   8.6804739819568368     
        1976   8.6945310556592119     
        1977   8.6859303164869370     
        1978   8.6818796866276635     
        1979   8.7043587780013798     
        1980   8.6954642454618760     
        1981   8.6954642454618760     
        1982   8.6982973752178179     
        1983   8.6982973752178179     
        1984   8.6549893592834000     
        1985   8.6549893592834000     
        1986   8.6482158879948141     
        1987   8.6482158879948141     
        1988   8.6482158879948141     
        1989   8.6615994545082309     
        1990   8.6916933640976151     
        1991   8.6660558053796812     
        1992   8.6660558053796812     
        1993   8.6660558053796812     
        1994   8.6847940211135004     
        1995   8.7003099632575847     
        1996   8.6981716370958981     
        1997   8.6865801381323511     
        1998   8.6865801381323511     
        1999   8.6948537528843133     
        2000   8.7777238625218246     
