           1   18.077013743008628     
           2   18.077013743008628     
           3   17.956452932592985     
           4   17.956452932592985     
           5   17.941367186810449     
           6   17.915716590828264     
           7   17.877915102555960     
           8   17.856265344076139     
           9   17.741264653659186     
          10   17.635477309631970     
          11   17.635477309631970     
          12   17.595758539951287     
          13   17.516495282984096     
          14   17.438750745780037     
          15   17.438750745780037     
          16   17.438750745780037     
          17   17.438750745780037     
          18   17.360343111122731     
          19   17.360343111122731     
          20   17.360343111122731     
          21   17.360343111122731     
          22   17.230896779802713     
          23   17.230896779802713     
          24   17.230896779802713     
          25   17.230896779802713     
          26   17.125920847217987     
          27   17.076480271745847     
          28   17.076480271745847     
          29   17.076480271745847     
          30   17.076480271745847     
          31   17.014138793598011     
          32   17.014138793598011     
          33   16.994294019062277     
          34   16.919488570226520     
          35   16.919488570226520     
          36   16.905122061099309     
          37   16.832077504619399     
          38   16.832077504619399     
          39   16.754775003146346     
          40   16.754775003146346     
          41   16.671934066930202     
          42   16.597596765541855     
          43   16.597596765541855     
          44   16.497148786901025     
          45   16.422727241229733     
          46   16.422727241229733     
          47   16.351175027138904     
          48   16.351175027138904     
          49   16.309668213400098     
          50   16.278506095323205     
          51   16.226945776023207     
          52   16.156248957889932     
          53   16.081458107752137     
          54   16.051878906395782     
          55   16.051878906395782     
          56   16.045004866698211     
          57   16.001504697737083     
          58   16.000168196445564     
          59   15.980967595915526     
          60   15.980967595915526     
          61   15.980967595915526     
          62   15.980967595915526     
          63   15.980967595915526     
          64   15.980967595915526     
          65   15.978824200880798     
          66   15.946331177940218     
          67   15.840100658721367     
          68   15.799947109490734     
          69   15.799947109490734     
          70   15.768559338848375     
          71   15.749449957540413     
          72   15.702847403448994     
          73   15.619064439215684     
          74   15.555605080189363     
          75   15.555605080189363     
          76   15.525975269995211     
          77   15.373398888594245     
          78   15.373398888594245     
          79   15.303366599703587     
          80   15.231035810245418     
          81   15.231035810245418     
          82   15.231035810245418     
          83   15.231035810245418     
          84   15.231035810245418     
          85   15.229702020810453     
          86   15.069784801970579     
          87   15.069784801970579     
          88   15.052288623834583     
          89   15.052288623834583     
          90   14.913496844939793     
          91   14.890957570439499     
          92   14.890957570439499     
          93   14.890957570439499     
          94   14.857813551413907     
          95   14.857813551413907     
          96   14.792853284651363     
          97   14.786321866427926     
          98   14.675223482218358     
          99   14.637275655342577     
         100   14.509045618674669     
         101   14.503690260569277     
         102   14.503690260569277     
         103   14.503690260569277     
         104   14.503690260569277     
         105   14.476832432078750     
         106   14.411501551741527     
         107   14.348310590283344     
         108   14.348310590283344     
         109   14.293402700043023     
         110   14.081848012557215     
         111   14.040629662903829     
         112   13.978839577270676     
         113   13.978839577270676     
         114   13.978839577270676     
         115   13.916101474981184     
         116   13.916101474981184     
         117   13.828509635148809     
         118   13.810020318666997     
         119   13.732061408341270     
         120   13.732061408341270     
         121   13.674335120493534     
         122   13.674335120493534     
         123   13.593383219027395     
         124   13.593383219027395     
         125   13.588294810756841     
         126   13.588294810756841     
         127   13.588294810756841     
         128   13.485220446050413     
         129   13.452526518519733     
         130   13.396911174834472     
         131   13.344612675055723     
         132   13.298860318284794     
         133   13.298860318284794     
         134   13.298860318284794     
         135   13.280211501474318     
         136   13.280211501474318     
         137   13.219763823152364     
         138   13.219763823152364     
         139   13.198884563891470     
         140   13.198884563891470     
         141   13.198884563891470     
         142   13.198884563891470     
         143   13.156039453895939     
         144   13.142611279337434     
         145   13.064214336253393     
         146   13.005804179999059     
         147   12.972813108081780     
         148   12.972813108081780     
         149   12.936657025622480     
         150   12.936657025622480     
         151   12.895220019819190     
         152   12.895220019819190     
         153   12.879739934085292     
         154   12.879739934085292     
         155   12.833681405812280     
         156   12.833681405812280     
         157   12.833681405812280     
         158   12.815263633173419     
         159   12.815263633173419     
         160   12.721131495194326     
         161   12.629407409629083     
         162   12.573988346939409     
         163   12.490837511203194     
         164   12.459071743686041     
         165   12.459071743686041     
         166   12.459071743686041     
         167   12.365006852598494     
         168   12.367153034359333     
         169   12.367153034359333     
         170   12.367153034359333     
         171   12.319539711223268     
         172   12.275159464359916     
         173   12.238488473682027     
         174   12.238488473682027     
         175   12.247282422729239     
         176   12.245149836113159     
         177   12.170439288047126     
         178   12.170439288047126     
         179   12.216188031304036     
         180   12.196226548532298     
         181   12.196226548532298     
         182   12.167411555508709     
         183   12.167411555508709     
         184   12.167411555508709     
         185   12.142161843116520     
         186   12.106725722084992     
         187   12.061698033526771     
         188   12.027981936107631     
         189   12.027981936107631     
         190   12.030451780876655     
         191   12.030451780876655     
         192   11.999161104991153     
         193   11.994985395866586     
         194   11.994985395866586     
         195   11.994985395866586     
         196   11.930618527201625     
         197   11.887132997075588     
         198   11.864584086313535     
         199   11.864584086313535     
         200   11.861355132458975     
         201   11.839821735461951     
         202   11.845080490662301     
         203   11.843736929038911     
         204   11.833312764436906     
         205   11.824463836762376     
         206   11.790264891366826     
         207   11.790264891366826     
         208   11.790264891366826     
         209   11.790930537321854     
         210   11.780754221731971     
         211   11.780754221731971     
         212   11.697207441340701     
         213   11.667387872724818     
         214   11.651480908093998     
         215   11.651480908093998     
         216   11.651480908093998     
         217   11.643223845853106     
         218   11.643223845853106     
         219   11.643223845853106     
         220   11.643223845853106     
         221   11.599314014782914     
         222   11.599314014782914     
         223   11.599314014782914     
         224   11.522269285224569     
         225   11.506062029257915     
         226   11.465219579963092     
         227   11.418407043800094     
         228   11.414372727353404     
         229   11.414372727353404     
         230   11.414372727353404     
         231   11.355436417846130     
         232   11.355436417846130     
         233   11.336255194533550     
         234   11.272064794616556     
         235   11.261136879878798     
         236   11.240237415110869     
         237   11.240237415110869     
         238   11.241407535623070     
         239   11.202740698909105     
         240   11.209655659672869     
         241   11.209655659672869     
         242   11.168716405676934     
         243   11.134451957654948     
         244   11.115876144291246     
         245   11.114269805265909     
         246   11.072543423431966     
         247   11.031176226031260     
         248   11.050126594555191     
         249   11.030857172957699     
         250   11.030857172957699     
         251   11.037659676666490     
         252   11.016484240829957     
         253   11.016484240829957     
         254   10.990222241650224     
         255   10.962884871127452     
         256   10.932587486333064     
         257   10.888397323768563     
         258   10.870795020293265     
         259   10.885672472031532     
         260   10.857263900218438     
         261   10.841572593113101     
         262   10.845851735554408     
         263   10.826786689495613     
         264   10.856181952012303     
         265   10.816647001973960     
         266   10.816963683371883     
         267   10.816963683371883     
         268   10.796952090469476     
         269   10.796952090469476     
         270   10.749221402269486     
         271   10.749221402269486     
         272   10.749221402269486     
         273   10.749221402269486     
         274   10.749221402269486     
         275   10.745575847296740     
         276   10.736574098696787     
         277   10.692177867928967     
         278   10.694326135802671     
         279   10.694326135802671     
         280   10.694326135802671     
         281   10.602164850621483     
         282   10.587455644829202     
         283   10.587455644829202     
         284   10.584114137257091     
         285   10.584114137257091     
         286   10.571842271945528     
         287   10.567904221602278     
         288   10.567904221602278     
         289   10.500315867855161     
         290   10.489122754726468     
         291   10.489122754726468     
         292   10.489122754726468     
         293   10.489122754726468     
         294   10.489122754726468     
         295   10.421738212899802     
         296   10.421738212899802     
         297   10.396923462080313     
         298   10.396923462080313     
         299   10.357203551771356     
         300   10.318908018871548     
         301   10.339174798739794     
         302   10.312633567914142     
         303   10.312633567914142     
         304   10.324553195935618     
         305   10.336348105522621     
         306   10.329659366335274     
         307   10.283307825466981     
         308   10.280146089391089     
         309   10.280146089391089     
         310   10.280146089391089     
         311   10.267372959456720     
         312   10.262450811014100     
         313   10.297298295547110     
         314   10.258414120794223     
         315   10.258414120794223     
         316   10.258414120794223     
         317   10.254365791167945     
         318   10.234023696133312     
         319   10.199313846599988     
         320   10.202734626174623     
         321   10.185096510337024     
         322   10.180361839136740     
         323   10.180361839136740     
         324   10.180361839136740     
         325   10.180609394348430     
         326   10.119421563934738     
         327   10.105480771682467     
         328   10.105480771682467     
         329   10.105480771682467     
         330   10.080228282455062     
         331   10.080228282455062     
         332   10.075411945466046     
         333   10.035147461043152     
         334   10.000815209672860     
         335   10.000815209672860     
         336   10.011171163994620     
         337   10.011171163994620     
         338   10.011171163994620     
         339   10.002955361933861     
         340   9.9477898067353117     
         341   9.9857403518150107     
         342   9.9525019192575392     
         343   9.9484221967740520     
         344   9.9484221967740520     
         345   9.9277768776484461     
         346   9.9261651434434306     
         347   9.9526469872608150     
         348   9.9526469872608150     
         349   9.8883354570661641     
         350   9.8620871635272742     
         351   9.8620871635272742     
         352   9.8373787774098798     
         353   9.8373787774098798     
         354   9.8285532920798371     
         355   9.8256014255382880     
         356   9.8140106782652552     
         357   9.8359021832609912     
         358   9.8131977061802225     
         359   9.7887836637105909     
         360   9.8272712633685568     
         361   9.8272712633685568     
         362   9.8398035972483022     
         363   9.8398035972483022     
         364   9.8398035972483022     
         365   9.8304421364138737     
         366   9.7394620322813807     
         367   9.7298801531949461     
         368   9.7347434239148498     
         369   9.7057180410504511     
         370   9.6892139045010737     
         371   9.6987454510905362     
         372   9.6970584526666403     
         373   9.6897312967460181     
         374   9.6572523838303930     
         375   9.6239080017421816     
         376   9.6297421895140527     
         377   9.6297421895140527     
         378   9.6408362888752404     
         379   9.6408362888752404     
         380   9.6110098131422177     
         381   9.6373650193462534     
         382   9.6120178855357796     
         383   9.5926936269445360     
         384   9.6364373983321343     
         385   9.6364373983321343     
         386   9.6364373983321343     
         387   9.6364373983321343     
         388   9.5547842215830503     
         389   9.5460841801646552     
         390   9.5456759342482513     
         391   9.5512125529502612     
         392   9.5822798955225021     
         393   9.5692156847649663     
         394   9.5692156847649663     
         395   9.5558329824662405     
         396   9.5253520061212722     
         397   9.5164753274292480     
         398   9.5164753274292480     
         399   9.5164753274292480     
         400   9.5164753274292480     
         401   9.5305120719356822     
         402   9.5172566986825515     
         403   9.4770766009502978     
         404   9.4510334276904722     
         405   9.4510334276904722     
         406   9.4893690713948740     
         407   9.4617983667617445     
         408   9.4357466104861949     
         409   9.4195699191758706     
         410   9.3869950448392405     
         411   9.4082782067602242     
         412   9.4082782067602242     
         413   9.4248720895364340     
         414   9.4248720895364340     
         415   9.4042871177466889     
         416   9.3631315563232214     
         417   9.3631315563232214     
         418   9.3631315563232214     
         419   9.3481610782771476     
         420   9.3481610782771476     
         421   9.3481610782771476     
         422   9.3235465414891916     
         423   9.3263127439124993     
         424   9.3127508162990384     
         425   9.3127508162990384     
         426   9.2783326750575537     
         427   9.2783326750575537     
         428   9.2854342934213729     
         429   9.2881105782600439     
         430   9.2881105782600439     
         431   9.3025804956437845     
         432   9.2802748026178783     
         433   9.2470683582543014     
         434   9.2387635545775115     
         435   9.2387635545775115     
         436   9.2545300563858213     
         437   9.2301452374122537     
         438   9.2301452374122537     
         439   9.2539707728318810     
         440   9.2578861211478429     
         441   9.2548101524713111     
         442   9.2548101524713111     
         443   9.2441094328678481     
         444   9.2040868386802774     
         445   9.2040868386802774     
         446   9.2357068507804563     
         447   9.2412280994858254     
         448   9.2412280994858254     
         449   9.2293958098051068     
         450   9.2287585514621444     
         451   9.2400447601845475     
         452   9.2404693984166428     
         453   9.2162957805311425     
         454   9.1900244196634500     
         455   9.1900244196634500     
         456   9.1673663524467717     
         457   9.1673663524467717     
         458   9.1436544568423574     
         459   9.1470041647547351     
         460   9.1931558989707920     
         461   9.1781719907842145     
         462   9.1748489504059663     
         463   9.1833861267034838     
         464   9.1833861267034838     
         465   9.1833861267034838     
         466   9.1657488156300015     
         467   9.1639983157436333     
         468   9.1639983157436333     
         469   9.1639983157436333     
         470   9.1639983157436333     
         471   9.1639983157436333     
         472   9.1639983157436333     
         473   9.1639983157436333     
         474   9.1814392884882281     
         475   9.1539831815320856     
         476   9.0992888578994648     
         477   9.0992888578994648     
         478   9.1097668246678705     
         479   9.0901066066455414     
         480   9.0826534149610385     
         481   9.0626142927039854     
         482   9.0626142927039854     
         483   9.0843484268619434     
         484   9.0704172533600751     
         485   9.0704172533600751     
         486   9.0436348975631216     
         487   9.0443482231722498     
         488   9.0232304845609708     
         489   9.0339003807500333     
         490   8.9966881079194376     
         491   8.9952995119187467     
         492   9.0042137523626486     
         493   9.0136459246134510     
         494   8.9854987673359172     
         495   9.0220782164311846     
         496   9.0220782164311846     
         497   9.0064055222694197     
         498   9.0139183970733825     
         499   9.0139183970733825     
         500   9.0139183970733825     
         501   9.0020810788918944     
         502   8.9857976550993008     
         503   8.9510418364938200     
         504   8.9510418364938200     
         505   8.9595583782206596     
         506   8.9251587126164420     
         507   8.9251587126164420     
         508   8.9220605712161056     
         509   8.9220605712161056     
         510   8.9592565602664411     
         511   8.9091513318483013     
         512   8.9505705780046263     
         513   8.9515986373824692     
         514   8.9332498520828718     
         515   8.9332498520828718     
         516   8.9267249205010906     
         517   8.9267249205010906     
         518   8.9267249205010906     
         519   8.9267249205010906     
         520   8.9267249205010906     
         521   8.9654221337073103     
         522   8.9460720399383629     
         523   8.9460720399383629     
         524   8.9558257461383519     
         525   8.9579909743588892     
         526   8.9296546289595344     
         527   8.9461191357977725     
         528   8.9402606657508787     
         529   8.9266844797380411     
         530   8.9188893211589821     
         531   8.8908425715827732     
         532   8.9287640035059042     
         533   8.9664379108589571     
         534   8.9310954478502964     
         535   8.9310954478502964     
         536   8.8912361931337198     
         537   8.9166514946864250     
         538   8.9166514946864250     
         539   8.9192080854484317     
         540   8.9192080854484317     
         541   8.8783560279862410     
         542   8.8807890070670350     
         543   8.8846964428891528     
         544   8.8736112457415022     
         545   8.8626615925197356     
         546   8.8626615925197356     
         547   8.8347112894616657     
         548   8.8383627536408991     
         549   8.8383627536408991     
         550   8.8383627536408991     
         551   8.8167418040954892     
         552   8.7701575585021239     
         553   8.7889934045073748     
         554   8.8003664673007034     
         555   8.8200053292899412     
         556   8.8036884203356376     
         557   8.8283180123550178     
         558   8.8283180123550178     
         559   8.8283180123550178     
         560   8.8283180123550178     
         561   8.8283180123550178     
         562   8.8040445266486760     
         563   8.8225221112429555     
         564   8.8100625504856982     
         565   8.7975365380397967     
         566   8.8280794190241760     
         567   8.8123596074360826     
         568   8.8004095931129722     
         569   8.7829705225408343     
         570   8.7988712067824082     
         571   8.8074235637066387     
         572   8.7868461650401652     
         573   8.7868461650401652     
         574   8.7562902096932351     
         575   8.7365562772861409     
         576   8.7365562772861409     
         577   8.7671867320433208     
         578   8.7496814899514455     
         579   8.7784191173844608     
         580   8.7185697689368240     
         581   8.7185697689368240     
         582   8.7185697689368240     
         583   8.7307509065064632     
         584   8.7307509065064632     
         585   8.7307509065064632     
         586   8.7148375812544323     
         587   8.7148375812544323     
         588   8.7211923837447305     
         589   8.6955112185036754     
         590   8.6955112185036754     
         591   8.6936907909013428     
         592   8.6936907909013428     
         593   8.7096832505652539     
         594   8.7290506326974810     
         595   8.7293745439264896     
         596   8.7312839649559510     
         597   8.7312839649559510     
         598   8.7287515004079186     
         599   8.7396741455213967     
         600   8.7346441772091037     
         601   8.7292462815289884     
         602   8.7292462815289884     
         603   8.7136484835376713     
         604   8.7470347825795525     
         605   8.7115065326350596     
         606   8.7115065326350596     
         607   8.7408687165286665     
         608   8.7073803842048552     
         609   8.7481911306736908     
         610   8.7269605992451034     
         611   8.7501231753040969     
         612   8.7128004531349177     
         613   8.7205256731132668     
         614   8.7205256731132668     
         615   8.7205256731132668     
         616   8.7243020141633583     
         617   8.7380369971196732     
         618   8.6971794005385217     
         619   8.6904757202206078     
         620   8.6904757202206078     
         621   8.6925250576760771     
         622   8.6925250576760771     
         623   8.6925250576760771     
         624   8.6987316188399895     
         625   8.6987316188399895     
         626   8.6823518351822173     
         627   8.6823518351822173     
         628   8.6823518351822173     
         629   8.6552217290326769     
         630   8.6364650994103354     
         631   8.6498747889248264     
         632   8.6498747889248264     
         633   8.6846700846665534     
         634   8.6535764078308173     
         635   8.6230324800183791     
         636   8.6230324800183791     
         637   8.6288908238580699     
         638   8.6288908238580699     
         639   8.5989362757522851     
         640   8.6328760877066593     
         641   8.6328760877066593     
         642   8.6328760877066593     
         643   8.6393293697761386     
         644   8.6437372042709182     
         645   8.6188820061940685     
         646   8.6516911048747644     
         647   8.6593721672566080     
         648   8.6874510080137259     
         649   8.6579950256634497     
         650   8.6755393838355470     
         651   8.6755393838355470     
         652   8.6387333821375378     
         653   8.6831077682511140     
         654   8.6831077682511140     
         655   8.6625526480884947     
         656   8.6659875431389946     
         657   8.6607417027146774     
         658   8.6559955231087784     
         659   8.6559955231087784     
         660   8.6559955231087784     
         661   8.7084521765396872     
         662   8.6663600800117102     
         663   8.6663600800117102     
         664   8.6663600800117102     
         665   8.6663600800117102     
         666   8.6663600800117102     
         667   8.6618585069101446     
         668   8.6860914889631839     
         669   8.6578767178634077     
         670   8.6398046244998437     
         671   8.6567675305495353     
         672   8.6423475596310322     
         673   8.6354973968560262     
         674   8.6244759829640714     
         675   8.6244759829640714     
         676   8.6339673092107461     
         677   8.6570358471185411     
         678   8.6911622874505259     
         679   8.6775734122849499     
         680   8.6564492362641090     
         681   8.6656762527783648     
         682   8.6340600411998878     
         683   8.6340600411998878     
         684   8.6512992373040820     
         685   8.7034733538353741     
         686   8.6699722781904285     
         687   8.6699722781904285     
         688   8.6699722781904285     
         689   8.6413809839378679     
         690   8.6337984261566483     
         691   8.6736293904048516     
         692   8.6458928732863978     
         693   8.6679019306795286     
         694   8.6457299833927390     
         695   8.6457299833927390     
         696   8.6171731400205935     
         697   8.6171731400205935     
         698   8.6171731400205935     
         699   8.6198856426642703     
         700   8.6296252864060214     
         701   8.6296252864060214     
         702   8.6296252864060214     
         703   8.6296252864060214     
         704   8.6296252864060214     
         705   8.6444103428344707     
         706   8.6231349028947637     
         707   8.6231349028947637     
         708   8.6273433931992969     
         709   8.5933074950289203     
         710   8.5933074950289203     
         711   8.6228913556608244     
         712   8.6057024873911843     
         713   8.5957813664216758     
         714   8.5957813664216758     
         715   8.6021601521089437     
         716   8.6376660901354043     
         717   8.6376660901354043     
         718   8.6121621393400343     
         719   8.6077639127518104     
         720   8.6253078347437881     
         721   8.6251634390655756     
         722   8.6251634390655756     
         723   8.6251634390655756     
         724   8.6288120738424858     
         725   8.6447651516992607     
         726   8.6329073939526015     
         727   8.6112998515763444     
         728   8.6112998515763444     
         729   8.5774233755968616     
         730   8.5902627976699879     
         731   8.5862576567852020     
         732   8.5862576567852020     
         733   8.5934784501224080     
         734   8.6104321769101713     
         735   8.6104321769101713     
         736   8.6053689301624612     
         737   8.5894465072258157     
         738   8.6036650418421985     
         739   8.5917246370422546     
         740   8.5794784921707681     
         741   8.5925098284328421     
         742   8.5797685125852006     
         743   8.5520282347235028     
         744   8.5516596449918723     
         745   8.5837723168473730     
         746   8.5966609334749879     
         747   8.5966609334749879     
         748   8.5563886193785414     
         749   8.6051608109055557     
         750   8.6051608109055557     
         751   8.6044856147799180     
         752   8.5898143610278250     
         753   8.6051253224993314     
         754   8.5714273299617822     
         755   8.5380704303623602     
         756   8.5821379431783491     
         757   8.5821379431783491     
         758   8.5821379431783491     
         759   8.5821379431783491     
         760   8.5821379431783491     
         761   8.5706329739189595     
         762   8.6007466348254109     
         763   8.6007466348254109     
         764   8.5988802399262223     
         765   8.5988802399262223     
         766   8.5988802399262223     
         767   8.5988802399262223     
         768   8.5988802399262223     
         769   8.5721472691641143     
         770   8.5546309201627952     
         771   8.5660422274884152     
         772   8.5834940180417973     
         773   8.5872638005299429     
         774   8.5527901527765557     
         775   8.5360498532461033     
         776   8.5360498532461033     
         777   8.5345830312111399     
         778   8.5554246144018649     
         779   8.5554246144018649     
         780   8.5813197754569721     
         781   8.5525654450258983     
         782   8.5839607516670640     
         783   8.5825720868912150     
         784   8.5718027353448729     
         785   8.5638957655249346     
         786   8.5834738774797632     
         787   8.5374904081687735     
         788   8.5209545159851778     
         789   8.5598537004693469     
         790   8.5528881931226444     
         791   8.5528881931226444     
         792   8.5528881931226444     
         793   8.5395528877826692     
         794   8.5057844094999329     
         795   8.5057844094999329     
         796   8.5057844094999329     
         797   8.5256042361861617     
         798   8.5216661054734431     
         799   8.5216661054734431     
         800   8.5217817017329374     
         801   8.4829149317856487     
         802   8.4829149317856487     
         803   8.4873231613079625     
         804   8.4734833963634948     
         805   8.4506178240466987     
         806   8.4506178240466987     
         807   8.4445229697301283     
         808   8.4737127594602004     
         809   8.4737127594602004     
         810   8.4397239546502956     
         811   8.4397239546502956     
         812   8.4762669577415828     
         813   8.4808529187575310     
         814   8.4506822990350763     
         815   8.4753240004425709     
         816   8.4753240004425709     
         817   8.5059070954143312     
         818   8.5125334942261546     
         819   8.5125334942261546     
         820   8.4976767741851624     
         821   8.5057674072488929     
         822   8.5057674072488929     
         823   8.5002031918979615     
         824   8.4846804911815674     
         825   8.4905533602894980     
         826   8.4900393349373395     
         827   8.4900393349373395     
         828   8.4900393349373395     
         829   8.5107728617196070     
         830   8.5136642941776461     
         831   8.5136642941776461     
         832   8.5400586687521898     
         833   8.5078124515738622     
         834   8.5078124515738622     
         835   8.5078124515738622     
         836   8.5071890894902911     
         837   8.4807644490985101     
         838   8.4807644490985101     
         839   8.4668586820025613     
         840   8.4799758629385558     
         841   8.4939629131895131     
         842   8.4948912003220514     
         843   8.4948912003220514     
         844   8.5089319367865759     
         845   8.4727101586238671     
         846   8.4981656747516432     
         847   8.5314382596955394     
         848   8.5136379610799029     
         849   8.5136379610799029     
         850   8.5006046818695289     
         851   8.5079149279465849     
         852   8.5218061912521748     
         853   8.5582113510934903     
         854   8.5234429932363938     
         855   8.5095627553081332     
         856   8.5039532347918243     
         857   8.5039532347918243     
         858   8.4994080460068329     
         859   8.4796530462030972     
         860   8.4906100629503953     
         861   8.4906100629503953     
         862   8.4906100629503953     
         863   8.4906100629503953     
         864   8.4906100629503953     
         865   8.4906100629503953     
         866   8.4906100629503953     
         867   8.4906100629503953     
         868   8.4643178065830593     
         869   8.4734560340133243     
         870   8.4734560340133243     
         871   8.5077459650761185     
         872   8.5077459650761185     
         873   8.5200159687293038     
         874   8.4977856161839398     
         875   8.4907032159204316     
         876   8.5104068282367979     
         877   8.4993340413384733     
         878   8.4974944584802117     
         879   8.4974944584802117     
         880   8.4739638505538579     
         881   8.4739638505538579     
         882   8.4909605259881271     
         883   8.4909605259881271     
         884   8.4909605259881271     
         885   8.5003082709795521     
         886   8.5059046026448737     
         887   8.5059046026448737     
         888   8.5271693144156142     
         889   8.5271693144156142     
         890   8.5271693144156142     
         891   8.4939596350012252     
         892   8.5122888186112835     
         893   8.5004633087620345     
         894   8.4949214653751000     
         895   8.4819571705203387     
         896   8.5087700271019902     
         897   8.5087700271019902     
         898   8.5379010411271281     
         899   8.5379010411271281     
         900   8.5539797676089044     
         901   8.5539797676089044     
         902   8.5469299432351189     
         903   8.5369398567548860     
         904   8.5369398567548860     
         905   8.5239684169289394     
         906   8.5239684169289394     
         907   8.5214775083872443     
         908   8.5416987373124549     
         909   8.5117529989352203     
         910   8.5132760732658799     
         911   8.5288609927231764     
         912   8.5491722427195853     
         913   8.5216803519309341     
         914   8.5074352476293846     
         915   8.5167173650937684     
         916   8.5167173650937684     
         917   8.4658195377659329     
         918   8.4981597799532622     
         919   8.4964017675186696     
         920   8.4820401460174786     
         921   8.4730076205270439     
         922   8.4647378618613196     
         923   8.4647378618613196     
         924   8.4646311083674437     
         925   8.4646311083674437     
         926   8.4561629306702759     
         927   8.4651207822700147     
         928   8.4772559777178511     
         929   8.4993852480534553     
         930   8.4993852480534553     
         931   8.5111057271645070     
         932   8.5111057271645070     
         933   8.4842178043983552     
         934   8.4716388268638578     
         935   8.4716388268638578     
         936   8.4863301129889308     
         937   8.4863301129889308     
         938   8.4937438620102590     
         939   8.4931157699259803     
         940   8.5144571521894594     
         941   8.5144571521894594     
         942   8.4784073245269926     
         943   8.4784073245269926     
         944   8.5281317589350785     
         945   8.5043623342719403     
         946   8.4992856610223182     
         947   8.5234668343040028     
         948   8.5234668343040028     
         949   8.5234668343040028     
         950   8.4858935276097025     
         951   8.4857246016717873     
         952   8.5023634594263360     
         953   8.5034453696419874     
         954   8.5219607999018461     
         955   8.5374409875697790     
         956   8.5244707222739855     
         957   8.5021692696814561     
         958   8.5021692696814561     
         959   8.4863480918480967     
         960   8.5145973205281980     
         961   8.5241500586795436     
         962   8.5071543357369102     
         963   8.5167001482059401     
         964   8.5167001482059401     
         965   8.5080565033652888     
         966   8.5253136222389649     
         967   8.4859247489098699     
         968   8.4859247489098699     
         969   8.4859247489098699     
         970   8.4852437304414376     
         971   8.4748551097383054     
         972   8.4748551097383054     
         973   8.4897230721247983     
         974   8.4680900516061026     
         975   8.5196176380283717     
         976   8.5526930532333676     
         977   8.4814643178910210     
         978   8.4878628617390319     
         979   8.4878628617390319     
         980   8.5117168068520854     
         981   8.5190044957804840     
         982   8.5042369322366813     
         983   8.5042369322366813     
         984   8.5303504647651831     
         985   8.5086518387003789     
         986   8.5580504592073599     
         987   8.5502230056536970     
         988   8.5502230056536970     
         989   8.5493814543275750     
         990   8.5159703453616462     
         991   8.5159703453616462     
         992   8.4873737123226860     
         993   8.4895050499034888     
         994   8.4895050499034888     
         995   8.4557398829959549     
         996   8.4557398829959549     
         997   8.4703491172746350     
         998   8.4703491172746350     
         999   8.5296607904070427     
        1000   8.5296607904070427     
        1001   8.5522298538131416     
        1002   8.5522937907847876     
        1003   8.5309559672657134     
        1004   8.5398048378505127     
        1005   8.5010917039498413     
        1006   8.4896551110674814     
        1007   8.4896551110674814     
        1008   8.5013922273561953     
        1009   8.5353557229919392     
        1010   8.5376048162418670     
        1011   8.5503658316118063     
        1012   8.4873823549777896     
        1013   8.5386731102176405     
        1014   8.5228688209270054     
        1015   8.5383426778832927     
        1016   8.5545554682101859     
        1017   8.5600821998817054     
        1018   8.5422141620965775     
        1019   8.5422141620965775     
        1020   8.5422141620965775     
        1021   8.5592444966464036     
        1022   8.5592444966464036     
        1023   8.5269461130559403     
        1024   8.5269461130559403     
        1025   8.5726463907530732     
        1026   8.5726463907530732     
        1027   8.5486067510245789     
        1028   8.5486067510245789     
        1029   8.5098911495842593     
        1030   8.5086764457239195     
        1031   8.5086764457239195     
        1032   8.5054937853241732     
        1033   8.5196079328701995     
        1034   8.4809369520424021     
        1035   8.5258624396301173     
        1036   8.5112146730666183     
        1037   8.5112146730666183     
        1038   8.5112146730666183     
        1039   8.5112146730666183     
        1040   8.5248754359206362     
        1041   8.5337358882945029     
        1042   8.5337358882945029     
        1043   8.4726678148656731     
        1044   8.4984076947425038     
        1045   8.4883010234244001     
        1046   8.4883010234244001     
        1047   8.4883010234244001     
        1048   8.5290766699047005     
        1049   8.5063757204385979     
        1050   8.5063757204385979     
        1051   8.4887642872319269     
        1052   8.4643782980483202     
        1053   8.4643782980483202     
        1054   8.4535164693629952     
        1055   8.4783605567393376     
        1056   8.4891233326657858     
        1057   8.4891233326657858     
        1058   8.4891233326657858     
        1059   8.5192885825236253     
        1060   8.5192885825236253     
        1061   8.5192885825236253     
        1062   8.4975045648671443     
        1063   8.4975045648671443     
        1064   8.4975045648671443     
        1065   8.5086701301512964     
        1066   8.5073392938163384     
        1067   8.5008330890733994     
        1068   8.5008330890733994     
        1069   8.4899734960033513     
        1070   8.4841610003284025     
        1071   8.5146404520553460     
        1072   8.4754541496896039     
        1073   8.4786422382435926     
        1074   8.4829935147096283     
        1075   8.4829935147096283     
        1076   8.5015950180818258     
        1077   8.5015950180818258     
        1078   8.5015950180818258     
        1079   8.5015950180818258     
        1080   8.5054890892992123     
        1081   8.4687588895136834     
        1082   8.4740505989969037     
        1083   8.5006317272265193     
        1084   8.5006317272265193     
        1085   8.5125277010294447     
        1086   8.5019538802711949     
        1087   8.5198721154207959     
        1088   8.4785021487629830     
        1089   8.4953242772671569     
        1090   8.4953242772671569     
        1091   8.4837733309808705     
        1092   8.4774767666113782     
        1093   8.4774767666113782     
        1094   8.5058646907346258     
        1095   8.4864949757777453     
        1096   8.4964249426397132     
        1097   8.4856205123475199     
        1098   8.4890838416063499     
        1099   8.4949130162064321     
        1100   8.4888577645782615     
        1101   8.4888577645782615     
        1102   8.4888577645782615     
        1103   8.4841412623969852     
        1104   8.4915265079658742     
        1105   8.4820519759343487     
        1106   8.4779769004786303     
        1107   8.4779769004786303     
        1108   8.4816451462765272     
        1109   8.4652686889375168     
        1110   8.4652686889375168     
        1111   8.4474521936295108     
        1112   8.4810187372868935     
        1113   8.5151123671302464     
        1114   8.5151123671302464     
        1115   8.5151123671302464     
        1116   8.4990819236003006     
        1117   8.5137966302836325     
        1118   8.4872730904265001     
        1119   8.4905153732719238     
        1120   8.5210803435104836     
        1121   8.4930118575743148     
        1122   8.4670650726337868     
        1123   8.4966000015076748     
        1124   8.5227786155341825     
        1125   8.5131580164358951     
        1126   8.4811760585018643     
        1127   8.4811760585018643     
        1128   8.4856955963478331     
        1129   8.4814605016755760     
        1130   8.4833701144980953     
        1131   8.5075644005097306     
        1132   8.4409126361612561     
        1133   8.4369421100774904     
        1134   8.4531774709111414     
        1135   8.4510574434160457     
        1136   8.4391094608992070     
        1137   8.4391094608992070     
        1138   8.4391094608992070     
        1139   8.4588513404647863     
        1140   8.4978851177888455     
        1141   8.4748331276889797     
        1142   8.4494463849217265     
        1143   8.4494463849217265     
        1144   8.4494463849217265     
        1145   8.4237850923367006     
        1146   8.4463295852386917     
        1147   8.4834809560404434     
        1148   8.5107714481834211     
        1149   8.4831976868167658     
        1150   8.4831976868167658     
        1151   8.4831976868167658     
        1152   8.4831976868167658     
        1153   8.4749508037579204     
        1154   8.4751769196797806     
        1155   8.4751769196797806     
        1156   8.4679310905707350     
        1157   8.4743778692042007     
        1158   8.4559797886041732     
        1159   8.4878032984229410     
        1160   8.4986356354831578     
        1161   8.4986356354831578     
        1162   8.5209903690368858     
        1163   8.4912020539524136     
        1164   8.4912020539524136     
        1165   8.4812899893022422     
        1166   8.4616510157187133     
        1167   8.4960719653940124     
        1168   8.5068439121661807     
        1169   8.5068439121661807     
        1170   8.5068439121661807     
        1171   8.5068439121661807     
        1172   8.4942378449908151     
        1173   8.4660448044119203     
        1174   8.4897851928970631     
        1175   8.5089928386348692     
        1176   8.4764952004785012     
        1177   8.4561407763926457     
        1178   8.4550193569133221     
        1179   8.4498144224643106     
        1180   8.5139886430336595     
        1181   8.5014540410443882     
        1182   8.5124305994829541     
        1183   8.4959983389488141     
        1184   8.4959983389488141     
        1185   8.5017389132484542     
        1186   8.4924117540982440     
        1187   8.5017036651096856     
        1188   8.5168945756291663     
        1189   8.5168945756291663     
        1190   8.5261851477849007     
        1191   8.5103150499814593     
        1192   8.4764627651623119     
        1193   8.5118116545764835     
        1194   8.5118116545764835     
        1195   8.5233710400549914     
        1196   8.4868652548049646     
        1197   8.5123371603246873     
        1198   8.4992631946573631     
        1199   8.4652682000902484     
        1200   8.4943765161567910     
        1201   8.4943765161567910     
        1202   8.4943765161567910     
        1203   8.5168114621594686     
        1204   8.4866986296801397     
        1205   8.4866986296801397     
        1206   8.5214423677292999     
        1207   8.5214423677292999     
        1208   8.4867767876827518     
        1209   8.4920831061627613     
        1210   8.5198225703368138     
        1211   8.4779691219759492     
        1212   8.4881399977004790     
        1213   8.4820380468825647     
        1214   8.4797401007121120     
        1215   8.4797401007121120     
        1216   8.4897671531386862     
        1217   8.4911649497067447     
        1218   8.4711219784140308     
        1219   8.4721556600657060     
        1220   8.4721556600657060     
        1221   8.4724289690111405     
        1222   8.4724289690111405     
        1223   8.4724289690111405     
        1224   8.4917492707174169     
        1225   8.5143797084096562     
        1226   8.5143797084096562     
        1227   8.5143797084096562     
        1228   8.5332187489918336     
        1229   8.4817730715633122     
        1230   8.5127862930556191     
        1231   8.5127862930556191     
        1232   8.5164334518685347     
        1233   8.5246085636385374     
        1234   8.5246085636385374     
        1235   8.5154919093477766     
        1236   8.5367564743253421     
        1237   8.5250973344512460     
        1238   8.5250973344512460     
        1239   8.5503656472428400     
        1240   8.5070812864531611     
        1241   8.5464473073902880     
        1242   8.5265554634051117     
        1243   8.5028905772273866     
        1244   8.5179253552504886     
        1245   8.5759461263974970     
        1246   8.5759461263974970     
        1247   8.5626473915694099     
        1248   8.5408999593195496     
        1249   8.5359067649066169     
        1250   8.5729759854629375     
        1251   8.5552839066089810     
        1252   8.5476838019328589     
        1253   8.5476838019328589     
        1254   8.5759716715005840     
        1255   8.5860565198866681     
        1256   8.5611442074652881     
        1257   8.5157226842696314     
        1258   8.5245541416848063     
        1259   8.5245541416848063     
        1260   8.5411814927905461     
        1261   8.5631788755902427     
        1262   8.5041560847638191     
        1263   8.5041560847638191     
        1264   8.5205873107669845     
        1265   8.5289765336568504     
        1266   8.5303477235674272     
        1267   8.5303477235674272     
        1268   8.5303477235674272     
        1269   8.5525707379937739     
        1270   8.5525707379937739     
        1271   8.5286868958585682     
        1272   8.5380697681135640     
        1273   8.5380697681135640     
        1274   8.5089334717082270     
        1275   8.4892434493357314     
        1276   8.5128986529281967     
        1277   8.5150276878233360     
        1278   8.5174396432584221     
        1279   8.5185051867171069     
        1280   8.4925704931791692     
        1281   8.4925704931791692     
        1282   8.4866212900891558     
        1283   8.4866212900891558     
        1284   8.5240306129166505     
        1285   8.5240306129166505     
        1286   8.5397325444309242     
        1287   8.5362893752976436     
        1288   8.5362893752976436     
        1289   8.5209414402305743     
        1290   8.5080538614069514     
        1291   8.5178462832056994     
        1292   8.5178462832056994     
        1293   8.5062915055214745     
        1294   8.5378750824896663     
        1295   8.5378750824896663     
        1296   8.5508575320570479     
        1297   8.5508575320570479     
        1298   8.5192905373828260     
        1299   8.5446472625116030     
        1300   8.5446472625116030     
        1301   8.5382670496870485     
        1302   8.5566812737419919     
        1303   8.5566812737419919     
        1304   8.5472747413246175     
        1305   8.5619169906738488     
        1306   8.5619169906738488     
        1307   8.5951223414368751     
        1308   8.5894020722530495     
        1309   8.5904927546399801     
        1310   8.5985714840053582     
        1311   8.5436631880565574     
        1312   8.5436631880565574     
        1313   8.5822973493849108     
        1314   8.5560222115727562     
        1315   8.5544641084665987     
        1316   8.5544641084665987     
        1317   8.5544641084665987     
        1318   8.5382366231105564     
        1319   8.5382366231105564     
        1320   8.5275683187951170     
        1321   8.5352859981945137     
        1322   8.5352859981945137     
        1323   8.5352859981945137     
        1324   8.5390805781426966     
        1325   8.5058565978902063     
        1326   8.5058565978902063     
        1327   8.4991743655964385     
        1328   8.5121379365277701     
        1329   8.5121379365277701     
        1330   8.5114512808968339     
        1331   8.5118942413527332     
        1332   8.4666980718039699     
        1333   8.4822988649014501     
        1334   8.5062767957688195     
        1335   8.4993148591993268     
        1336   8.4914693876347815     
        1337   8.4894382184033095     
        1338   8.4894382184033095     
        1339   8.4906043469404775     
        1340   8.4864423097884849     
        1341   8.5028587758174936     
        1342   8.4873178847341304     
        1343   8.4873178847341304     
        1344   8.4714075935708930     
        1345   8.4896187014518212     
        1346   8.4896187014518212     
        1347   8.4896187014518212     
        1348   8.5124054946733487     
        1349   8.5100782034746256     
        1350   8.5100782034746256     
        1351   8.4664101551853932     
        1352   8.4664101551853932     
        1353   8.4572506946220418     
        1354   8.4981293837494789     
        1355   8.4664245024085307     
        1356   8.4753454497240757     
        1357   8.4753454497240757     
        1358   8.4614489358665743     
        1359   8.4724932432218090     
        1360   8.4930435630266707     
        1361   8.5005567919166261     
        1362   8.5005567919166261     
        1363   8.5095012647145030     
        1364   8.4690589578907591     
        1365   8.4583991714985700     
        1366   8.4496232601711743     
        1367   8.4496232601711743     
        1368   8.4496232601711743     
        1369   8.4556420479106116     
        1370   8.4583530252229728     
        1371   8.5104186134935542     
        1372   8.5098190287553521     
        1373   8.5185950592510959     
        1374   8.4953730943709314     
        1375   8.4789537117266640     
        1376   8.4953645290053004     
        1377   8.4810073710705787     
        1378   8.4717133573101382     
        1379   8.4717133573101382     
        1380   8.4734593884958276     
        1381   8.4784336356730456     
        1382   8.5033778203792441     
        1383   8.5033778203792441     
        1384   8.5033778203792441     
        1385   8.5379098446225861     
        1386   8.5118221613055223     
        1387   8.5021728532068632     
        1388   8.5021728532068632     
        1389   8.4868954854840890     
        1390   8.5150672668022427     
        1391   8.5077553401465202     
        1392   8.4903844129715100     
        1393   8.4999022595700353     
        1394   8.4999022595700353     
        1395   8.5170143427703575     
        1396   8.5079646384356664     
        1397   8.5079646384356664     
        1398   8.5079646384356664     
        1399   8.5205879607207589     
        1400   8.5394030038606843     
        1401   8.5013347521877396     
        1402   8.5013347521877396     
        1403   8.5159664005831512     
        1404   8.5026793325266539     
        1405   8.5218147274532949     
        1406   8.5328801455461036     
        1407   8.5001283324239356     
        1408   8.5001283324239356     
        1409   8.5001283324239356     
        1410   8.5191412552605037     
        1411   8.5219888434193880     
        1412   8.5219888434193880     
        1413   8.5219888434193880     
        1414   8.5305851047966303     
        1415   8.5205696927043544     
        1416   8.5205696927043544     
        1417   8.5014849206706717     
        1418   8.4912374276475262     
        1419   8.5204607885385393     
        1420   8.5323049068226506     
        1421   8.5282953641350261     
        1422   8.5282953641350261     
        1423   8.5282953641350261     
        1424   8.5282953641350261     
        1425   8.5461604083677098     
        1426   8.5514241731301386     
        1427   8.5588474287952820     
        1428   8.5263231143531772     
        1429   8.5325512271079091     
        1430   8.5325512271079091     
        1431   8.5232271781289732     
        1432   8.5194649735293151     
        1433   8.5194649735293151     
        1434   8.5291206414336926     
        1435   8.5268403296410078     
        1436   8.5401765017118656     
        1437   8.4992595243477052     
        1438   8.4957079104266935     
        1439   8.4957079104266935     
        1440   8.4957079104266935     
        1441   8.4957079104266935     
        1442   8.4957079104266935     
        1443   8.5058005713927720     
        1444   8.4898725998940296     
        1445   8.4898725998940296     
        1446   8.4898725998940296     
        1447   8.4785573162049186     
        1448   8.4785573162049186     
        1449   8.4730394585553537     
        1450   8.4676785876447997     
        1451   8.4892334820928017     
        1452   8.4892334820928017     
        1453   8.4769845085709576     
        1454   8.4769845085709576     
        1455   8.4769845085709576     
        1456   8.4609914466026304     
        1457   8.4837513914193199     
        1458   8.4837513914193199     
        1459   8.4536273214377875     
        1460   8.4536273214377875     
        1461   8.4536273214377875     
        1462   8.4536273214377875     
        1463   8.4902620131743678     
        1464   8.4991948875603143     
        1465   8.5195238971523821     
        1466   8.5195238971523821     
        1467   8.5195238971523821     
        1468   8.4854035349870802     
        1469   8.5033626056223355     
        1470   8.5033626056223355     
        1471   8.5089265151817006     
        1472   8.5089265151817006     
        1473   8.5064994910175979     
        1474   8.5089402673529424     
        1475   8.5058922802742973     
        1476   8.4849348193990881     
        1477   8.4868764786861650     
        1478   8.4912183278340656     
        1479   8.4912183278340656     
        1480   8.4665769147583276     
        1481   8.4886004464968767     
        1482   8.4886004464968767     
        1483   8.4886004464968767     
        1484   8.4982059599580300     
        1485   8.4905800432269736     
        1486   8.4977719986875897     
        1487   8.4977719986875897     
        1488   8.5264587374296408     
        1489   8.4873119153016869     
        1490   8.4873119153016869     
        1491   8.4873119153016869     
        1492   8.4873119153016869     
        1493   8.4866690699454228     
        1494   8.5418092858685934     
        1495   8.5418092858685934     
        1496   8.5418092858685934     
        1497   8.5416037849507589     
        1498   8.5502831171634046     
        1499   8.5166310630127384     
        1500   8.4872078557714126     
        1501   8.4988163828951286     
        1502   8.5061935771412713     
        1503   8.5061935771412713     
        1504   8.5061935771412713     
        1505   8.5000784555574285     
        1506   8.5271177683638886     
        1507   8.5363036527972174     
        1508   8.4845046774925095     
        1509   8.5096646092350152     
        1510   8.5096646092350152     
        1511   8.5445717961358518     
        1512   8.5445717961358518     
        1513   8.5158079692916324     
        1514   8.5158079692916324     
        1515   8.5407415175428572     
        1516   8.5253557487780967     
        1517   8.5575945588356035     
        1518   8.5332514395370573     
        1519   8.5311651700370810     
        1520   8.5311651700370810     
        1521   8.5178664206390025     
        1522   8.5217297543300159     
        1523   8.5190168333578207     
        1524   8.5331903296077538     
        1525   8.5331903296077538     
        1526   8.5323360663498846     
        1527   8.5363092613500839     
        1528   8.5363092613500839     
        1529   8.5363092613500839     
        1530   8.5327490983013980     
        1531   8.5498231667400546     
        1532   8.5659097039231487     
        1533   8.5331607540719663     
        1534   8.5597576154514883     
        1535   8.5597576154514883     
        1536   8.5451325891304979     
        1537   8.5331322431497849     
        1538   8.5266643249552061     
        1539   8.5253963168675213     
        1540   8.5253963168675213     
        1541   8.5253963168675213     
        1542   8.5253963168675213     
        1543   8.5473614544701828     
        1544   8.5458464349007777     
        1545   8.5066875553607701     
        1546   8.4933191810932005     
        1547   8.5319677742981135     
        1548   8.5362947096788950     
        1549   8.5061345533041610     
        1550   8.5014045687461302     
        1551   8.5014045687461302     
        1552   8.5014045687461302     
        1553   8.5014045687461302     
        1554   8.5328425758136159     
        1555   8.5503359004189559     
        1556   8.5503359004189559     
        1557   8.5503359004189559     
        1558   8.5503359004189559     
        1559   8.5344636208817182     
        1560   8.5196056514670637     
        1561   8.5196056514670637     
        1562   8.5245146120875788     
        1563   8.5245146120875788     
        1564   8.5245146120875788     
        1565   8.5350120045609295     
        1566   8.5371288752967569     
        1567   8.5371288752967569     
        1568   8.5558651951295897     
        1569   8.5442241002055752     
        1570   8.5442241002055752     
        1571   8.5442241002055752     
        1572   8.5367512016865508     
        1573   8.5154085403038557     
        1574   8.5433714008940154     
        1575   8.4909789426585967     
        1576   8.5025755985816218     
        1577   8.5319793015406091     
        1578   8.4944162153490801     
        1579   8.5125339453604134     
        1580   8.5141106343877411     
        1581   8.4856266773818927     
        1582   8.4904386332294415     
        1583   8.4904386332294415     
        1584   8.5080440007788134     
        1585   8.4734051282166707     
        1586   8.4754441479049643     
        1587   8.5127482821195652     
        1588   8.5127482821195652     
        1589   8.4405895706090490     
        1590   8.4405895706090490     
        1591   8.4405895706090490     
        1592   8.4784906430606615     
        1593   8.5022761323602829     
        1594   8.4780606581160427     
        1595   8.4801444489750715     
        1596   8.4801444489750715     
        1597   8.4851425543731942     
        1598   8.4918154105850583     
        1599   8.4918154105850583     
        1600   8.4708021285794430     
        1601   8.4648602892727087     
        1602   8.4765413967416876     
        1603   8.5273040335536194     
        1604   8.5195656527671257     
        1605   8.5230512077595471     
        1606   8.5230512077595471     
        1607   8.4993393319849755     
        1608   8.4823796196815469     
        1609   8.5118119002304393     
        1610   8.5137058512246462     
        1611   8.5274588988515347     
        1612   8.5057340401255068     
        1613   8.4860128720528074     
        1614   8.4860128720528074     
        1615   8.4579444812830520     
        1616   8.4773030977422348     
        1617   8.4666165730466645     
        1618   8.4788158362929931     
        1619   8.4788158362929931     
        1620   8.4645186342176668     
        1621   8.4480146019161584     
        1622   8.4511055746936368     
        1623   8.4527970373730223     
        1624   8.4838120413256171     
        1625   8.4980655760693207     
        1626   8.4750726584813041     
        1627   8.4750726584813041     
        1628   8.4694858477346031     
        1629   8.4479893932142858     
        1630   8.4798391385607648     
        1631   8.4370843848104098     
        1632   8.4370843848104098     
        1633   8.4303612800021241     
        1634   8.4616286425679537     
        1635   8.4586850727693221     
        1636   8.4586850727693221     
        1637   8.4586850727693221     
        1638   8.4650373294338142     
        1639   8.4617519737196911     
        1640   8.4628877654783921     
        1641   8.4951042560207863     
        1642   8.4951042560207863     
        1643   8.4898356613231556     
        1644   8.5007005550679615     
        1645   8.4936445652040380     
        1646   8.4924214194400616     
        1647   8.4640196620959074     
        1648   8.4702267041495656     
        1649   8.4546507169875991     
        1650   8.5216674118004061     
        1651   8.4814286491734805     
        1652   8.4674927034772587     
        1653   8.4597224479864703     
        1654   8.4880328969238743     
        1655   8.4880328969238743     
        1656   8.4880328969238743     
        1657   8.4573434041713949     
        1658   8.4527375256004191     
        1659   8.4470333281502494     
        1660   8.4795754798731533     
        1661   8.4795754798731533     
        1662   8.4795754798731533     
        1663   8.4890606671235727     
        1664   8.4890606671235727     
        1665   8.4785451773570770     
        1666   8.4785451773570770     
        1667   8.4785451773570770     
        1668   8.4856538270312107     
        1669   8.4856538270312107     
        1670   8.4787510716600956     
        1671   8.4939159013429482     
        1672   8.4660883335783126     
        1673   8.4660883335783126     
        1674   8.4660883335783126     
        1675   8.4665906197621954     
        1676   8.4576610839528303     
        1677   8.4576610839528303     
        1678   8.4576610839528303     
        1679   8.4576610839528303     
        1680   8.4576610839528303     
        1681   8.4576610839528303     
        1682   8.4712863205720250     
        1683   8.4712863205720250     
        1684   8.4792628316415044     
        1685   8.4792628316415044     
        1686   8.4792628316415044     
        1687   8.4733851804447990     
        1688   8.4733851804447990     
        1689   8.4958086457738702     
        1690   8.4859566743201533     
        1691   8.4859566743201533     
        1692   8.5088168040509427     
        1693   8.5088168040509427     
        1694   8.5323258285459520     
        1695   8.5252525367829293     
        1696   8.4831056042383821     
        1697   8.4711525393947991     
        1698   8.4711525393947991     
        1699   8.5171821496055173     
        1700   8.5031524631375817     
        1701   8.5186475229159395     
        1702   8.5088740627262940     
        1703   8.4991033442965023     
        1704   8.5118074282069554     
        1705   8.5264711702113107     
        1706   8.5264711702113107     
        1707   8.5264711702113107     
        1708   8.5023289211041249     
        1709   8.5023289211041249     
        1710   8.4824374002010003     
        1711   8.5203852727894809     
        1712   8.5037709778858108     
        1713   8.5139729601538612     
        1714   8.5028088599114735     
        1715   8.4852312766291398     
        1716   8.4784852999675930     
        1717   8.4933107867821604     
        1718   8.4933107867821604     
        1719   8.4746799533486605     
        1720   8.4448960437841247     
        1721   8.4741328540660650     
        1722   8.4927918653789209     
        1723   8.4927918653789209     
        1724   8.4776999047947204     
        1725   8.4718143298653850     
        1726   8.4842078902594995     
        1727   8.4842078902594995     
        1728   8.5223329231972507     
        1729   8.5100617719193306     
        1730   8.5001717271112902     
        1731   8.5001717271112902     
        1732   8.4918151106474316     
        1733   8.4694353914751943     
        1734   8.5013801649988743     
        1735   8.4950307171064399     
        1736   8.5195707217365015     
        1737   8.5195707217365015     
        1738   8.4884954722607660     
        1739   8.4884954722607660     
        1740   8.4884954722607660     
        1741   8.4634791289488849     
        1742   8.4979971760076563     
        1743   8.5160859159871567     
        1744   8.5140534003186286     
        1745   8.5140534003186286     
        1746   8.5306435721661593     
        1747   8.5184376238851662     
        1748   8.5254807886138302     
        1749   8.5193572425985895     
        1750   8.5284110411758487     
        1751   8.5391857893906380     
        1752   8.5350819766810666     
        1753   8.5278056482223992     
        1754   8.5492489691102556     
        1755   8.5569497900665326     
        1756   8.5468620877572246     
        1757   8.5468620877572246     
        1758   8.5393036614277911     
        1759   8.5393036614277911     
        1760   8.5393036614277911     
        1761   8.5303051846354681     
        1762   8.5021991647343036     
        1763   8.5023222164504890     
        1764   8.5199340473229448     
        1765   8.5460326271282128     
        1766   8.5460326271282128     
        1767   8.5185368965836243     
        1768   8.5185368965836243     
        1769   8.5185368965836243     
        1770   8.5334394792686759     
        1771   8.5324315934857449     
        1772   8.5324315934857449     
        1773   8.5366443158576519     
        1774   8.5248771003647938     
        1775   8.5476908510704988     
        1776   8.5476908510704988     
        1777   8.5027382945532803     
        1778   8.5502484190559027     
        1779   8.5502484190559027     
        1780   8.5534402863364782     
        1781   8.5612373832359765     
        1782   8.5596661167128456     
        1783   8.5596661167128456     
        1784   8.5859846225154026     
        1785   8.5859846225154026     
        1786   8.5859846225154026     
        1787   8.5329856665328947     
        1788   8.5264317266695659     
        1789   8.5264317266695659     
        1790   8.5633096487998319     
        1791   8.5633096487998319     
        1792   8.5633096487998319     
        1793   8.5528754633342992     
        1794   8.5838421385124128     
        1795   8.5702215170744811     
        1796   8.5302812903078973     
        1797   8.5302812903078973     
        1798   8.5011373540583932     
        1799   8.4988807454130377     
        1800   8.4988807454130377     
        1801   8.5009141662069680     
        1802   8.5043449470037231     
        1803   8.5086947260998578     
        1804   8.5086947260998578     
        1805   8.5086947260998578     
        1806   8.5086947260998578     
        1807   8.4890586698283013     
        1808   8.4954943549024744     
        1809   8.5253644648957536     
        1810   8.5509473987427391     
        1811   8.5509473987427391     
        1812   8.5549103252296810     
        1813   8.5367785857702394     
        1814   8.5315989435658786     
        1815   8.5315989435658786     
        1816   8.5520374061859492     
        1817   8.5298988925548898     
        1818   8.5458633964477446     
        1819   8.5332613386324319     
        1820   8.5047395801833758     
        1821   8.5049746145506813     
        1822   8.5191081824074342     
        1823   8.4996465637710301     
        1824   8.4996465637710301     
        1825   8.4930766008297205     
        1826   8.4866535544888873     
        1827   8.5276074465100393     
        1828   8.5164107166749883     
        1829   8.5025214497318196     
        1830   8.5011992920014681     
        1831   8.5011992920014681     
        1832   8.4959759680580387     
        1833   8.4959759680580387     
        1834   8.4993460920891533     
        1835   8.4849998321045774     
        1836   8.5228613134682085     
        1837   8.5275118200613367     
        1838   8.5008514099685364     
        1839   8.5130399982831637     
        1840   8.5167230720336402     
        1841   8.4834433294336176     
        1842   8.4599428748662167     
        1843   8.4599428748662167     
        1844   8.4468333162063782     
        1845   8.4791206843106668     
        1846   8.4853823635504710     
        1847   8.4937196913613722     
        1848   8.4937196913613722     
        1849   8.4937196913613722     
        1850   8.4898747842188680     
        1851   8.4787394001204408     
        1852   8.4551767130037661     
        1853   8.4757800604437037     
        1854   8.4486019218187725     
        1855   8.4514078948507780     
        1856   8.4588285420933502     
        1857   8.4797613086605033     
        1858   8.4797613086605033     
        1859   8.5000052130427104     
        1860   8.4786888408844199     
        1861   8.4786888408844199     
        1862   8.4687633106695905     
        1863   8.4813405132728725     
        1864   8.4603429631192277     
        1865   8.4603429631192277     
        1866   8.4723462360716226     
        1867   8.4723462360716226     
        1868   8.4864629338485482     
        1869   8.4847155101300800     
        1870   8.4847155101300800     
        1871   8.4931581719793456     
        1872   8.5184924371161710     
        1873   8.5092624091875333     
        1874   8.5309985046433212     
        1875   8.5213486951334350     
        1876   8.4983250728281376     
        1877   8.4747552617823114     
        1878   8.4747552617823114     
        1879   8.4604567554943682     
        1880   8.4681240208209516     
        1881   8.4771211260598776     
        1882   8.4771211260598776     
        1883   8.4823573617562040     
        1884   8.4823573617562040     
        1885   8.4823573617562040     
        1886   8.4977519705310804     
        1887   8.5013499550049794     
        1888   8.5013499550049794     
        1889   8.4653973377964817     
        1890   8.4649062676744666     
        1891   8.4634346252240782     
        1892   8.4530632693994949     
        1893   8.4530632693994949     
        1894   8.4530632693994949     
        1895   8.4530632693994949     
        1896   8.4530632693994949     
        1897   8.4754035533335905     
        1898   8.4753902278906477     
        1899   8.4753902278906477     
        1900   8.4423719390226371     
        1901   8.4423719390226371     
        1902   8.4716912131534841     
        1903   8.5019004115335228     
        1904   8.5019004115335228     
        1905   8.5136059591674993     
        1906   8.5136059591674993     
        1907   8.5236380396282119     
        1908   8.5086271685464148     
        1909   8.5086271685464148     
        1910   8.5329051793268889     
        1911   8.5238910343823839     
        1912   8.4903668544228275     
        1913   8.4903668544228275     
        1914   8.4903668544228275     
        1915   8.5125749511890909     
        1916   8.5211750938963320     
        1917   8.4856308645636194     
        1918   8.4974079806716354     
        1919   8.4974079806716354     
        1920   8.4974079806716354     
        1921   8.5420860138287971     
        1922   8.5150505087846735     
        1923   8.4781027252901939     
        1924   8.4663914208769206     
        1925   8.4663914208769206     
        1926   8.4802399119712568     
        1927   8.4925113696353218     
        1928   8.4925113696353218     
        1929   8.4925113696353218     
        1930   8.4954838128278372     
        1931   8.5090365259290017     
        1932   8.5090365259290017     
        1933   8.4812908778425680     
        1934   8.5132422305177808     
        1935   8.4781871307608974     
        1936   8.4819745410386265     
        1937   8.4819745410386265     
        1938   8.4669701554143035     
        1939   8.4669701554143035     
        1940   8.5039353429032136     
        1941   8.5083496305176620     
        1942   8.4881601171275776     
        1943   8.4849741634443809     
        1944   8.4946614617073681     
        1945   8.5124737290961292     
        1946   8.5124837274377683     
        1947   8.4954679162851559     
        1948   8.4800909259051700     
        1949   8.4720611968450612     
        1950   8.4720611968450612     
        1951   8.4720611968450612     
        1952   8.4469715357606212     
        1953   8.4747925431545408     
        1954   8.4589545660567733     
        1955   8.4788950098025140     
        1956   8.4512121714891730     
        1957   8.4512121714891730     
        1958   8.4520399301245277     
        1959   8.4827304655705102     
        1960   8.4827304655705102     
        1961   8.4899240980215342     
        1962   8.4968432824784141     
        1963   8.4698141155172859     
        1964   8.4767802211511860     
        1965   8.5172785324214431     
        1966   8.5095135237997273     
        1967   8.5095135237997273     
        1968   8.4985914703072396     
        1969   8.4910200794523458     
        1970   8.5256328914620436     
        1971   8.4715778851017802     
        1972   8.5044913949310672     
        1973   8.5003881962170365     
        1974   8.5024432618456594     
        1975   8.4853573409339429     
        1976   8.4853573409339429     
        1977   8.4826654352102526     
        1978   8.5049248218468598     
        1979   8.4923985824915142     
        1980   8.4528228566286803     
        1981   8.4827603379088323     
        1982   8.4827603379088323     
        1983   8.5032585023524607     
        1984   8.5104677308295358     
        1985   8.5249178426473051     
        1986   8.5178900400861721     
        1987   8.4995446015474894     
        1988   8.4995446015474894     
        1989   8.5358418303231041     
        1990   8.5341963115215762     
        1991   8.5109344541826157     
        1992   8.4811090622825436     
        1993   8.4981504453843488     
        1994   8.4937924996550880     
        1995   8.4820043864896650     
        1996   8.4820043864896650     
        1997   8.4760696496048080     
        1998   8.4725855365969256     
        1999   8.4639015113178182     
        2000   8.4639015113178182     
