           1   17.891584694337713     
           2   17.851438176373261     
           3   17.851438176373261     
           4   17.760851661054215     
           5   17.698016037549266     
           6   17.698016037549266     
           7   17.672377584142378     
           8   17.645615900660815     
           9   17.614970283019883     
          10   17.466451734779941     
          11   17.364421548846778     
          12   17.272010315468197     
          13   17.272010315468197     
          14   17.145159427062513     
          15   17.062085422646057     
          16   16.898703272034851     
          17   16.898703272034851     
          18   16.898703272034851     
          19   16.717021433268410     
          20   16.535371757232827     
          21   16.459360776464727     
          22   16.376760496425145     
          23   16.376760496425145     
          24   16.376760496425145     
          25   16.376760496425145     
          26   16.376760496425145     
          27   16.376760496425145     
          28   16.290998423375019     
          29   16.231019955969000     
          30   16.072572973029249     
          31   15.934225444174507     
          32   15.844213021522313     
          33   15.844213021522313     
          34   15.748478302162809     
          35   15.709417980810306     
          36   15.709417980810306     
          37   15.709417980810306     
          38   15.511942896688572     
          39   15.355383563788601     
          40   15.355383563788601     
          41   15.325887085231706     
          42   15.271010016584858     
          43   15.266367602575999     
          44   15.266367602575999     
          45   15.266367602575999     
          46   15.194437456748112     
          47   15.069388476630593     
          48   15.069388476630593     
          49   15.069388476630593     
          50   14.974290594637113     
          51   14.883327413443535     
          52   14.838332202379338     
          53   14.573677471786832     
          54   14.573677471786832     
          55   14.573677471786832     
          56   14.445979300301957     
          57   14.445979300301957     
          58   14.443908887709327     
          59   14.420369720477140     
          60   14.420369720477140     
          61   14.420369720477140     
          62   14.420369720477140     
          63   14.420369720477140     
          64   14.420369720477140     
          65   14.360930430530345     
          66   14.341772572772411     
          67   14.341772572772411     
          68   14.341772572772411     
          69   14.237729900626167     
          70   14.170443403257003     
          71   14.158143952593401     
          72   14.103985567665607     
          73   13.925151304868656     
          74   13.925151304868656     
          75   13.862389325978439     
          76   13.823872373335066     
          77   13.731417590423590     
          78   13.712908950229082     
          79   13.586502278648915     
          80   13.543018359914143     
          81   13.543018359914143     
          82   13.425684778863188     
          83   13.330463291742415     
          84   13.255467562570853     
          85   13.255467562570853     
          86   13.255467562570853     
          87   13.203824920384410     
          88   13.162835052392360     
          89   13.162835052392360     
          90   13.162835052392360     
          91   13.162835052392360     
          92   13.162835052392360     
          93   13.053718541846765     
          94   13.053718541846765     
          95   12.948300978611259     
          96   12.903425053868427     
          97   12.852303975817339     
          98   12.779221116509520     
          99   12.779221116509520     
         100   12.724278454349490     
         101   12.724278454349490     
         102   12.644851623973345     
         103   12.675667118990612     
         104   12.655623866369233     
         105   12.655623866369233     
         106   12.623806271175837     
         107   12.623806271175837     
         108   12.587774386461687     
         109   12.582515190047756     
         110   12.551744627117870     
         111   12.429504242979979     
         112   12.468716583431805     
         113   12.446344517216396     
         114   12.409062489361130     
         115   12.359473423444081     
         116   12.359759249283474     
         117   12.297725076231659     
         118   12.318897317780268     
         119   12.231777575445159     
         120   12.248659164128442     
         121   12.286947768323438     
         122   12.216793117138897     
         123   12.211574749141018     
         124   12.142397981344960     
         125   12.154211994551266     
         126   12.154211994551266     
         127   12.154211994551266     
         128   12.154211994551266     
         129   12.114819234977762     
         130   12.071344089188564     
         131   12.066627983824322     
         132   12.066627983824322     
         133   12.061794578687572     
         134   12.052374142749617     
         135   12.037450940494008     
         136   12.003902663898458     
         137   11.945733382693028     
         138   11.945733382693028     
         139   11.945733382693028     
         140   11.945733382693028     
         141   11.945733382693028     
         142   11.943966510525986     
         143   11.886202230811890     
         144   11.886202230811890     
         145   11.888194559987051     
         146   11.886639068712539     
         147   11.871355219864764     
         148   11.768224718532618     
         149   11.697780641893251     
         150   11.697780641893251     
         151   11.716140475010866     
         152   11.716140475010866     
         153   11.644452763056970     
         154   11.633084246103389     
         155   11.636217766042352     
         156   11.636217766042352     
         157   11.619213263763832     
         158   11.616425209878299     
         159   11.625481945454185     
         160   11.625481945454185     
         161   11.625481945454185     
         162   11.614845349946496     
         163   11.614845349946496     
         164   11.614845349946496     
         165   11.573988434353792     
         166   11.558025961421189     
         167   11.497630439484627     
         168   11.452881328513865     
         169   11.399548219317037     
         170   11.399548219317037     
         171   11.399548219317037     
         172   11.399548219317037     
         173   11.359769848881040     
         174   11.300021495151308     
         175   11.244549518371308     
         176   11.244549518371308     
         177   11.244549518371308     
         178   11.270727983402740     
         179   11.196888785225418     
         180   11.196888785225418     
         181   11.222929702808450     
         182   11.183859178884566     
         183   11.183859178884566     
         184   11.155231683784686     
         185   11.155231683784686     
         186   11.096776106947379     
         187   11.096776106947379     
         188   11.103102092553620     
         189   11.060534952864421     
         190   11.077465737574752     
         191   11.077465737574752     
         192   11.108133688688421     
         193   11.108133688688421     
         194   11.102529350942191     
         195   11.039260088872195     
         196   11.039260088872195     
         197   10.961118232646987     
         198   10.961118232646987     
         199   10.958644047618016     
         200   10.981819495967956     
         201   10.888840913614837     
         202   10.872553959520980     
         203   10.911765523000819     
         204   10.862411639143282     
         205   10.862411639143282     
         206   10.862679151831596     
         207   10.845755685455943     
         208   10.845755685455943     
         209   10.845755685455943     
         210   10.845755685455943     
         211   10.800702453000493     
         212   10.798724807865655     
         213   10.799619422381094     
         214   10.752308466027406     
         215   10.752308466027406     
         216   10.721659780190885     
         217   10.698676964490360     
         218   10.733098960441900     
         219   10.733098960441900     
         220   10.724069421793676     
         221   10.724069421793676     
         222   10.682553479902928     
         223   10.682553479902928     
         224   10.682553479902928     
         225   10.624266980447080     
         226   10.608343873735814     
         227   10.608343873735814     
         228   10.634509561255996     
         229   10.634509561255996     
         230   10.634509561255996     
         231   10.594691552249158     
         232   10.542884463958815     
         233   10.592761115366820     
         234   10.571920381868468     
         235   10.597578339339591     
         236   10.564320494591472     
         237   10.564320494591472     
         238   10.522438872307854     
         239   10.522438872307854     
         240   10.526670166712131     
         241   10.479847325897071     
         242   10.479847325897071     
         243   10.479847325897071     
         244   10.479847325897071     
         245   10.446536751070647     
         246   10.417831600669849     
         247   10.464605887632247     
         248   10.464605887632247     
         249   10.435267376932444     
         250   10.440885272373695     
         251   10.408941291037708     
         252   10.408941291037708     
         253   10.408941291037708     
         254   10.408941291037708     
         255   10.408941291037708     
         256   10.408941291037708     
         257   10.408941291037708     
         258   10.363772496323433     
         259   10.326391958485242     
         260   10.279933820307125     
         261   10.250133368576320     
         262   10.250133368576320     
         263   10.250133368576320     
         264   10.210143812007264     
         265   10.186173405070381     
         266   10.186173405070381     
         267   10.185802310160765     
         268   10.185802310160765     
         269   10.184517751051683     
         270   10.184517751051683     
         271   10.184517751051683     
         272   10.184517751051683     
         273   10.156994208121205     
         274   10.146741097236607     
         275   10.146741097236607     
         276   10.146741097236607     
         277   10.146741097236607     
         278   10.148984946348538     
         279   10.127118519306340     
         280   10.090388979003421     
         281   10.090388979003421     
         282   10.090388979003421     
         283   10.090388979003421     
         284   10.072251789380886     
         285   10.072251789380886     
         286   10.039781278805966     
         287   10.039781278805966     
         288   10.039781278805966     
         289   10.008585116114906     
         290   10.008585116114906     
         291   10.014847885834156     
         292   9.9403561273245522     
         293   9.9963421997138013     
         294   9.9543001564913283     
         295   9.9681484671005585     
         296   9.9681484671005585     
         297   9.9113716541148857     
         298   9.8928050117831017     
         299   9.8910704832094343     
         300   9.9041509536635832     
         301   9.8752146730163837     
         302   9.8752146730163837     
         303   9.8499334517951453     
         304   9.8255478893148265     
         305   9.8255478893148265     
         306   9.8255478893148265     
         307   9.7832551762386242     
         308   9.7844306600526885     
         309   9.7338959307104460     
         310   9.7924588470263014     
         311   9.7628859511251314     
         312   9.7619381459036916     
         313   9.7329916079719148     
         314   9.7329916079719148     
         315   9.7392288527446471     
         316   9.7803368685872485     
         317   9.8033117294726591     
         318   9.7730653693426746     
         319   9.7730653693426746     
         320   9.7347014401133354     
         321   9.6956554661128713     
         322   9.6640524615434042     
         323   9.6858149287318227     
         324   9.6858149287318227     
         325   9.6525370208412316     
         326   9.6200303454678942     
         327   9.6677291744456095     
         328   9.6460432134778511     
         329   9.6460432134778511     
         330   9.6803520497411224     
         331   9.6510514162120593     
         332   9.6510514162120593     
         333   9.6344839954530510     
         334   9.6719181472917892     
         335   9.6719181472917892     
         336   9.6176235471638485     
         337   9.6661015178927343     
         338   9.6661015178927343     
         339   9.6476119154592421     
         340   9.5897866925164568     
         341   9.5869560249647812     
         342   9.5869560249647812     
         343   9.5869560249647812     
         344   9.5869560249647812     
         345   9.5750532769872603     
         346   9.5901613791817404     
         347   9.5901613791817404     
         348   9.5901613791817404     
         349   9.5787219211828081     
         350   9.5713629872912485     
         351   9.5713629872912485     
         352   9.6092692941745028     
         353   9.6092692941745028     
         354   9.5716355062336618     
         355   9.5497861081706379     
         356   9.5497861081706379     
         357   9.5378231164088234     
         358   9.5378231164088234     
         359   9.4959389944420813     
         360   9.4669030080982655     
         361   9.4207616981079880     
         362   9.4207616981079880     
         363   9.5477972468756427     
         364   9.4860784852387265     
         365   9.4860784852387265     
         366   9.4860784852387265     
         367   9.5291066514211984     
         368   9.4952685189613693     
         369   9.4952685189613693     
         370   9.4952685189613693     
         371   9.4815536506351012     
         372   9.4815536506351012     
         373   9.4875488255352618     
         374   9.4875488255352618     
         375   9.5075950834032614     
         376   9.5075950834032614     
         377   9.5036575952480025     
         378   9.4825474041009929     
         379   9.4649966189788213     
         380   9.4666806844337508     
         381   9.4705906255066044     
         382   9.4705906255066044     
         383   9.4705906255066044     
         384   9.4632702206213342     
         385   9.4632702206213342     
         386   9.4671764624125512     
         387   9.4671764624125512     
         388   9.4671764624125512     
         389   9.4870993378980693     
         390   9.4370633332979992     
         391   9.4370633332979992     
         392   9.4039837114352718     
         393   9.4039837114352718     
         394   9.4099625562688214     
         395   9.4099625562688214     
         396   9.4283848658912603     
         397   9.4559943806891908     
         398   9.4891124761699750     
         399   9.4891124761699750     
         400   9.4493255338128339     
         401   9.4493255338128339     
         402   9.4493255338128339     
         403   9.4954416273713456     
         404   9.4694380601690824     
         405   9.4694380601690824     
         406   9.4541530512735523     
         407   9.4541530512735523     
         408   9.4541530512735523     
         409   9.4293286827704197     
         410   9.3921754954339978     
         411   9.4018722501134082     
         412   9.4344021934779896     
         413   9.4385567106465125     
         414   9.4385567106465125     
         415   9.4385567106465125     
         416   9.4329306602574761     
         417   9.4329306602574761     
         418   9.3248777398716296     
         419   9.3237506189606343     
         420   9.3237506189606343     
         421   9.3924481586075999     
         422   9.3925377861758115     
         423   9.3925377861758115     
         424   9.4140270329805276     
         425   9.4140270329805276     
         426   9.4140270329805276     
         427   9.3878420812733214     
         428   9.3878420812733214     
         429   9.3759989616591639     
         430   9.3759989616591639     
         431   9.3363707001866150     
         432   9.3184856713910147     
         433   9.3803917239912806     
         434   9.3642377656569558     
         435   9.3794655429724205     
         436   9.3365212371923043     
         437   9.3391038185863167     
         438   9.3391038185863167     
         439   9.3032748946268526     
         440   9.2207341341399989     
         441   9.2718945742844205     
         442   9.3141030585066602     
         443   9.2853273261643583     
         444   9.2958557232866426     
         445   9.3200869069340087     
         446   9.2763736823528777     
         447   9.2763736823528777     
         448   9.2861068582142270     
         449   9.2745809667494079     
         450   9.2631874098817608     
         451   9.2631874098817608     
         452   9.2835561037429493     
         453   9.3056622560029041     
         454   9.2550692638893555     
         455   9.2308222609356125     
         456   9.2308222609356125     
         457   9.2308222609356125     
         458   9.2308222609356125     
         459   9.2308222609356125     
         460   9.1829034344645795     
         461   9.1829034344645795     
         462   9.1829034344645795     
         463   9.1553509376241369     
         464   9.1411559728663487     
         465   9.1411559728663487     
         466   9.1509116537580439     
         467   9.1540138596265823     
         468   9.1220929225848817     
         469   9.1477463102981602     
         470   9.1385607602294101     
         471   9.1182180258010117     
         472   9.0956019032702233     
         473   9.0975445959027859     
         474   9.0975445959027859     
         475   9.0981612643151681     
         476   9.1297795882183657     
         477   9.1169226098526028     
         478   9.1456630619791124     
         479   9.1604718805391627     
         480   9.1660880587322353     
         481   9.1660880587322353     
         482   9.2124336772905462     
         483   9.1944396816754956     
         484   9.1962069948994927     
         485   9.1962069948994927     
         486   9.1864669739142357     
         487   9.1864917253739566     
         488   9.1359710854643179     
         489   9.1569457804472822     
         490   9.1260438883882955     
         491   9.1548441022292373     
         492   9.1659845592646931     
         493   9.1876894041342698     
         494   9.1967053116245356     
         495   9.2097644801136269     
         496   9.2097644801136269     
         497   9.2026244199785445     
         498   9.2019527645362693     
         499   9.1950197148033688     
         500   9.1950879388975633     
         501   9.1758160088212932     
         502   9.1630353859168761     
         503   9.1472164931709248     
         504   9.1084984835690683     
         505   9.1153589567331963     
         506   9.1488333394921888     
         507   9.1704565505350626     
         508   9.1376347220879701     
         509   9.1898934206983096     
         510   9.1534231171319576     
         511   9.0927161735975606     
         512   9.0927161735975606     
         513   9.0830146838333174     
         514   9.0830146838333174     
         515   9.1389696108586307     
         516   9.1389696108586307     
         517   9.1389696108586307     
         518   9.1389696108586307     
         519   9.1861223513864303     
         520   9.1344149920023288     
         521   9.1500991136776904     
         522   9.1509388464987147     
         523   9.1275668600607442     
         524   9.1275668600607442     
         525   9.0729783388089711     
         526   9.0558797277791605     
         527   9.0558797277791605     
         528   9.0415178855158853     
         529   9.0314734784804180     
         530   9.0813618777526202     
         531   9.0813618777526202     
         532   9.0440837681493242     
         533   9.0855616881923176     
         534   9.0653533716529591     
         535   9.0653533716529591     
         536   9.0738384642768715     
         537   9.0690323717752950     
         538   9.0432700029778186     
         539   9.0432700029778186     
         540   8.9914392865935682     
         541   8.9914392865935682     
         542   9.0293537252950422     
         543   8.9899461528219398     
         544   9.0336844366025257     
         545   9.0028068716296659     
         546   9.0035325716101280     
         547   9.0089166865895525     
         548   9.0038228979842234     
         549   9.0062414583837924     
         550   9.0560997795944171     
         551   9.0194423862411064     
         552   9.0194423862411064     
         553   9.0443650911104196     
         554   9.0183850642555718     
         555   9.0183850642555718     
         556   9.0501617649217270     
         557   9.0501617649217270     
         558   9.0501617649217270     
         559   9.0033574557602236     
         560   9.0414864909628569     
         561   9.0222565146433666     
         562   9.0276816679198806     
         563   9.0089436222937582     
         564   8.9583036240287637     
         565   8.9783552243459965     
         566   9.0348766710669040     
         567   9.0348766710669040     
         568   9.0082001731007058     
         569   9.0082001731007058     
         570   8.9979475557176123     
         571   9.0092734748390804     
         572   9.0092734748390804     
         573   9.0511109498096580     
         574   9.0511109498096580     
         575   9.0511109498096580     
         576   9.0390269775111420     
         577   9.0101010786570725     
         578   9.0045032468110708     
         579   8.9841724752192338     
         580   8.9841724752192338     
         581   9.0383569460970623     
         582   9.0237429763620742     
         583   9.0466740498438671     
         584   9.0466740498438671     
         585   9.0144498264857553     
         586   8.9969332870613812     
         587   9.0000593428790587     
         588   9.0429858401831638     
         589   9.0429858401831638     
         590   9.0429858401831638     
         591   9.0065840387117682     
         592   9.0091054036305600     
         593   9.0311346451163885     
         594   9.0311346451163885     
         595   9.0644292593352436     
         596   9.0644292593352436     
         597   9.0379607892699596     
         598   9.0344773849472855     
         599   9.0704031562525120     
         600   9.0377806753584462     
         601   9.0377806753584462     
         602   9.0320554823638197     
         603   9.0399120214779884     
         604   9.0325895666324900     
         605   8.9894929143729261     
         606   8.9672798539639480     
         607   8.9621826768345692     
         608   9.0131216488544936     
         609   9.0131216488544936     
         610   9.0131216488544936     
         611   9.0081519392255149     
         612   9.0081519392255149     
         613   8.9863054549561703     
         614   8.9720596120105043     
         615   9.0132563081386952     
         616   8.9664873520863377     
         617   8.9720719125262534     
         618   8.9573215465062681     
         619   9.0172256618812501     
         620   9.0288381520828178     
         621   9.0086974725414670     
         622   8.9662057351564126     
         623   8.9662057351564126     
         624   8.9773368887756302     
         625   8.9673299360721792     
         626   8.9638488950831015     
         627   8.9845392337987775     
         628   8.9815002223702933     
         629   8.9815002223702933     
         630   8.9815002223702933     
         631   8.9341239563489587     
         632   8.9341239563489587     
         633   8.9356698055396144     
         634   9.0088716382287632     
         635   9.0088716382287632     
         636   9.0088995298050776     
         637   9.0597809316570199     
         638   9.0597809316570199     
         639   9.0079190906082705     
         640   9.0159230708427245     
         641   8.9330531928145263     
         642   8.9330531928145263     
         643   8.9330531928145263     
         644   8.9330531928145263     
         645   8.9659156252408287     
         646   8.9659156252408287     
         647   8.9659156252408287     
         648   8.9636547736015846     
         649   8.9704722022728500     
         650   9.0099657610291999     
         651   8.9904011724137884     
         652   8.9913437447990319     
         653   8.9913437447990319     
         654   8.9913437447990319     
         655   8.9913437447990319     
         656   8.9913437447990319     
         657   8.9686130047352410     
         658   8.9824511904176223     
         659   8.9824511904176223     
         660   8.9766589718693091     
         661   8.9760821708892795     
         662   8.9760821708892795     
         663   8.9760821708892795     
         664   8.9397234895026791     
         665   8.9260577476975289     
         666   8.9860372296866249     
         667   8.9472321408451290     
         668   8.9382834652185235     
         669   9.0128947467275680     
         670   9.0089604233959015     
         671   8.9999520299433176     
         672   8.9999520299433176     
         673   8.9976594869901110     
         674   9.0211682512955811     
         675   9.0250995506717739     
         676   9.0250995506717739     
         677   8.9391890162438621     
         678   8.9421633847921207     
         679   8.9067836879360645     
         680   8.9541440798093657     
         681   9.0095970016892295     
         682   9.0095970016892295     
         683   9.0095970016892295     
         684   8.9761930164056540     
         685   8.9910327481141525     
         686   9.0195108080905655     
         687   9.0135603617284854     
         688   8.9975505236368551     
         689   8.9975505236368551     
         690   8.9949451774660929     
         691   8.9685648550164334     
         692   8.9423742472327366     
         693   8.9423742472327366     
         694   8.9626214565288507     
         695   8.9996297252422970     
         696   8.9870073352145674     
         697   8.9536615710687073     
         698   8.9732173365900820     
         699   8.9732173365900820     
         700   8.9775187313171578     
         701   8.9833805626979455     
         702   8.9706594771545127     
         703   8.9706594771545127     
         704   9.0090897804741079     
         705   9.0090897804741079     
         706   8.9870948441905973     
         707   8.9870948441905973     
         708   8.9875145113736377     
         709   8.9875145113736377     
         710   8.9875145113736377     
         711   8.9875145113736377     
         712   8.9540686128690030     
         713   8.9539984422593513     
         714   8.9517852078693991     
         715   8.9689503995314777     
         716   8.9689503995314777     
         717   8.9486255006774229     
         718   8.9229831952328631     
         719   8.9229831952328631     
         720   8.9797776038335400     
         721   8.9797776038335400     
         722   8.9345367121019468     
         723   8.9345367121019468     
         724   8.9156717872098685     
         725   8.9367367342645974     
         726   8.9367367342645974     
         727   8.9367367342645974     
         728   8.9636726515300875     
         729   8.9446994121323673     
         730   8.9446994121323673     
         731   8.9446994121323673     
         732   8.9464631014185461     
         733   8.9464631014185461     
         734   8.9464631014185461     
         735   8.9464631014185461     
         736   8.9464631014185461     
         737   8.9349064587868128     
         738   8.9323119098356685     
         739   8.9254633518422128     
         740   8.9888455925333091     
         741   8.9651207447663062     
         742   8.9651207447663062     
         743   8.9836848064220547     
         744   8.9606598013271910     
         745   9.0239931700151637     
         746   8.9632039182334324     
         747   9.0037217651400194     
         748   8.9507320259922132     
         749   9.0001874774006154     
         750   8.9619938767409781     
         751   8.9614921300303756     
         752   8.9614921300303756     
         753   8.9459455027021004     
         754   8.9232948046479699     
         755   8.9232948046479699     
         756   8.9591632466994220     
         757   9.0327996286985073     
         758   9.0327996286985073     
         759   8.9811848654644617     
         760   8.9478180852588522     
         761   8.9800512708608693     
         762   8.9966732064129058     
         763   8.9966732064129058     
         764   9.0096778046731547     
         765   8.9815097774442592     
         766   8.9568272594283531     
         767   8.9508672495732569     
         768   8.9508672495732569     
         769   8.9009423498589584     
         770   8.9302104342919204     
         771   8.9245683523226482     
         772   8.9245683523226482     
         773   8.9631785443564169     
         774   8.9631785443564169     
         775   8.9732524791949562     
         776   9.0057335080885625     
         777   9.0384997566017748     
         778   8.9824922431765639     
         779   8.9928817658986215     
         780   8.9928817658986215     
         781   8.9928817658986215     
         782   8.9884453223081273     
         783   8.9884453223081273     
         784   8.9884453223081273     
         785   8.9701047162922496     
         786   8.9701047162922496     
         787   8.9333042594477075     
         788   8.9148423464713371     
         789   8.9148423464713371     
         790   8.9298573317071295     
         791   8.9197497422982135     
         792   8.8888959304473509     
         793   8.8888959304473509     
         794   8.9214507967991317     
         795   8.8999871740205521     
         796   8.8955744164630932     
         797   8.9267714894169483     
         798   8.9172979722505001     
         799   8.9172979722505001     
         800   8.9275194501228317     
         801   8.9276955433244520     
         802   8.9543434059335336     
         803   8.9543434059335336     
         804   8.9590503511165007     
         805   9.0261980034964342     
         806   8.9821098421249719     
         807   8.9821098421249719     
         808   8.9821098421249719     
         809   8.9821098421249719     
         810   8.9534818538553100     
         811   9.0058078863616160     
         812   9.0096776083291399     
         813   8.9702070975746047     
         814   8.9445688363981954     
         815   8.9478983356737487     
         816   8.9763960751417446     
         817   8.9590384620809189     
         818   9.0089301544268459     
         819   8.9868382342165827     
         820   8.9918746513850714     
         821   8.9599270553558465     
         822   8.9599270553558465     
         823   8.9599270553558465     
         824   8.9307430517070348     
         825   8.9307430517070348     
         826   8.9307430517070348     
         827   8.9307430517070348     
         828   8.9307430517070348     
         829   8.9483525314130006     
         830   8.9637959491604171     
         831   8.9637959491604171     
         832   8.9459547182733097     
         833   9.0093942978444712     
         834   8.9668863553690201     
         835   8.9318498582659256     
         836   8.9213922548102911     
         837   8.9401704378132489     
         838   8.9401704378132489     
         839   8.9779441234280899     
         840   8.9303660970929855     
         841   8.9920955858083680     
         842   8.9849893345314857     
         843   8.9596359283075699     
         844   8.9596359283075699     
         845   8.9596359283075699     
         846   8.9596359283075699     
         847   8.9855782194640970     
         848   8.9825146057840097     
         849   9.0224179427732967     
         850   8.9913506636161014     
         851   9.0020970376597678     
         852   8.9518525139132130     
         853   8.9553589647495464     
         854   8.9484859859523329     
         855   8.9132304258325519     
         856   8.9432174835520435     
         857   8.9663923246871331     
         858   8.9864054388890739     
         859   8.9693826419626088     
         860   8.9693826419626088     
         861   8.9693826419626088     
         862   9.0210869278684775     
         863   8.9966576009803134     
         864   8.9966576009803134     
         865   9.0118435468152835     
         866   9.0118435468152835     
         867   9.0118435468152835     
         868   9.0156376021193356     
         869   9.0207274316801147     
         870   9.0207274316801147     
         871   9.0197764306092836     
         872   8.9932286057816366     
         873   9.0380518823989373     
         874   9.0380518823989373     
         875   9.0535493831340386     
         876   9.0633203729685281     
         877   9.0537403927847038     
         878   9.0537403927847038     
         879   9.0292390997602716     
         880   9.0292390997602716     
         881   9.0426372173121798     
         882   9.0283390139050805     
         883   8.9888825436131814     
         884   8.9840107060673819     
         885   8.9913300494117454     
         886   9.0210125744060932     
         887   9.0015863890940420     
         888   9.0015863890940420     
         889   9.0015863890940420     
         890   8.9833430259113225     
         891   8.9817959463591794     
         892   8.9817959463591794     
         893   8.9923119608866262     
         894   8.9923119608866262     
         895   8.9923119608866262     
         896   8.9923119608866262     
         897   8.9923119608866262     
         898   8.9923119608866262     
         899   8.9753634025737519     
         900   8.9438879527895860     
         901   8.9438879527895860     
         902   8.9333950930069559     
         903   8.9333950930069559     
         904   8.9445320188501949     
         905   8.9445320188501949     
         906   8.9205883823328254     
         907   8.9437583137844499     
         908   8.9518058084856591     
         909   9.0044679931794214     
         910   9.0044679931794214     
         911   9.0145395965364319     
         912   9.0145395965364319     
         913   9.0088128801884224     
         914   9.0199041269629756     
         915   9.0199041269629756     
         916   9.0199041269629756     
         917   9.0199041269629756     
         918   9.0181667496484064     
         919   9.0181667496484064     
         920   8.9669534995211535     
         921   8.9882450423264189     
         922   8.9882450423264189     
         923   9.0358332011791322     
         924   9.0358332011791322     
         925   8.9850248865586142     
         926   8.9868155011466424     
         927   9.0087519234259776     
         928   8.9843358305945795     
         929   8.9982169516207975     
         930   8.9982169516207975     
         931   9.0142398572890929     
         932   9.0135252770684513     
         933   9.0135252770684513     
         934   9.0135252770684513     
         935   8.9757183137117984     
         936   8.9745018605946267     
         937   8.9745018605946267     
         938   8.9703386983478719     
         939   8.9703386983478719     
         940   8.9703386983478719     
         941   9.0051837283655907     
         942   8.9978385400995702     
         943   8.9978385400995702     
         944   8.9547226874438621     
         945   8.9547226874438621     
         946   8.9837108933076468     
         947   8.9730305353574291     
         948   8.9730305353574291     
         949   8.9187670553610463     
         950   8.9187670553610463     
         951   8.9657158928977090     
         952   8.9657158928977090     
         953   8.9657158928977090     
         954   8.9390785686860159     
         955   8.9178970711916339     
         956   8.8963726582029210     
         957   8.9440653243360764     
         958   8.9564923558528768     
         959   8.9675709152089365     
         960   8.9675709152089365     
         961   8.9675709152089365     
         962   9.0407395068908905     
         963   9.0035221361166613     
         964   9.0070445483246857     
         965   9.0061709422494332     
         966   9.0061709422494332     
         967   8.9644989882920143     
         968   8.9644989882920143     
         969   8.9940936244124412     
         970   8.9940936244124412     
         971   9.0289292276319610     
         972   9.0011936401135664     
         973   9.0011936401135664     
         974   9.0011936401135664     
         975   8.9810362402467216     
         976   8.9824546901184945     
         977   8.9216170080622152     
         978   8.9537804705956532     
         979   8.9797547070390706     
         980   9.0299539505429482     
         981   8.9610536631978821     
         982   8.9610536631978821     
         983   9.0004867037165965     
         984   9.0004867037165965     
         985   9.0004867037165965     
         986   9.0341944293933221     
         987   9.0097699336789479     
         988   9.0284228505860362     
         989   9.0284228505860362     
         990   8.9987703345934715     
         991   8.9987703345934715     
         992   8.9987703345934715     
         993   8.9987703345934715     
         994   8.9226185831924720     
         995   8.9226185831924720     
         996   8.9271820731102540     
         997   8.9429153819074703     
         998   8.9408438082858925     
         999   9.0128013161389493     
        1000   9.0128013161389493     
        1001   9.0367013982873274     
        1002   9.0367013982873274     
        1003   9.0192890421353660     
        1004   9.0192890421353660     
        1005   9.0209042785894251     
        1006   8.9943564025812481     
        1007   9.0414745818784201     
        1008   9.0012694747461559     
        1009   9.0012694747461559     
        1010   9.0017544557408389     
        1011   9.0286070008463533     
        1012   9.0110843547354218     
        1013   9.0110843547354218     
        1014   9.0009837729522939     
        1015   8.9862132395165499     
        1016   8.9943519992219443     
        1017   8.9838428733423630     
        1018   9.0020229594582410     
        1019   9.0254744527312241     
        1020   9.0146274765935015     
        1021   8.9854277924737360     
        1022   9.0184485971771888     
        1023   9.0683674665076452     
        1024   9.0349025799931830     
        1025   9.0043776796555122     
        1026   8.9852831194355112     
        1027   8.9852831194355112     
        1028   8.9852831194355112     
        1029   8.9852831194355112     
        1030   8.9952336345515711     
        1031   9.0067940426106592     
        1032   9.0067940426106592     
        1033   8.9966979861703447     
        1034   9.0031720006996689     
        1035   9.0107763887910135     
        1036   9.0202319653919307     
        1037   8.9805061642174433     
        1038   8.9346940679212246     
        1039   8.9476464891445708     
        1040   8.9667817423631906     
        1041   8.9188110907633895     
        1042   8.9713367478989561     
        1043   8.9570218351566560     
        1044   8.9570218351566560     
        1045   8.9810381085019770     
        1046   8.9810381085019770     
        1047   8.9414992970036540     
        1048   8.9414992970036540     
        1049   8.9414992970036540     
        1050   8.9100356259413740     
        1051   8.9660490729576061     
        1052   8.9660490729576061     
        1053   8.9576938303146765     
        1054   8.9220931374091705     
        1055   8.9264001968290234     
        1056   8.9264001968290234     
        1057   8.9053744234562782     
        1058   8.9006305916294988     
        1059   8.9006305916294988     
        1060   8.9006305916294988     
        1061   8.8985851836061087     
        1062   8.9199779243050568     
        1063   8.9325064167173718     
        1064   8.9048713328007487     
        1065   8.9048713328007487     
        1066   8.9048713328007487     
        1067   8.9048713328007487     
        1068   8.9048713328007487     
        1069   8.8639445280133380     
        1070   8.8639445280133380     
        1071   8.8927277559023068     
        1072   8.9518664696779648     
        1073   8.9518664696779648     
        1074   8.9510472284947422     
        1075   8.9260817040631242     
        1076   8.9612446012193931     
        1077   8.9612446012193931     
        1078   8.9368833261233966     
        1079   8.9401778118887751     
        1080   8.9401778118887751     
        1081   8.9880729195286868     
        1082   8.9880729195286868     
        1083   8.9931477755543643     
        1084   8.9776604951679548     
        1085   8.9776604951679548     
        1086   8.9309395687462203     
        1087   8.9709644848731429     
        1088   9.0156731976571720     
        1089   9.0156731976571720     
        1090   8.9878034826896354     
        1091   8.9878034826896354     
        1092   9.0001430082806504     
        1093   9.0147731339855390     
        1094   8.9729527724367717     
        1095   8.9698675723091821     
        1096   8.9786018244898322     
        1097   8.9786018244898322     
        1098   9.0045703032908211     
        1099   9.0104555952041370     
        1100   8.9743231261930809     
        1101   8.9644069862785827     
        1102   8.9912417806654990     
        1103   8.9912417806654990     
        1104   8.9446393326916365     
        1105   8.9746637106111535     
        1106   8.9920989233084452     
        1107   8.9730373805927623     
        1108   8.9657350893842249     
        1109   8.9657350893842249     
        1110   8.9657350893842249     
        1111   8.9657350893842249     
        1112   8.9418967714189943     
        1113   8.9964447474064375     
        1114   8.9812830652619144     
        1115   8.9429060138770158     
        1116   8.9352871440355788     
        1117   8.9352871440355788     
        1118   8.9565933260335946     
        1119   8.9565933260335946     
        1120   9.0399242126495309     
        1121   9.0211005940218314     
        1122   9.0211005940218314     
        1123   9.0343347287074742     
        1124   8.9928315342274772     
        1125   8.9928315342274772     
        1126   8.9928315342274772     
        1127   9.0122916335089833     
        1128   9.0122916335089833     
        1129   8.9752660563245250     
        1130   8.9752660563245250     
        1131   8.9564966736646738     
        1132   8.9564966736646738     
        1133   8.9564966736646738     
        1134   8.9330313881712833     
        1135   8.9258378954971818     
        1136   8.9258378954971818     
        1137   8.9610462857209434     
        1138   8.9900167972291332     
        1139   8.9820681728325660     
        1140   8.9820681728325660     
        1141   8.9575076428405822     
        1142   8.9575076428405822     
        1143   8.9390268798567423     
        1144   8.9444694767978543     
        1145   8.9444694767978543     
        1146   8.9839985365643624     
        1147   8.9784097296099841     
        1148   9.0130284962295146     
        1149   8.9617770983536573     
        1150   8.9665083658048665     
        1151   8.9753861350252464     
        1152   8.9754110712792219     
        1153   8.9841447047575791     
        1154   9.0366222844019344     
        1155   9.0366222844019344     
        1156   8.9713885783900764     
        1157   9.0102621205343461     
        1158   9.0102621205343461     
        1159   9.0102621205343461     
        1160   8.9732900434567302     
        1161   8.9732900434567302     
        1162   8.9543000388077942     
        1163   8.9543000388077942     
        1164   8.9547914388314105     
        1165   8.9547914388314105     
        1166   8.9547914388314105     
        1167   8.9547914388314105     
        1168   8.9530377098394300     
        1169   8.9514379266886994     
        1170   8.9332277066719321     
        1171   8.9431964694432171     
        1172   8.9970745340998874     
        1173   8.9970745340998874     
        1174   9.0018341906120671     
        1175   8.9954745575309492     
        1176   9.0014504540081965     
        1177   8.9622124842132322     
        1178   8.9607960565259983     
        1179   8.9607960565259983     
        1180   8.9972205475498654     
        1181   9.0239559346454872     
        1182   9.0032267556400054     
        1183   9.0032267556400054     
        1184   9.0032267556400054     
        1185   9.0032267556400054     
        1186   8.9506086781505161     
        1187   8.9730743442442389     
        1188   9.0120393453956495     
        1189   9.0030275731342009     
        1190   8.9850956251887819     
        1191   9.0093677393908393     
        1192   9.0093677393908393     
        1193   9.0093677393908393     
        1194   8.9754771260489452     
        1195   8.9357885047371823     
        1196   8.9661614969079864     
        1197   8.9733792237129659     
        1198   8.9427184128730257     
        1199   8.9480829678777560     
        1200   8.9480829678777560     
        1201   8.9480829678777560     
        1202   8.8945781497227543     
        1203   8.8945781497227543     
        1204   8.9421608140021451     
        1205   8.9421608140021451     
        1206   8.9587571045821868     
        1207   8.9705317002579434     
        1208   8.9764950703930086     
        1209   8.9737601984829976     
        1210   8.9650040701963043     
        1211   8.9650040701963043     
        1212   8.9166688590652292     
        1213   8.9724649426524614     
        1214   9.0194913721861276     
        1215   8.9766953982590483     
        1216   8.9766953982590483     
        1217   8.9584259427002717     
        1218   8.9780994277090631     
        1219   9.0014152580412450     
        1220   8.9920197419729302     
        1221   8.9856014508610169     
        1222   9.0104108629875181     
        1223   8.9716441497536348     
        1224   8.9716441497536348     
        1225   8.9878079179902883     
        1226   8.9440609798833677     
        1227   8.9892774750397546     
        1228   8.9892774750397546     
        1229   8.9924933930321203     
        1230   8.9924933930321203     
        1231   8.9938452864426903     
        1232   8.9938452864426903     
        1233   8.9409976807555012     
        1234   8.9408753763119968     
        1235   8.9408753763119968     
        1236   8.9939246930815333     
        1237   8.9939246930815333     
        1238   8.9413196931537922     
        1239   9.0392569316058307     
        1240   8.9484083651709412     
        1241   8.9484083651709412     
        1242   8.9927576457731035     
        1243   8.9927576457731035     
        1244   8.9927576457731035     
        1245   8.9451152649664429     
        1246   8.9647072491286171     
        1247   8.9005853744491716     
        1248   8.9005853744491716     
        1249   8.9138835460737571     
        1250   8.9138835460737571     
        1251   8.9138835460737571     
        1252   8.9400201896476883     
        1253   8.9658610637485179     
        1254   8.9717968555438858     
        1255   8.9717968555438858     
        1256   8.9919122869476471     
        1257   8.9621663178723932     
        1258   8.9621663178723932     
        1259   8.9484615412870578     
        1260   8.9393788773860248     
        1261   8.9393788773860248     
        1262   8.9393788773860248     
        1263   8.8941999401091536     
        1264   8.8941999401091536     
        1265   8.9414486216300393     
        1266   8.9294401056731960     
        1267   8.9434269435190643     
        1268   8.9453202618360237     
        1269   8.9376365528875752     
        1270   8.9376365528875752     
        1271   8.9376365528875752     
        1272   8.9679318902275806     
        1273   8.9679318902275806     
        1274   8.9949380682663485     
        1275   8.9859883421278184     
        1276   9.0026433442041789     
        1277   9.0026433442041789     
        1278   8.9699997787507755     
        1279   8.9699997787507755     
        1280   8.9701189430602337     
        1281   8.9701189430602337     
        1282   8.9689876788179106     
        1283   8.9567540319929044     
        1284   8.9589354464159836     
        1285   8.9268395017510187     
        1286   8.9159866649434054     
        1287   8.9334251825620594     
        1288   8.9471546141638214     
        1289   8.9562057041883758     
        1290   8.9433776062928860     
        1291   8.8966217424508667     
        1292   8.8825745599092727     
        1293   8.9158446619319776     
        1294   8.9158446619319776     
        1295   8.9158446619319776     
        1296   8.9455882373517888     
        1297   8.9453196428597082     
        1298   8.9453196428597082     
        1299   8.9100679726624694     
        1300   8.9100679726624694     
        1301   8.8837017044175308     
        1302   8.8665059670028565     
        1303   8.8842804290935309     
        1304   8.9231648666074346     
        1305   8.8841788672369795     
        1306   8.8841788672369795     
        1307   8.8850325657382747     
        1308   8.8850325657382747     
        1309   8.8644208437233480     
        1310   8.8811547596790223     
        1311   8.8523786711823593     
        1312   8.9022982702805162     
        1313   8.9022982702805162     
        1314   8.9022982702805162     
        1315   8.9003273371965310     
        1316   8.9242314089939860     
        1317   8.9649235853597045     
        1318   9.0122742357299703     
        1319   9.0122742357299703     
        1320   8.9773633170576623     
        1321   8.9983902915906651     
        1322   8.9492719567088237     
        1323   8.9822134407458698     
        1324   8.9466320647579440     
        1325   8.9466320647579440     
        1326   8.9466320647579440     
        1327   8.9466320647579440     
        1328   8.9571980626870840     
        1329   8.9317615630222580     
        1330   8.9406786956534425     
        1331   8.9406786956534425     
        1332   8.9406786956534425     
        1333   8.9508817823461655     
        1334   8.9627796348579736     
        1335   8.9468999892757530     
        1336   8.9704947378377913     
        1337   8.9704947378377913     
        1338   8.9729250912552114     
        1339   8.9227789166886886     
        1340   8.9526673739120515     
        1341   8.9613428337342693     
        1342   8.9811483253753952     
        1343   9.0073254302355235     
        1344   8.9855915631277732     
        1345   8.9447903408654348     
        1346   8.9471208370306687     
        1347   8.9767089796239450     
        1348   8.9471854937807223     
        1349   8.9507310076350350     
        1350   8.9739422429386142     
        1351   8.9717116174597553     
        1352   8.9443082672403449     
        1353   8.9443082672403449     
        1354   8.9395541124154292     
        1355   8.9537295116026066     
        1356   8.9605274760189619     
        1357   8.9548939570292099     
        1358   8.9548939570292099     
        1359   8.9649161719117867     
        1360   8.9229156403802516     
        1361   8.9084560255523186     
        1362   8.9525727774012189     
        1363   8.9525727774012189     
        1364   8.9486854918937890     
        1365   8.9796317851396807     
        1366   9.0107056801361516     
        1367   8.9568064714729889     
        1368   8.9709560147090155     
        1369   8.9352899212535419     
        1370   8.9595744658606211     
        1371   8.9381511718550382     
        1372   8.9381511718550382     
        1373   8.9381511718550382     
        1374   8.9087229278881424     
        1375   8.9383992524018527     
        1376   8.9598428419361351     
        1377   8.9087905678556858     
        1378   8.9337733987150845     
        1379   8.9337733987150845     
        1380   8.8878578913263073     
        1381   8.8878578913263073     
        1382   8.8978621487430889     
        1383   8.9137574346574926     
        1384   8.9137574346574926     
        1385   8.9273389716845752     
        1386   8.9679122177400465     
        1387   8.9679122177400465     
        1388   8.9530777409681086     
        1389   8.9747613814975296     
        1390   8.9913482698818665     
        1391   8.9913482698818665     
        1392   9.0115002258622319     
        1393   9.0115002258622319     
        1394   8.9878569193027005     
        1395   8.9613279094017955     
        1396   8.9582340130671909     
        1397   8.9582340130671909     
        1398   8.9554898703129542     
        1399   8.9837382944201334     
        1400   9.0249310703036016     
        1401   9.0246302325019254     
        1402   9.0038935396624975     
        1403   8.9639384556676056     
        1404   8.9639384556676056     
        1405   8.9971233711256495     
        1406   9.0069054415875787     
        1407   9.0069054415875787     
        1408   9.0228691167262696     
        1409   9.0032322846791555     
        1410   8.9804791306114087     
        1411   8.9982238749437489     
        1412   8.9897968209617858     
        1413   8.9502342619085695     
        1414   8.9502342619085695     
        1415   8.9522539702953612     
        1416   8.9136266723624207     
        1417   8.9136266723624207     
        1418   8.9303172550558667     
        1419   8.9521216850395877     
        1420   8.9521216850395877     
        1421   8.9521216850395877     
        1422   8.9521216850395877     
        1423   8.9806458032922833     
        1424   8.9719013179228781     
        1425   8.9804523875081301     
        1426   8.9804523875081301     
        1427   8.9543798174397580     
        1428   8.9309200398548132     
        1429   8.9430286020032224     
        1430   8.8900942665105234     
        1431   8.9647589629014135     
        1432   8.9017396353888678     
        1433   8.9217804545445976     
        1434   8.9207182351712184     
        1435   8.9151481431605184     
        1436   8.9604138253080787     
        1437   8.9644910846609012     
        1438   8.9912803480498020     
        1439   8.9411430522426745     
        1440   8.9411430522426745     
        1441   8.9698111102908058     
        1442   8.9361269448566922     
        1443   8.9500290645210896     
        1444   8.9802617687142359     
        1445   8.9802617687142359     
        1446   8.9802617687142359     
        1447   8.9509739442591432     
        1448   8.9360329997442172     
        1449   8.9360329997442172     
        1450   8.9793196004194886     
        1451   8.9793196004194886     
        1452   8.9455726221180019     
        1453   8.9455726221180019     
        1454   8.9437021565325541     
        1455   8.9810686820584440     
        1456   8.9653246668914832     
        1457   8.9653246668914832     
        1458   8.9499134949982917     
        1459   8.9824910729721719     
        1460   8.9450147840203140     
        1461   8.9951598645467179     
        1462   8.9951598645467179     
        1463   8.9737493949210894     
        1464   8.9737493949210894     
        1465   8.9550778297650488     
        1466   8.9658957145129961     
        1467   8.9769041293595553     
        1468   8.9732951566298933     
        1469   8.9720753603595735     
        1470   8.9728362661150616     
        1471   8.9887431991084163     
        1472   8.9879373429975153     
        1473   9.0115132031893168     
        1474   8.9633597515039227     
        1475   8.9732454923225990     
        1476   8.9709187154301784     
        1477   8.9709187154301784     
        1478   8.9611918643981348     
        1479   8.9435301386222434     
        1480   8.9771122973390653     
        1481   8.9771122973390653     
        1482   8.9424910894928331     
        1483   8.9132790012648506     
        1484   8.9132790012648506     
        1485   8.9410334634038051     
        1486   8.9495930950541993     
        1487   8.9263348529437163     
        1488   8.9263348529437163     
        1489   8.9516378005286974     
        1490   8.9670486902924278     
        1491   9.0041593651115832     
        1492   9.0054149631004243     
        1493   9.0101457131313900     
        1494   9.0147907156511380     
        1495   9.0147907156511380     
        1496   9.0162311020823456     
        1497   9.0162311020823456     
        1498   8.9854029909426796     
        1499   8.9854029909426796     
        1500   8.9696236320013316     
        1501   9.0116217700007777     
        1502   8.9785910109603169     
        1503   8.9867566479894272     
        1504   8.9867566479894272     
        1505   8.9523765913860256     
        1506   8.9523765913860256     
        1507   8.9672434857192638     
        1508   8.9672434857192638     
        1509   8.9672434857192638     
        1510   8.9615884729843849     
        1511   8.9815535256149062     
        1512   8.9815535256149062     
        1513   8.9257541654765653     
        1514   8.9281403716629200     
        1515   8.9761311592304018     
        1516   8.9478725109157047     
        1517   8.9372239213989317     
        1518   8.9350902752874752     
        1519   8.9498015126651591     
        1520   8.9498015126651591     
        1521   8.9429177644245197     
        1522   8.9671322534569686     
        1523   8.9959803877622289     
        1524   8.9840224287010955     
        1525   8.9840224287010955     
        1526   8.9832750198461646     
        1527   8.9832750198461646     
        1528   8.9832750198461646     
        1529   8.9459883757862340     
        1530   8.9698493161891300     
        1531   8.9654699166600142     
        1532   8.9654699166600142     
        1533   8.9525067609316338     
        1534   8.9774638365330919     
        1535   8.9812635533058778     
        1536   8.9559962072900596     
        1537   8.9559962072900596     
        1538   8.9665158974289838     
        1539   8.9616872834307646     
        1540   8.9616872834307646     
        1541   8.9460206614151954     
        1542   8.9460206614151954     
        1543   8.9279981042834464     
        1544   8.9279981042834464     
        1545   8.9705476676091287     
        1546   8.9705476676091287     
        1547   8.9705476676091287     
        1548   8.9705476676091287     
        1549   8.9932634512230010     
        1550   8.9932634512230010     
        1551   8.9533766329222697     
        1552   8.9533766329222697     
        1553   8.9533766329222697     
        1554   8.9533766329222697     
        1555   8.9533766329222697     
        1556   8.9446548570667357     
        1557   8.9624117668811749     
        1558   8.9744472535526398     
        1559   8.9765310963644112     
        1560   8.9765310963644112     
        1561   8.9715040338328880     
        1562   8.9283742000830788     
        1563   8.9316872697149812     
        1564   8.9488155127614508     
        1565   8.9488155127614508     
        1566   8.9488155127614508     
        1567   8.9484517015949603     
        1568   8.9484517015949603     
        1569   8.9174086497682818     
        1570   8.8970445798590365     
        1571   8.9039660319168661     
        1572   8.9039660319168661     
        1573   8.9287014929440733     
        1574   8.8953005084637731     
        1575   8.9022535572381329     
        1576   8.9011149138699128     
        1577   8.8868908570501102     
        1578   8.9368164045965681     
        1579   8.9368164045965681     
        1580   8.9537801146062694     
        1581   8.9537801146062694     
        1582   8.9421697039937360     
        1583   8.9635344684045268     
        1584   8.9635344684045268     
        1585   8.9230922244174788     
        1586   8.9656285860106344     
        1587   8.9656285860106344     
        1588   9.0196409362013874     
        1589   9.0196409362013874     
        1590   8.9906468803620267     
        1591   9.0063675834516133     
        1592   9.0224637313809257     
        1593   9.0224637313809257     
        1594   9.0321316652969621     
        1595   9.0073502575605318     
        1596   8.9853041701903980     
        1597   8.9853041701903980     
        1598   9.0090760471899358     
        1599   9.0147198654397158     
        1600   9.0147198654397158     
        1601   9.0147198654397158     
        1602   8.9998730655620651     
        1603   9.0377710662246038     
        1604   9.0050646237262537     
        1605   9.0050646237262537     
        1606   9.0050646237262537     
        1607   8.9694225734137252     
        1608   9.0214158078232476     
        1609   9.0066868557351487     
        1610   8.9955969509650249     
        1611   8.9955969509650249     
        1612   8.9955969509650249     
        1613   8.9960807763757522     
        1614   8.9687086895343615     
        1615   8.9774588321385327     
        1616   8.9606341009305890     
        1617   8.9606341009305890     
        1618   8.9875939090036745     
        1619   9.0331088523240748     
        1620   9.0331088523240748     
        1621   9.0331088523240748     
        1622   9.0331088523240748     
        1623   9.0017087320578870     
        1624   9.0050680947215351     
        1625   9.0188940754807003     
        1626   9.0073787410288979     
        1627   9.0089446479657003     
        1628   9.0089446479657003     
        1629   8.9577302537792480     
        1630   8.9534699414303347     
        1631   8.9534699414303347     
        1632   8.9972362687152980     
        1633   8.9470695516784851     
        1634   8.9460734561181816     
        1635   8.9396003159694466     
        1636   8.9396003159694466     
        1637   8.9457580053670736     
        1638   8.9254669933385156     
        1639   8.9617323130304669     
        1640   8.9617323130304669     
        1641   8.9617323130304669     
        1642   9.0069011278170663     
        1643   9.0296280242232054     
        1644   9.0056034853958842     
        1645   9.0056034853958842     
        1646   9.0056034853958842     
        1647   9.0056034853958842     
        1648   9.0201052439795220     
        1649   9.0351081281838805     
        1650   9.0080522447255191     
        1651   9.0080522447255191     
        1652   9.0241847392420027     
        1653   9.0311483050349324     
        1654   8.9912382962541564     
        1655   8.9912382962541564     
        1656   8.9450791502978717     
        1657   8.9652923829018167     
        1658   9.0020386667941814     
        1659   9.0020386667941814     
        1660   8.9789849499714194     
        1661   8.9789849499714194     
        1662   8.9653170144763852     
        1663   9.0012730060280308     
        1664   9.0144180007372849     
        1665   9.0144180007372849     
        1666   8.9844786485656236     
        1667   8.9943108928335249     
        1668   8.9727683746411042     
        1669   8.9736316424842482     
        1670   8.9736316424842482     
        1671   8.9652130737909950     
        1672   8.9669369335286682     
        1673   8.9773837464379085     
        1674   8.9470169344935453     
        1675   8.9842603352503208     
        1676   8.9842603352503208     
        1677   8.9842603352503208     
        1678   8.9650686711649481     
        1679   8.9617560292209628     
        1680   8.9540407756950522     
        1681   8.9833323015988054     
        1682   8.9796755664730412     
        1683   8.9960431135022549     
        1684   9.0256031489099549     
        1685   8.9862026214354014     
        1686   8.9520719033486884     
        1687   8.9609058966011368     
        1688   8.9609058966011368     
        1689   8.9591753430086456     
        1690   8.9591753430086456     
        1691   8.9300602387471457     
        1692   8.9310281278853196     
        1693   8.9593994577653042     
        1694   8.9806496935223663     
        1695   8.9806496935223663     
        1696   8.9945798527215128     
        1697   9.0009341093382016     
        1698   9.0116764157852494     
        1699   9.0116764157852494     
        1700   9.0116764157852494     
        1701   8.9791174692138203     
        1702   8.9791174692138203     
        1703   8.9791174692138203     
        1704   8.9791174692138203     
        1705   9.0178591084778432     
        1706   9.0178591084778432     
        1707   8.9755327985867392     
        1708   8.9568529050216998     
        1709   8.9180587462528980     
        1710   8.8995354935377797     
        1711   8.9325276327744536     
        1712   8.9325276327744536     
        1713   8.9216680889957320     
        1714   8.9507193692333313     
        1715   8.9507193692333313     
        1716   8.9507193692333313     
        1717   8.9507193692333313     
        1718   8.9507193692333313     
        1719   8.9507193692333313     
        1720   8.9507193692333313     
        1721   8.9463087558539467     
        1722   8.9178296411182298     
        1723   8.9178296411182298     
        1724   8.8671663837988994     
        1725   8.8671663837988994     
        1726   8.8974485853629339     
        1727   8.8974485853629339     
        1728   8.8995368538937587     
        1729   8.9329462992062503     
        1730   8.9664965913941153     
        1731   8.9381221312573338     
        1732   8.8431845619274174     
        1733   8.8678277439862399     
        1734   8.9447429196995909     
        1735   8.9086318606527328     
        1736   8.9517060125228998     
        1737   8.9481348082293781     
        1738   8.9481348082293781     
        1739   8.9096032202124622     
        1740   8.9003966996846451     
        1741   8.9003966996846451     
        1742   8.9268868337048577     
        1743   8.9268868337048577     
        1744   8.9433392447233402     
        1745   8.9955906252027251     
        1746   8.9633497475720247     
        1747   8.9633497475720247     
        1748   8.9685668962705556     
        1749   8.9685668962705556     
        1750   8.9725985346898618     
        1751   8.9835082914230320     
        1752   8.9835082914230320     
        1753   8.9835082914230320     
        1754   8.9644619504809206     
        1755   8.9644619504809206     
        1756   8.9679533315529429     
        1757   8.9930572392620824     
        1758   9.0016675291380501     
        1759   9.0016675291380501     
        1760   9.0082838075582234     
        1761   8.9924735004494334     
        1762   8.9500508412813620     
        1763   8.9782230725549752     
        1764   9.0627732350616128     
        1765   9.0347660160977181     
        1766   9.0347660160977181     
        1767   9.0347660160977181     
        1768   9.0347660160977181     
        1769   9.0057455159491422     
        1770   9.0111086662180870     
        1771   9.0111086662180870     
        1772   9.0111086662180870     
        1773   8.9910665286292346     
        1774   8.9910665286292346     
        1775   8.9628789716728967     
        1776   8.9565687202871302     
        1777   8.9932313797235448     
        1778   8.9932313797235448     
        1779   8.9685291660220976     
        1780   8.9685291660220976     
        1781   8.9685291660220976     
        1782   8.9685291660220976     
        1783   8.9836505577363539     
        1784   8.9836505577363539     
        1785   8.9836505577363539     
        1786   8.9840268290951411     
        1787   8.9840268290951411     
        1788   9.0243190861467379     
        1789   8.9659223406489321     
        1790   9.0027539650535751     
        1791   8.9879309589525889     
        1792   8.9879309589525889     
        1793   8.8917006274187251     
        1794   8.8917006274187251     
        1795   8.8930893718448534     
        1796   8.9012950445705883     
        1797   8.9408294831898978     
        1798   8.9392917780518655     
        1799   8.9322511097080177     
        1800   8.9322511097080177     
        1801   8.9686293111063868     
        1802   8.9686293111063868     
        1803   8.9701456148023979     
        1804   8.9701456148023979     
        1805   8.9107448185913114     
        1806   8.9090818122011708     
        1807   8.9114438208354407     
        1808   8.9257550237482732     
        1809   8.9629087469014834     
        1810   8.9643283874352271     
        1811   8.9643283874352271     
        1812   9.0137426937168996     
        1813   8.9693988412313832     
        1814   9.0090301560591914     
        1815   8.9785994876384496     
        1816   8.9865610296094101     
        1817   8.9865610296094101     
        1818   8.9865610296094101     
        1819   8.9688382296048523     
        1820   8.9090726495243473     
        1821   8.9106058180952843     
        1822   8.9106058180952843     
        1823   8.9068107878252381     
        1824   8.9068107878252381     
        1825   8.9364373844579319     
        1826   8.9505578717813599     
        1827   8.9626576668689655     
        1828   8.9868768168667454     
        1829   8.9462396248600111     
        1830   8.9131321620337918     
        1831   8.9131321620337918     
        1832   8.9424641485079928     
        1833   8.9266839042097459     
        1834   8.9533763005306248     
        1835   8.9533763005306248     
        1836   8.9804876740440012     
        1837   9.0177350174523649     
        1838   9.0187670941471740     
        1839   9.0187670941471740     
        1840   8.9847637282859516     
        1841   8.9357873798560252     
        1842   8.9259694193716026     
        1843   8.9259694193716026     
        1844   8.9259694193716026     
        1845   8.9259694193716026     
        1846   8.9259694193716026     
        1847   8.9259694193716026     
        1848   8.9935962244423511     
        1849   9.0331353519407944     
        1850   8.9816610091950793     
        1851   9.0109407738708516     
        1852   9.0109407738708516     
        1853   9.0059594307720356     
        1854   8.9897189283010306     
        1855   8.9897189283010306     
        1856   9.0069163091309576     
        1857   9.0069163091309576     
        1858   9.0069163091309576     
        1859   9.0069163091309576     
        1860   9.0069163091309576     
        1861   9.0080902225382822     
        1862   8.9894886153986242     
        1863   8.9702260950910091     
        1864   8.9940093718888701     
        1865   8.9828593108458694     
        1866   8.9545293454787362     
        1867   8.9321681450126160     
        1868   8.9321681450126160     
        1869   8.9357338067688943     
        1870   8.9444069004538829     
        1871   8.9785327740484515     
        1872   8.9531111422121956     
        1873   8.9696884383380411     
        1874   8.9513213923181798     
        1875   8.9513213923181798     
        1876   8.9513213923181798     
        1877   8.9513213923181798     
        1878   8.9513213923181798     
        1879   8.9232771403324200     
        1880   8.9408271419036200     
        1881   8.9408271419036200     
        1882   8.9408271419036200     
        1883   8.9596598536032097     
        1884   8.9979275736793269     
        1885   8.9807455498219433     
        1886   9.0271665674314399     
        1887   9.0099386291438979     
        1888   9.0099386291438979     
        1889   8.9556383786901144     
        1890   9.0229094156914105     
        1891   9.0229094156914105     
        1892   8.9698468351634393     
        1893   9.0097797884072222     
        1894   8.9484065185638553     
        1895   8.9165141330542106     
        1896   8.9255095856832831     
        1897   8.9255095856832831     
        1898   8.9030051707423734     
        1899   8.8951245506318237     
        1900   8.9376591485893027     
        1901   8.9067813050807327     
        1902   8.9466160187781529     
        1903   8.9382969962032153     
        1904   8.9607230798905082     
        1905   8.9283057268394455     
        1906   8.9154340031874462     
        1907   8.9154340031874462     
        1908   8.9881445214840827     
        1909   8.9959291264447252     
        1910   8.9739824232557126     
        1911   8.9739824232557126     
        1912   8.9521629491952126     
        1913   8.9096571597870220     
        1914   8.9580183839203755     
        1915   9.0201110355721532     
        1916   9.0201110355721532     
        1917   8.9505696801082735     
        1918   8.9505696801082735     
        1919   8.9346318873881945     
        1920   8.9460198379462934     
        1921   8.9460198379462934     
        1922   8.8873341537794524     
        1923   8.9532912278128638     
        1924   8.9532912278128638     
        1925   8.9446923873159783     
        1926   8.9460224868854112     
        1927   8.9490341014452692     
        1928   8.9592918173184319     
        1929   8.9681070373398253     
        1930   8.9681070373398253     
        1931   9.0149102523357314     
        1932   9.0149102523357314     
        1933   8.9810772152603295     
        1934   8.9810772152603295     
        1935   8.9568295121791834     
        1936   8.9568295121791834     
        1937   8.9568295121791834     
        1938   8.9568295121791834     
        1939   8.9568295121791834     
        1940   8.9180587033148857     
        1941   8.9499056326856952     
        1942   8.9676854675999440     
        1943   8.9301715609152570     
        1944   8.9301715609152570     
        1945   8.9452681802570417     
        1946   8.9380185969962227     
        1947   9.0218977546785517     
        1948   8.9767248339483068     
        1949   8.9959788498644411     
        1950   8.9586943151638838     
        1951   9.0020824575311700     
        1952   9.0020824575311700     
        1953   9.0040449268996454     
        1954   9.0040449268996454     
        1955   9.0006385610964497     
        1956   8.9510310038119059     
        1957   8.9537609726630851     
        1958   8.9567871279764066     
        1959   8.9743946046588956     
        1960   8.9355299586268178     
        1961   8.9572207239672430     
        1962   9.0045853950226800     
        1963   8.9499054881128917     
        1964   8.9750523080531899     
        1965   8.9539710837187148     
        1966   8.9539710837187148     
        1967   8.9651224902395761     
        1968   8.9544830776344444     
        1969   8.9544830776344444     
        1970   9.0069731970420648     
        1971   8.9798731316869755     
        1972   8.9609217482889267     
        1973   8.9633067140226093     
        1974   8.9926513598163211     
        1975   8.9926513598163211     
        1976   8.9470717794397636     
        1977   8.9470717794397636     
        1978   8.9616764458355558     
        1979   8.9799405623794097     
        1980   8.9799405623794097     
        1981   8.9799405623794097     
        1982   8.9488466235163386     
        1983   8.9727182051698993     
        1984   9.0122711670002982     
        1985   9.0122711670002982     
        1986   9.0157108497786265     
        1987   9.0157108497786265     
        1988   8.9940332811083703     
        1989   8.9538617379553855     
        1990   8.9538617379553855     
        1991   8.9538617379553855     
        1992   8.9800860550262254     
        1993   8.9800860550262254     
        1994   8.9800860550262254     
        1995   8.9831253126679744     
        1996   8.9831253126679744     
        1997   8.9780996082603846     
        1998   8.9979722624074618     
        1999   8.9972604624422381     
        2000   8.9972604624422381     
