           1   725.12548954072577     
           2   453.13071868893400     
           3  -504.79998808996072     
           4  -521.07630577300256     
           5  -566.33299228104750     
           6  -1452.1134502483167     
           7  -1499.9717862313707     
           8  -1497.9967787745584     
           9  -1485.8639238214762     
          10  -1477.8644516564748     
          11  -1516.2528285825492     
          12  -1571.5613631437118     
          13  -1587.6723891170359     
          14  -1571.4993326164372     
          15  -1586.0204322301336     
          16  -1589.2704815844356     
          17  -1617.2753848535749     
          18  -1627.3389546285625     
          19  -1583.5607954988279     
          20  -1623.2769905589989     
          21  -1623.9773547665764     
          22  -1526.4427801228724     
          23  -1583.6514514729695     
          24  -1636.1951278817367     
          25  -1614.6309051583160     
          26  -1600.0818695104190     
          27  -1613.1702596757154     
          28  -1624.6380419676029     
          29  -1625.2034752917932     
          30  -1602.3284849859604     
          31  -1573.0466752457105     
          32  -1600.2648980177548     
          33  -1521.5835446158112     
          34  -1551.2086113055664     
          35  -1520.1551123605284     
          36  -1477.3485605498306     
          37  -1546.1100225365772     
          38  -1577.7825743701937     
          39  -1551.1790859083389     
          40  -1578.8794611985957     
          41  -1559.5046544245045     
          42  -1570.8627077884551     
          43  -1582.5419281443126     
          44  -1524.5267616561832     
          45  -1509.6165456722697     
          46  -1471.7891240991228     
          47  -1516.8895019914130     
          48  -1515.4926552647132     
          49  -1482.8608504224198     
          50  -1423.5408329338163     
          51  -1457.3024782771529     
          52  -1486.5982337085650     
          53  -1503.7903493974029     
          54  -1550.0948774187234     
          55  -1444.5569650022751     
          56  -1396.4563644185323     
          57  -1418.7519022811978     
          58  -1436.9009013982277     
          59  -1358.3721071474142     
          60  -1399.8515727597894     
          61  -1488.4509224817848     
          62  -1490.8814887328319     
          63  -1377.6193823318149     
          64  -1367.6933245491475     
          65  -1413.1849811833342     
          66  -1381.7897215085554     
          67  -1404.9342766648185     
          68  -1449.4613480298594     
          69  -1434.0135567864243     
          70  -1444.7150086940003     
          71  -1460.6475846327587     
          72  -1410.8374980693600     
          73  -1392.6002337933444     
          74  -1360.1792492770373     
          75  -1357.9167251561723     
          76  -1392.7876828578967     
          77  -1362.1020479868207     
          78  -1274.3378386097297     
          79  -1313.2389125985280     
          80  -1356.3206106961272     
          81  -1395.2746209018569     
          82  -1421.1045488396987     
          83  -1426.1790384949838     
          84  -1418.7546471471119     
          85  -1425.5516669078586     
          86  -1437.8692617058032     
          87  -1457.1393711880291     
          88  -1465.6099029550669     
          89  -1449.6243293490807     
          90  -1426.8641715061565     
          91  -1463.4344249789590     
          92  -1471.5110301437558     
          93  -1392.6736961419549     
          94  -1385.6226555920578     
          95  -1356.5564083288857     
          96  -1344.7429372340555     
          97  -1307.8472660574810     
          98  -1155.4439020705768     
          99  -1197.1269969158352     
         100  -1244.6383967554464     
         101  -1324.9854105100253     
         102  -1351.1351278922173     
         103  -1252.8933967932587     
         104  -1151.2839180276667     
         105  -1248.2931555145342     
         106  -1274.5189996623872     
         107  -1303.2328038232201     
         108  -1342.4057670089603     
         109  -1306.9388520355019     
         110  -1208.6876731052339     
         111  -1165.1764898007405     
         112  -1130.7237224815769     
         113  -1224.0779399684916     
         114  -1171.1240794890011     
         115  -1158.5756233260120     
         116  -1110.0400965785307     
         117  -1094.2471975296096     
         118  -1035.4817110026845     
         119  -1027.0140215127226     
         120  -994.27450035748700     
         121  -1003.9199884458729     
         122  -909.74142821633382     
         123  -985.85854331791984     
         124  -1007.5649508334603     
         125  -978.75967286593038     
         126  -821.26533734202690     
         127  -892.45994899376012     
         128  -935.37770546969944     
         129  -873.66250841191675     
         130  -894.09410666358451     
         131  -961.45083644791794     
         132  -891.96743036000316     
         133  -705.62807182430640     
         134  -789.64864200403565     
         135  -596.87364287969092     
         136  -641.91574684981651     
         137  -730.51282421060273     
         138  -799.31388347197401     
         139  -885.13586778598426     
         140  -828.16927611471885     
         141  -787.08568043035234     
         142  -587.03609537631235     
         143  -644.15516387604987     
         144  -710.03727668979889     
         145  -643.94035115060024     
         146  -600.35812712539735     
         147  -677.72560996598384     
         148  -652.58404244091457     
         149  -738.95632536689959     
         150  -850.67401829753805     
         151  -835.39808246670577     
         152  -894.68446040469121     
         153  -882.31751485675636     
         154  -848.88322190304677     
         155  -719.37730409464575     
         156  -569.80274907771047     
         157  -689.79628377092592     
         158  -562.88119792488840     
         159  -314.64168928708432     
         160  -166.87383510454205     
         161  -303.88062223809675     
         162  -276.82462834087875     
         163  -328.10394419894669     
         164  -261.96268740012806     
         165  -201.49882730469733     
         166  -292.45952776163614     
         167   31.589982516546939     
         168   92.959691053742816     
         169   67.138789160535282     
         170  -53.162018487340909     
         171  -181.94579914492630     
         172  -265.48483873018603     
         173  -353.93670477226976     
         174   52.400811097856113     
         175   37.766146952222762     
         176   166.48972235342012     
         177   275.38305116942655     
         178   114.53212280659584     
         179  -40.348691242473969     
         180  -138.90779076309585     
         181   136.12289305091139     
         182   194.35646953068886     
         183   239.60524496797339     
         184   128.69822326586009     
         185   173.24321157788012     
         186   45.292416214334565     
         187   157.96775410774839     
         188   40.978157958575650     
         189   243.28934630275992     
         190   193.19386716347790     
         191   52.324111823940122     
         192  -28.653106610150388     
         193   72.834531420106771     
         194   192.49917839405538     
         195   237.27499708998531     
         196   150.58810080527351     
         197   312.61924431588153     
         198   232.25051383502174     
         199   299.79169603610671     
         200   265.52986250766833     
         201   142.79845592511876     
         202   62.032502937638967     
         203   66.810316792896074     
         204  -61.119800743267483     
         205  -166.95895465050023     
         206  -221.45832746641506     
         207  -277.24583111418013     
         208  -346.33903427172521     
         209  -311.04891598249020     
         210  -260.81634062315135     
         211  -195.49756496343389     
         212  -286.95353954054087     
         213  -298.93526222334430     
         214  -367.14368346633989     
         215  -454.80497249406278     
         216  -318.97219958728425     
         217  -222.02540409667628     
         218  -362.52983025446599     
         219  -413.61945999278714     
         220  -426.92202444830014     
         221  -317.94152201170584     
         222  -342.60878886609657     
         223  -366.27081287375671     
         224  -379.08545254325065     
         225  -446.09182480800905     
         226  -545.22826677859643     
         227  -496.45743351097053     
         228  -520.89632989011318     
         229  -594.16235458637198     
         230  -366.95890290856670     
         231  -449.93283609101451     
         232  -416.23673772638978     
         233  -373.38593742633560     
         234  -451.17273843811796     
         235  -472.62314470076200     
         236  -416.24874865454984     
         237  -485.08055358308542     
         238  -541.14491971441362     
         239  -600.07525950307991     
         240  -722.38956110616607     
         241  -675.54394400391391     
         242  -740.04148580062417     
         243  -544.90229641829899     
         244  -614.92485450518711     
         245  -650.33605309670963     
         246  -738.22219743211372     
         247  -804.10684498746400     
         248  -872.52295869786383     
         249  -904.12857962558530     
         250  -988.53138120385552     
         251  -1034.1732070788273     
         252  -1066.9862788049588     
         253  -1073.0336834644258     
         254  -786.68517430747590     
         255  -801.02786351679345     
         256  -875.94005650466067     
         257  -991.77208302214581     
         258  -1063.1787175007382     
         259  -1080.5165172442200     
         260  -1137.3509201828197     
         261  -1088.9505134615331     
         262  -1110.7697218800797     
         263  -1147.2394160598244     
         264  -1178.4317111089624     
         265  -990.91265378899584     
         266  -1002.7550606480958     
         267  -1027.4557517280919     
         268  -1005.4209297054311     
         269  -908.82086920178017     
         270  -929.18350720865510     
         271  -706.91267457076140     
         272  -789.55286555655380     
         273  -767.90406254461459     
         274  -838.76173056490802     
         275  -901.67574183291936     
         276  -1011.8230669951116     
         277  -1056.0670587258933     
         278  -980.67239309997183     
         279  -1042.8803898692620     
         280  -1021.8978331842570     
         281  -979.44468858657285     
         282  -988.07047233522201     
         283  -1062.3309530033214     
         284  -1124.7532919355529     
         285  -1189.6943342247218     
         286  -1073.2133021312818     
         287  -1096.4714954686358     
         288  -1170.7027755667164     
         289  -1189.5703169694521     
         290  -1220.2480373154101     
         291  -1294.0555429982601     
         292  -1337.9044650728074     
         293  -1358.5063039034187     
         294  -1397.6058047569597     
         295  -1371.2745518512511     
         296  -1444.3984137749617     
         297  -1376.5381698879298     
         298  -1170.2203088388321     
         299  -1219.4973519290529     
         300  -1067.1750374095109     
         301  -996.70870218181278     
         302  -1089.1039353053538     
         303  -1174.6154436563529     
         304  -1040.4388425026712     
         305  -1143.1308260515734     
         306  -1141.8716191801498     
         307  -1179.3908622646695     
         308  -1218.9705227811005     
         309  -1235.0450706812605     
         310  -1287.9357415838479     
         311  -1330.7292215463606     
         312  -1351.4516241578790     
         313  -1060.3684175449089     
         314  -1184.9686610577910     
         315  -1266.8244799107745     
         316  -1152.0651358962675     
         317  -1242.8190329211427     
         318  -1274.5478315820940     
         319  -1302.8164378504810     
         320  -1317.5917847911965     
         321  -1368.2890534300045     
         322  -1438.7814830442205     
         323  -1461.0395953631521     
         324  -1404.3564887819746     
         325  -1463.8835762813280     
         326  -1480.4106887367006     
         327  -1385.6375927873162     
         328  -1231.0490178212692     
         329  -1277.4514695800531     
         330  -1240.2453480894699     
         331  -1262.6017386130877     
         332  -1306.0000851635073     
         333  -1428.3665898420725     
         334  -1389.2309601351071     
         335  -1439.8392926227159     
         336  -1431.9542634264008     
         337  -1467.9704845460035     
         338  -1515.3101184348593     
         339  -1503.3995804155859     
         340  -1513.3129689053508     
         341  -1440.6979993961550     
         342  -1444.2060011268700     
         343  -1494.8685420452512     
         344  -1500.2044488360907     
         345  -1412.5492559417503     
         346  -1426.3237587567844     
         347  -1481.2914884372449     
         348  -1590.2975520344639     
         349  -1527.0418417906312     
         350  -1608.3376729590689     
         351  -1612.5479335948389     
         352  -1568.0770034194518     
         353  -1603.0521228655359     
         354  -1535.0895070989345     
         355  -1633.1364126712253     
         356  -1633.7363981371350     
         357  -1653.0900284239183     
         358  -1616.2670020639080     
         359  -1487.0438298800902     
         360  -1589.5537420431417     
         361  -1702.2848482017571     
         362  -1693.2946326489093     
         363  -1637.7456408181449     
         364  -1616.8937660547283     
         365  -1673.5586585875201     
         366  -1623.9276372612876     
         367  -1630.0713085211551     
         368  -1541.5588481295242     
         369  -1584.0987938335713     
         370  -1582.1413718245894     
         371  -1581.1807868460660     
         372  -1663.0054340973459     
         373  -1678.9767800989141     
         374  -1727.4370937236999     
         375  -1773.8521768352612     
         376  -1821.4215529276619     
         377  -1770.6691029388594     
         378  -1721.1199215711431     
         379  -1771.5460310844981     
         380  -1709.6094817390053     
         381  -1722.9932726438933     
         382  -1735.5808165954029     
         383  -1788.5580346291622     
         384  -1807.0460034553280     
         385  -1828.4526808149938     
         386  -1874.6810986310463     
         387  -1750.2756511831096     
         388  -1694.4872021273020     
         389  -1752.2998143434506     
         390  -1773.7674271871379     
         391  -1843.0544751203315     
         392  -1832.9151622786983     
         393  -1791.5720224143504     
         394  -1752.1948681619522     
         395  -1767.5724383492286     
         396  -1790.0925950200992     
         397  -1851.3659074416303     
         398  -1866.1905722087145     
         399  -1831.0950676426207     
         400  -1766.9001373971603     
         401  -1798.1366499229598     
         402  -1868.3733488328953     
         403  -1917.1015933258147     
         404  -1940.3291634928282     
         405  -1949.7932605618810     
         406  -1949.8352897587572     
         407  -1831.4004008337934     
         408  -1840.8837925514820     
         409  -1876.5006826676363     
         410  -1838.4495037282036     
         411  -1859.0054966435287     
         412  -1910.5048175543484     
         413  -1855.5906955441174     
         414  -1885.8205967935207     
         415  -1928.7262904126949     
         416  -1964.8489854039544     
         417  -1881.5273508033051     
         418  -1838.6791206582359     
         419  -1879.2829015970340     
         420  -1966.0284062152782     
         421  -2032.4627922521406     
         422  -1988.2954964266694     
         423  -1976.3208231176259     
         424  -1846.8286935331262     
         425  -1916.3670638858514     
         426  -1884.8003205339862     
         427  -1867.6337914450141     
         428  -1962.3522730242271     
         429  -1983.5967551460669     
         430  -1979.3606918443331     
         431  -1988.6204914358511     
         432  -1968.2040827962280     
         433  -1866.9901696823367     
         434  -1885.1032059751169     
         435  -1906.6936723051290     
         436  -1910.7322766328964     
         437  -1987.8768267275818     
         438  -1989.1580144020684     
         439  -1965.0954646321720     
         440  -1965.4019989495528     
         441  -2029.7283426208689     
         442  -2038.0947869967988     
         443  -1956.8493603762440     
         444  -1991.0952590682409     
         445  -1942.3209152842289     
         446  -1890.3159212382359     
         447  -1953.6767161760690     
         448  -2003.4619656872781     
         449  -2011.7737447138727     
         450  -2025.6788731619188     
         451  -2079.5457188068426     
         452  -2048.8646502475281     
         453  -2107.9236320464056     
         454  -2078.1208448194952     
         455  -2118.3365217518171     
         456  -2010.8381423432934     
         457  -2060.5804743033541     
         458  -2060.5249151055191     
         459  -1984.6887075742206     
         460  -2006.7146620496312     
         461  -2054.0147865620879     
         462  -2057.0505413758956     
         463  -2061.4253362905524     
         464  -2110.1285608592852     
         465  -2033.0270520393744     
         466  -2036.9560516684119     
         467  -1990.5338515854544     
         468  -2052.3735376052505     
         469  -2084.6384351908055     
         470  -2111.7171486369389     
         471  -2123.6824523416039     
         472  -2156.8325804673063     
         473  -2166.8617662784814     
         474  -2171.8341876810332     
         475  -2182.8776775022411     
         476  -2128.5483196892756     
         477  -2112.3903369668510     
         478  -2117.8537813924954     
         479  -2124.9801299464189     
         480  -2171.4026868243682     
         481  -2194.3107771488267     
         482  -2186.5336872834282     
         483  -2150.2632178694394     
         484  -2099.9154944839943     
         485  -2147.5344838455044     
         486  -2180.7810352879051     
         487  -2170.9640088243841     
         488  -2160.8496124518592     
         489  -2137.9754996601978     
         490  -2162.7585178787745     
         491  -2170.5322136398640     
         492  -2129.6256311328775     
         493  -2166.2093139291583     
         494  -2195.3613485974711     
         495  -2162.7726572058514     
         496  -2155.0338201236832     
         497  -2174.1604373349010     
         498  -2147.3452048553950     
         499  -2171.4322664770875     
         500  -2135.0498070837198     
         501  -2218.0959374942786     
         502  -2221.5428655508654     
         503  -2231.0641158981662     
         504  -2219.2938567369529     
         505  -2189.5175334052674     
         506  -2124.2163781664940     
         507  -2157.0110908528859     
         508  -2220.9823299018253     
         509  -2224.9918045237937     
         510  -2167.4214377933686     
         511  -2216.8814722328489     
         512  -2174.9661842242313     
         513  -2195.6630795960373     
         514  -2089.8273191466719     
         515  -2150.0809406306989     
         516  -2191.2430142520366     
         517  -2141.0452873553058     
         518  -2194.0250225386062     
         519  -2212.4930691799827     
         520  -2244.1811928590582     
         521  -2261.0422715855125     
         522  -2187.5395518712958     
         523  -2203.3415637753005     
         524  -2129.6235618880978     
         525  -2207.6312825332998     
         526  -2293.6411145874017     
         527  -2300.2155394422798     
         528  -2232.1648996501444     
         529  -2251.8978988633708     
         530  -2205.9322717070418     
         531  -2179.9076482447936     
         532  -2183.7628254536789     
         533  -2111.5198023984499     
         534  -2113.4442705369102     
         535  -2191.4243875614293     
         536  -2239.2436843774644     
         537  -2234.7301588909354     
         538  -2237.6742208503615     
         539  -2235.7710123518123     
         540  -2286.2617267212831     
         541  -2310.9673750263146     
         542  -2244.8887080259701     
         543  -2251.0515423986640     
         544  -2240.4649760073403     
         545  -2269.6756062602240     
         546  -2300.3156892649195     
         547  -2314.4763560411570     
         548  -2250.2351148318244     
         549  -2290.4520158553119     
         550  -2328.4388833357712     
         551  -2331.7605757397951     
         552  -2298.5229114813965     
         553  -2298.3546734694623     
         554  -2260.9456599277651     
         555  -2293.9794508487398     
         556  -2282.1106438215320     
         557  -2304.6959502434743     
         558  -2223.7689076150887     
         559  -2270.8772447687629     
         560  -2247.4082808102035     
         561  -2255.2555662079931     
         562  -2234.5981101633565     
         563  -2249.5110839992012     
         564  -2273.9331376669311     
         565  -2266.4103692056428     
         566  -2282.5578689440704     
         567  -2294.1746067622680     
         568  -2297.9418877566209     
         569  -2271.7843102954425     
         570  -2286.2941142956174     
         571  -2357.0080527665073     
         572  -2331.6495811545406     
         573  -2287.3467030389274     
         574  -2295.2523476935853     
         575  -2307.6943356041816     
         576  -2323.5407204519120     
         577  -2329.9449211855908     
         578  -2317.2003863759342     
         579  -2308.2553354865831     
         580  -2354.6451480453820     
         581  -2307.9256314440436     
         582  -2301.7812714116776     
         583  -2316.3981450942060     
         584  -2309.4883077287527     
         585  -2322.7185183822016     
         586  -2382.2158208170404     
         587  -2388.0820956353846     
         588  -2436.9687769441634     
         589  -2400.6651969112031     
         590  -2370.2282814431733     
         591  -2385.7417765109199     
         592  -2320.3658054772482     
         593  -2377.2062971956652     
         594  -2429.2845707667602     
         595  -2456.5898697497400     
         596  -2449.8876056351569     
         597  -2409.1765280773111     
         598  -2387.1015282300978     
         599  -2392.3988560358057     
         600  -2383.9652408502184     
         601  -2391.5639091346893     
         602  -2408.9933658806090     
         603  -2432.2147371282708     
         604  -2410.1438103145351     
         605  -2446.8133312449718     
         606  -2416.1022132626704     
         607  -2428.6139271337665     
         608  -2397.0891006584461     
         609  -2365.4118058203439     
         610  -2388.7441016545699     
         611  -2400.3978355739509     
         612  -2406.5036140452921     
         613  -2331.3392490643578     
         614  -2389.7591535673182     
         615  -2330.5360336189669     
         616  -2382.8997383447922     
         617  -2451.9245099022505     
         618  -2407.8086268153011     
         619  -2398.5763202020421     
         620  -2363.5758166628420     
         621  -2372.4984443641629     
         622  -2396.3839161916007     
         623  -2409.1078658754841     
         624  -2360.9997318429359     
         625  -2402.6446108486807     
         626  -2399.9363727636901     
         627  -2420.8790114916424     
         628  -2464.3212160970525     
         629  -2427.8323487152511     
         630  -2466.2882062571853     
         631  -2474.8026903221094     
         632  -2501.7878271903719     
         633  -2502.8400274512815     
         634  -2459.8808089950212     
         635  -2410.8735262302598     
         636  -2421.2866860180652     
         637  -2383.4552228234634     
         638  -2425.4215304575523     
         639  -2489.6397729148903     
         640  -2483.3430721931436     
         641  -2485.6946592834656     
         642  -2481.1778445881459     
         643  -2423.9919598785900     
         644  -2436.8275510709550     
         645  -2422.7411817165207     
         646  -2472.0422051936625     
         647  -2489.2459140455626     
         648  -2507.2798264137105     
         649  -2491.3965847193563     
         650  -2430.0443948728907     
         651  -2489.3376563243251     
         652  -2454.5659609109812     
         653  -2362.6989121762854     
         654  -2361.0345940017714     
         655  -2411.0348208160699     
         656  -2407.3250812855536     
         657  -2382.0398856449115     
         658  -2440.2836807986278     
         659  -2397.9988670702369     
         660  -2422.1751817215113     
         661  -2447.8717879510014     
         662  -2451.6070663710889     
         663  -2454.1391433796111     
         664  -2410.5997781480646     
         665  -2486.4514083336562     
         666  -2473.2929451749337     
         667  -2508.1620307128865     
         668  -2541.1586505515006     
         669  -2536.9942123509459     
         670  -2515.2529346671963     
         671  -2558.1251781570500     
         672  -2490.3784384374271     
         673  -2474.4317307791343     
         674  -2478.8456159810362     
         675  -2503.7085415712427     
         676  -2541.3368907560975     
         677  -2565.8821610623168     
         678  -2564.2828797549255     
         679  -2511.1954810372558     
         680  -2478.1731600545336     
         681  -2493.1190621585270     
         682  -2476.0224093522620     
         683  -2519.1760223975148     
         684  -2524.3209115751597     
         685  -2489.7272500334689     
         686  -2538.6675863106766     
         687  -2495.6266326753666     
         688  -2505.0093203726165     
         689  -2469.0399951088216     
         690  -2570.3481073998123     
         691  -2504.1079383537331     
         692  -2525.7658478494950     
         693  -2501.3234454064741     
         694  -2474.5659521400817     
         695  -2478.1458242607664     
         696  -2501.3216131190848     
         697  -2532.5897414904548     
         698  -2470.6735388822090     
         699  -2488.7130580874687     
         700  -2471.9439202551607     
         701  -2476.7660098903834     
         702  -2504.1719227902227     
         703  -2488.0317825138377     
         704  -2495.1853613399549     
         705  -2455.2482799714371     
         706  -2442.8815477221538     
         707  -2447.3414413539299     
         708  -2494.1957647739519     
         709  -2479.8159132604906     
         710  -2516.5615494341605     
         711  -2461.9343709161944     
         712  -2530.2955640684718     
         713  -2550.0687149599348     
         714  -2487.8104181198628     
         715  -2493.9393887570109     
         716  -2526.4930646349990     
         717  -2514.9710416100324     
         718  -2550.7230873901208     
         719  -2528.9573703659157     
         720  -2511.7532542083109     
         721  -2453.8052804492540     
         722  -2506.8778759453085     
         723  -2484.9432115559434     
         724  -2538.7805313120120     
         725  -2493.1968283518909     
         726  -2469.0656172149374     
         727  -2531.1747886734347     
         728  -2569.3573136230330     
         729  -2562.7414178419967     
         730  -2533.0285953270723     
         731  -2490.9833184820245     
         732  -2509.6122475101770     
         733  -2522.3127036869623     
         734  -2519.5325267484827     
         735  -2543.1896885822375     
         736  -2552.0231437981802     
         737  -2540.4367251709814     
         738  -2531.2290931225580     
         739  -2566.2494008986778     
         740  -2558.4153627530618     
         741  -2524.5016453297130     
         742  -2546.9489003700564     
         743  -2558.7877467390563     
         744  -2525.2669516005612     
         745  -2597.9400095591250     
         746  -2616.9463631478025     
         747  -2629.2947522860136     
         748  -2601.0614927149268     
         749  -2594.6860304676093     
         750  -2597.9145570577098     
         751  -2586.5582019986850     
         752  -2586.5170443468428     
         753  -2568.4402412581944     
         754  -2571.4690938146973     
         755  -2560.0591521884903     
         756  -2568.1412753284180     
         757  -2582.6453255014167     
         758  -2573.2519131577246     
         759  -2523.0864769055574     
         760  -2529.8175560475752     
         761  -2514.9455560802439     
         762  -2543.0644529538063     
         763  -2546.2630523095627     
         764  -2519.7714401691951     
         765  -2564.7909502486846     
         766  -2523.7059496432084     
         767  -2542.1438224889598     
         768  -2555.1892287912437     
         769  -2567.4828980823304     
         770  -2522.3303749300308     
         771  -2552.6272918606905     
         772  -2585.3541049316145     
         773  -2575.3538830777770     
         774  -2542.2646782460884     
         775  -2544.6863689203360     
         776  -2587.3463646416017     
         777  -2553.5456102486642     
         778  -2510.7330508744149     
         779  -2539.3510316501242     
         780  -2525.5488696827160     
         781  -2520.5162866455821     
         782  -2532.5938298233095     
         783  -2500.8880964127579     
         784  -2581.7369078533807     
         785  -2543.0382423505257     
         786  -2525.3265995758857     
         787  -2558.0198223002144     
         788  -2532.8206764487245     
         789  -2577.4475591621390     
         790  -2583.4179865395440     
         791  -2542.1502277946511     
         792  -2518.9985008065773     
         793  -2531.0142550263290     
         794  -2502.2036135051239     
         795  -2521.4383050138717     
         796  -2457.6681124804577     
         797  -2515.8155792129492     
         798  -2570.8811486116333     
         799  -2536.4450840206073     
         800  -2538.1107286229171     
         801  -2529.2614260966243     
         802  -2549.3853077412173     
         803  -2568.4537171550246     
         804  -2533.8972477681282     
         805  -2541.0566494657955     
         806  -2557.8813988622078     
         807  -2502.6438182126826     
         808  -2577.6065664756666     
         809  -2608.3944609278551     
         810  -2585.6502023830913     
         811  -2568.5929057391768     
         812  -2529.3861664077222     
         813  -2526.2994135181725     
         814  -2488.5592678034268     
         815  -2509.2370111877813     
         816  -2552.8453052846930     
         817  -2544.9953665203998     
         818  -2511.8442524812549     
         819  -2539.1182500021250     
         820  -2535.3570691013510     
         821  -2523.1811812090336     
         822  -2540.4854210034514     
         823  -2542.9721773847969     
         824  -2530.9956680943192     
         825  -2490.5955959229323     
         826  -2472.4910692136668     
         827  -2519.5669530415498     
         828  -2533.1410305760178     
         829  -2575.9675893775375     
         830  -2541.6050229096550     
         831  -2586.8699710484034     
         832  -2629.1757737990342     
         833  -2563.3527403146863     
         834  -2570.1713746892465     
         835  -2633.9469909481868     
         836  -2585.7397060589537     
         837  -2565.6051986813645     
         838  -2591.1257809577187     
         839  -2596.9712941676921     
         840  -2532.7593591335940     
         841  -2580.6013275028731     
         842  -2599.5219254229683     
         843  -2624.1028725795300     
         844  -2609.2457898458738     
         845  -2597.7895231597390     
         846  -2618.7123296699860     
         847  -2603.2092622654213     
         848  -2574.1276348418537     
         849  -2596.3253734913251     
         850  -2605.8775654230367     
         851  -2632.1250292201375     
         852  -2670.7135122650279     
         853  -2683.9799152691694     
         854  -2678.6697086064382     
         855  -2649.1091871952081     
         856  -2573.4612695936935     
         857  -2636.5906102602935     
         858  -2597.9937741729632     
         859  -2587.4209085806378     
         860  -2587.6970742517719     
         861  -2562.5800209824974     
         862  -2596.9111104808676     
         863  -2629.5086386557900     
         864  -2648.1506926692623     
         865  -2645.5544938939861     
         866  -2616.8266366162816     
         867  -2673.0626894341513     
         868  -2647.1903116197964     
         869  -2659.6563754700865     
         870  -2595.8474907901359     
         871  -2598.1027219481589     
         872  -2571.0295078579261     
         873  -2592.1691356923552     
         874  -2615.6964946989251     
         875  -2610.9987794796261     
         876  -2640.9231991504093     
         877  -2621.2052311129996     
         878  -2583.8401226581536     
         879  -2534.9365739144564     
         880  -2542.8385053441448     
         881  -2573.9928121207436     
         882  -2575.0465287541911     
         883  -2643.1552966672461     
         884  -2576.1143186921831     
         885  -2615.9343999200014     
         886  -2595.8913612080669     
         887  -2611.6361194409888     
         888  -2598.1205449741587     
         889  -2546.5674587255403     
         890  -2568.8329418144349     
         891  -2622.7615679664709     
         892  -2649.1615981906721     
         893  -2526.3617998990239     
         894  -2559.7162913094894     
         895  -2514.8283920918866     
         896  -2520.0117449514451     
         897  -2613.2451119195402     
         898  -2591.2522545316006     
         899  -2573.9104807130389     
         900  -2570.2133234160151     
         901  -2540.0510468989023     
         902  -2495.1225850840897     
         903  -2536.4800665652879     
         904  -2562.6703906821767     
         905  -2548.9543145059893     
         906  -2568.0743676737957     
         907  -2587.3999570509704     
         908  -2661.3366802319383     
         909  -2631.4071055326808     
         910  -2604.5474104472842     
         911  -2612.3639727949972     
         912  -2586.8307318293391     
         913  -2597.5146182521207     
         914  -2614.7081780846606     
         915  -2589.7490844697149     
         916  -2616.4012285192762     
         917  -2579.4431700053369     
         918  -2593.1440532619672     
         919  -2623.5678546559457     
         920  -2587.3537783977072     
         921  -2580.8407568722614     
         922  -2571.1535998116492     
         923  -2564.3628813520872     
         924  -2546.6453220628350     
         925  -2553.2857985102437     
         926  -2545.3643438726513     
         927  -2547.6151127469316     
         928  -2585.9072232546355     
         929  -2584.0964326071403     
         930  -2547.5823002040224     
         931  -2538.6784755103899     
         932  -2558.8593210792560     
         933  -2526.7404327953191     
         934  -2515.0560025253262     
         935  -2518.8667625813114     
         936  -2616.5388142945139     
         937  -2617.7020906815910     
         938  -2583.4086236210410     
         939  -2580.3188558154925     
         940  -2601.5969197573904     
         941  -2548.6921119086355     
         942  -2525.2025067478321     
         943  -2584.3857577812641     
         944  -2519.6972001352174     
         945  -2587.6160093808057     
         946  -2554.5390349025142     
         947  -2536.4730677325242     
         948  -2604.6698275686167     
         949  -2592.6048534336983     
         950  -2558.7540230573950     
         951  -2556.2630176316125     
         952  -2527.7114818829523     
         953  -2502.3757920563203     
         954  -2562.4093575977117     
         955  -2561.3705116359324     
         956  -2578.6945890933725     
         957  -2534.7959678872717     
         958  -2512.3593006341302     
         959  -2522.2605047829834     
         960  -2522.8725997453489     
         961  -2537.2383745865186     
         962  -2555.1865576187597     
         963  -2546.7377414726616     
         964  -2568.4372539763294     
         965  -2539.0631013687980     
         966  -2538.1096660379585     
         967  -2562.4052309923136     
         968  -2561.4948867895018     
         969  -2558.9350051097767     
         970  -2536.1558883569714     
         971  -2516.1115747929316     
         972  -2496.3677574643843     
         973  -2525.0903222256647     
         974  -2500.4987186053527     
         975  -2496.6326443183043     
         976  -2525.2976307007548     
         977  -2508.1137293073211     
         978  -2527.5191088941451     
         979  -2554.5295350279080     
         980  -2573.6562228611833     
         981  -2547.6613368423282     
         982  -2534.5120156026574     
         983  -2621.1558223597276     
         984  -2585.7007177214941     
         985  -2600.0598613525385     
         986  -2564.3551177408917     
         987  -2589.3123871921234     
         988  -2599.9739400736580     
         989  -2574.1544117128342     
         990  -2604.2038515171694     
         991  -2632.5206869585118     
         992  -2626.6796007815592     
         993  -2617.5648407080885     
         994  -2703.2961204674843     
         995  -2609.0792308195541     
         996  -2592.9910514986868     
         997  -2543.6950756102524     
         998  -2574.0024885100393     
         999  -2583.8087070345755     
        1000  -2539.4239223218219     
        1001  -2618.6565816986208     
        1002  -2589.1729389129414     
        1003  -2591.1783470108653     
        1004  -2581.0592506860344     
        1005  -2614.6887649481882     
        1006  -2621.8129242868176     
        1007  -2660.3731143528066     
        1008  -2666.1229334436657     
        1009  -2636.1852954221044     
        1010  -2677.2215952539004     
        1011  -2589.8819462224137     
        1012  -2604.2320961331138     
        1013  -2556.4252849782424     
        1014  -2555.5161604326249     
        1015  -2613.2171936425530     
        1016  -2569.8265787339583     
        1017  -2588.2267221392231     
        1018  -2524.6109430836559     
        1019  -2539.7037027319484     
        1020  -2573.4049741641766     
        1021  -2557.8832314620904     
        1022  -2553.5279417979882     
        1023  -2584.4727591691185     
        1024  -2635.8801386692489     
        1025  -2592.2833410517155     
        1026  -2588.9357406309418     
        1027  -2584.7354806188173     
        1028  -2606.1103185298466     
        1029  -2599.0368602125745     
        1030  -2612.7580891799075     
        1031  -2602.8576655570037     
        1032  -2614.5889927641379     
        1033  -2611.5480458141446     
        1034  -2629.4666618459164     
        1035  -2648.1364867282859     
        1036  -2543.2245395163632     
        1037  -2506.4142384560496     
        1038  -2514.1655639626429     
        1039  -2560.3931225181286     
        1040  -2588.4021063100954     
        1041  -2640.9442751585143     
        1042  -2649.5772146493186     
        1043  -2606.5186547725507     
        1044  -2608.0958961823326     
        1045  -2659.6139778551483     
        1046  -2693.8472963078425     
        1047  -2716.9425925005808     
        1048  -2678.1452269644583     
        1049  -2684.6254281014662     
        1050  -2645.6712807024064     
        1051  -2636.9876503102710     
        1052  -2603.8791300890948     
        1053  -2607.4784738379421     
        1054  -2610.1669638018839     
        1055  -2653.3674484110347     
        1056  -2683.4062619785259     
        1057  -2704.4243563608393     
        1058  -2688.4610171926720     
        1059  -2641.7897674929641     
        1060  -2546.2783189885808     
        1061  -2542.9256984985204     
        1062  -2548.8624108443250     
        1063  -2604.7110282596568     
        1064  -2618.8173789289540     
        1065  -2590.9772058275216     
        1066  -2619.0840537056915     
        1067  -2556.1554824360801     
        1068  -2504.2926870655328     
        1069  -2590.5377539777301     
        1070  -2588.2835502976600     
        1071  -2608.8514003209143     
        1072  -2613.2630569034759     
        1073  -2599.5876881829276     
        1074  -2593.1831995278540     
        1075  -2582.9111774308335     
        1076  -2625.0798587684894     
        1077  -2650.1291629060956     
        1078  -2608.3182459031186     
        1079  -2596.2670248208692     
        1080  -2603.0188680254664     
        1081  -2584.1818866619201     
        1082  -2583.2678432389112     
        1083  -2606.8501990552595     
        1084  -2604.3464404761153     
        1085  -2565.8087930698234     
        1086  -2585.2027913504048     
        1087  -2582.6774510411251     
        1088  -2520.2689686545036     
        1089  -2568.4598480452423     
        1090  -2611.3406949023592     
        1091  -2589.9788147410809     
        1092  -2618.1335740007976     
        1093  -2623.6045691268187     
        1094  -2594.6228116531984     
        1095  -2590.1574651320811     
        1096  -2575.9614131738208     
        1097  -2516.8349436050080     
        1098  -2537.6336119373696     
        1099  -2529.3085464782630     
        1100  -2501.5166074935851     
        1101  -2609.9736050203755     
        1102  -2591.1611278756127     
        1103  -2513.1654813647128     
        1104  -2508.7395131934131     
        1105  -2577.5107989553135     
        1106  -2575.0316855192750     
        1107  -2573.3577383114316     
        1108  -2561.7794735573229     
        1109  -2564.4811014531010     
        1110  -2583.5856575066286     
        1111  -2607.9186031294421     
        1112  -2598.2653948249654     
        1113  -2568.0416267491714     
        1114  -2584.7485480612481     
        1115  -2578.4350213105972     
        1116  -2624.9531219683404     
        1117  -2557.6718533125472     
        1118  -2581.9661369165779     
        1119  -2555.8266778774559     
        1120  -2530.1303076667332     
        1121  -2552.0351236819547     
        1122  -2563.9852146885587     
        1123  -2594.9749529735727     
        1124  -2600.7910239421299     
        1125  -2544.3039779465962     
        1126  -2552.9200443496602     
        1127  -2569.3102466015616     
        1128  -2528.2119526296765     
        1129  -2520.5172668304108     
        1130  -2571.6149664964405     
        1131  -2569.4839105207948     
        1132  -2603.4936148923066     
        1133  -2573.2620035596055     
        1134  -2577.2020785240566     
        1135  -2542.7803853592077     
        1136  -2591.7731345827115     
        1137  -2615.8270164290393     
        1138  -2573.6950173365799     
        1139  -2599.9774018796056     
        1140  -2551.2281217358668     
        1141  -2535.7133256293728     
        1142  -2573.5625016354720     
        1143  -2631.2846883766692     
        1144  -2558.2424062729983     
        1145  -2598.6263681118885     
        1146  -2545.2005785986134     
        1147  -2567.6201522608330     
        1148  -2589.1061311411299     
        1149  -2581.6392505881809     
        1150  -2662.0792821700197     
        1151  -2648.8570646595522     
        1152  -2570.8760921179692     
        1153  -2606.6890123688645     
        1154  -2684.8090856230147     
        1155  -2701.3141675662478     
        1156  -2639.3233422324156     
        1157  -2564.7632447914648     
        1158  -2558.2887375660971     
        1159  -2559.4291017672490     
        1160  -2530.7918421325280     
        1161  -2538.9557957325264     
        1162  -2570.2207810139003     
        1163  -2591.9193041020449     
        1164  -2578.3441294525701     
        1165  -2536.9334711399579     
        1166  -2545.8899791944746     
        1167  -2571.9017680107581     
        1168  -2612.0704769898171     
        1169  -2570.7006916036348     
        1170  -2607.8059216082343     
        1171  -2643.2094064517687     
        1172  -2623.0212090306463     
        1173  -2584.9100290474962     
        1174  -2602.6163569160158     
        1175  -2614.1333764377332     
        1176  -2606.2312177842109     
        1177  -2627.8782160318992     
        1178  -2543.3034333818846     
        1179  -2521.5099687829397     
        1180  -2532.9870894656347     
        1181  -2555.1069327979026     
        1182  -2536.6895726428083     
        1183  -2558.4080456730244     
        1184  -2576.5275633112246     
        1185  -2576.0194608421621     
        1186  -2578.5104529040618     
        1187  -2579.7021927530318     
        1188  -2594.4061471068535     
        1189  -2596.9006726298126     
        1190  -2577.6222742238624     
        1191  -2589.0397285893205     
        1192  -2589.3623391634997     
        1193  -2596.7330570544650     
        1194  -2647.9743838689510     
        1195  -2631.4547771110765     
        1196  -2633.8743970121232     
        1197  -2611.0631956253396     
        1198  -2612.5778356304759     
        1199  -2612.2949851911817     
        1200  -2569.3284952239464     
        1201  -2531.2275626264727     
        1202  -2547.9856148691833     
        1203  -2597.8231139792169     
        1204  -2596.4314966261186     
        1205  -2538.6256822841970     
        1206  -2566.1798363169096     
        1207  -2540.5355335313652     
        1208  -2530.1166136793054     
        1209  -2577.3023461710709     
        1210  -2597.1238018147933     
        1211  -2660.3135266030681     
        1212  -2610.5531715376092     
        1213  -2590.5553355083875     
        1214  -2610.6476176363062     
        1215  -2542.3061055089315     
        1216  -2510.9314826884879     
        1217  -2522.3217087048452     
        1218  -2543.4426192253845     
        1219  -2544.0019355935274     
        1220  -2564.9522333905034     
        1221  -2589.2222441827980     
        1222  -2608.5014893548951     
        1223  -2648.2120629052743     
        1224  -2621.8303182552863     
        1225  -2623.5153230786655     
        1226  -2563.2402229684863     
        1227  -2535.0077497745233     
        1228  -2513.0563844689286     
        1229  -2607.5569151464260     
        1230  -2565.2997034942696     
        1231  -2653.7725761524998     
        1232  -2627.9973202611322     
        1233  -2596.6854381242106     
        1234  -2604.2904240444377     
        1235  -2603.7651819754101     
        1236  -2637.0616576564357     
        1237  -2584.8718699637284     
        1238  -2585.3642315367861     
        1239  -2565.1831920243958     
        1240  -2556.2388937493861     
        1241  -2650.4391702190273     
        1242  -2645.0921078622532     
        1243  -2627.0610234380983     
        1244  -2567.6257654936753     
        1245  -2586.1101736294381     
        1246  -2609.3751508959540     
        1247  -2578.8232243621665     
        1248  -2621.1858056032752     
        1249  -2538.5314543595241     
        1250  -2546.9329545915571     
        1251  -2547.8407407014120     
        1252  -2571.2338076975070     
        1253  -2587.5190462471387     
        1254  -2551.9301966650441     
        1255  -2600.1026449180881     
        1256  -2593.2042610734584     
        1257  -2584.9680444993924     
        1258  -2625.2073306583679     
        1259  -2610.1842292283545     
        1260  -2584.7602020649570     
        1261  -2621.4723167517832     
        1262  -2584.9065117691739     
        1263  -2623.1148471477618     
        1264  -2587.4176829012013     
        1265  -2593.9127212142976     
        1266  -2616.3332563803028     
        1267  -2625.6735987239713     
        1268  -2649.9619933722365     
        1269  -2648.2946386149520     
        1270  -2627.1770549439384     
        1271  -2642.3426932199463     
        1272  -2658.8304028756097     
        1273  -2736.9087134776373     
        1274  -2619.2934648332089     
        1275  -2640.4782680209591     
        1276  -2653.1734326198743     
        1277  -2675.2455677951880     
        1278  -2628.9731928224228     
        1279  -2628.7178028465287     
        1280  -2630.5160186882922     
        1281  -2592.1831035877567     
        1282  -2653.7240313937778     
        1283  -2605.2727963999364     
        1284  -2665.6717846849497     
        1285  -2672.9942500661991     
        1286  -2659.7008680588101     
        1287  -2682.4389906418892     
        1288  -2643.4485367227799     
        1289  -2588.0123755855830     
        1290  -2659.1598851782783     
        1291  -2657.5558510835990     
        1292  -2657.9422090309199     
        1293  -2627.0632098571696     
        1294  -2638.1395475067025     
        1295  -2615.8410710792350     
        1296  -2680.6091829079724     
        1297  -2620.8192149970673     
        1298  -2564.1382982890855     
        1299  -2613.7456261122375     
        1300  -2610.4032342229029     
        1301  -2613.0654151670524     
        1302  -2616.4191262304912     
        1303  -2637.7509141223386     
        1304  -2635.9272933210832     
        1305  -2620.5789647586125     
        1306  -2621.9653616221522     
        1307  -2639.6845285598051     
        1308  -2610.1389718572127     
        1309  -2609.3908177220951     
        1310  -2645.1943373454264     
        1311  -2573.4126298693450     
        1312  -2620.2200340042641     
        1313  -2609.9614679293004     
        1314  -2583.8287817088762     
        1315  -2639.2726143744526     
        1316  -2590.5698455658703     
        1317  -2650.6256293132465     
        1318  -2674.8017914337847     
        1319  -2641.1559885529982     
        1320  -2609.6448494179813     
        1321  -2600.6995725339675     
        1322  -2612.1213888550997     
        1323  -2540.2750362107663     
        1324  -2600.8640338365267     
        1325  -2566.9052565863012     
        1326  -2570.2647114638485     
        1327  -2573.2709438597090     
        1328  -2526.2182715699369     
        1329  -2568.6471772805262     
        1330  -2645.6000128124065     
        1331  -2547.8449003999126     
        1332  -2546.8023218414933     
        1333  -2564.8078713356135     
        1334  -2558.5881521664764     
        1335  -2595.9314674286679     
        1336  -2562.5590003364891     
        1337  -2637.9250201644977     
        1338  -2572.4908479750238     
        1339  -2557.7113098530167     
        1340  -2592.0652850744559     
        1341  -2619.6756335274436     
        1342  -2647.6811594056935     
        1343  -2645.3251532470240     
        1344  -2682.8380166367647     
        1345  -2661.1167304008331     
        1346  -2613.4482710666975     
        1347  -2637.3421768505641     
        1348  -2632.6319412476223     
        1349  -2694.7142887492078     
        1350  -2696.1666088677171     
        1351  -2670.3609109010531     
        1352  -2695.4390919212910     
        1353  -2624.6232601333218     
        1354  -2668.1545110078168     
        1355  -2642.5359575265970     
        1356  -2667.0957553581820     
        1357  -2595.5746700284271     
        1358  -2619.9385777991806     
        1359  -2618.3349260489417     
        1360  -2599.5628139941978     
        1361  -2651.6144601956089     
        1362  -2635.0352490427676     
        1363  -2638.7510385308469     
        1364  -2601.9265660633587     
        1365  -2601.9716675027480     
        1366  -2609.0450346409843     
        1367  -2569.4638172485184     
        1368  -2616.9433813073442     
        1369  -2607.6490695739835     
        1370  -2627.5649660066088     
        1371  -2703.7305727273301     
        1372  -2573.8602297553016     
        1373  -2617.6763336658041     
        1374  -2671.0402417869632     
        1375  -2640.9355460805327     
        1376  -2674.4547966596438     
        1377  -2644.1233668095424     
        1378  -2636.3048351742577     
        1379  -2605.0378522709980     
        1380  -2691.3425287259806     
        1381  -2657.8558756070533     
        1382  -2598.8290093587002     
        1383  -2599.1481404892543     
        1384  -2657.0641223023549     
        1385  -2608.5275421035099     
        1386  -2592.9202888838677     
        1387  -2590.2236589564818     
        1388  -2614.9198738460418     
        1389  -2611.2400043994044     
        1390  -2591.8597185924827     
        1391  -2623.6992650121206     
        1392  -2588.6871568770339     
        1393  -2545.2578594292381     
        1394  -2586.3731076802233     
        1395  -2621.8403163644698     
        1396  -2638.9750946323056     
        1397  -2608.7017723281238     
        1398  -2616.9426166956528     
        1399  -2560.4985237951523     
        1400  -2584.4439205850149     
        1401  -2644.6113499551670     
        1402  -2689.6910024745630     
        1403  -2648.1590268427308     
        1404  -2657.2686804131604     
        1405  -2622.6262658709588     
        1406  -2623.4428090654437     
        1407  -2561.4471410167876     
        1408  -2592.5463814238205     
        1409  -2625.5232445124261     
        1410  -2596.3868336319797     
        1411  -2640.5941005762152     
        1412  -2629.9212978833166     
        1413  -2639.7126107591866     
        1414  -2599.7271513868291     
        1415  -2636.9069279012542     
        1416  -2664.8063049698862     
        1417  -2632.6694602290017     
        1418  -2666.0002693275269     
        1419  -2665.9524750689943     
        1420  -2676.3052278643158     
        1421  -2595.3504322311801     
        1422  -2648.5165939050280     
        1423  -2612.2934866577330     
        1424  -2640.1078326402057     
        1425  -2646.3872524165849     
        1426  -2596.6868529521585     
        1427  -2630.7480534696974     
        1428  -2585.0160191205955     
        1429  -2624.3994245078457     
        1430  -2658.1583832524025     
        1431  -2657.7265276163453     
        1432  -2637.3989868136814     
        1433  -2636.8701440711616     
        1434  -2592.6462303331268     
        1435  -2585.8432191006423     
        1436  -2622.5132419370570     
        1437  -2618.6190104835491     
        1438  -2628.3832833782099     
        1439  -2662.1375254514337     
        1440  -2600.6130148037669     
        1441  -2596.7303672457433     
        1442  -2618.0336491048092     
        1443  -2617.6050656699781     
        1444  -2604.2135559560102     
        1445  -2593.3527943532804     
        1446  -2612.6431665112505     
        1447  -2625.7834426741906     
        1448  -2574.7406933116567     
        1449  -2656.2016040913104     
        1450  -2648.1302062934196     
        1451  -2636.1418980692715     
        1452  -2698.0290812677399     
        1453  -2648.0505684318423     
        1454  -2654.8913335363482     
        1455  -2664.8657591364258     
        1456  -2655.1197056416786     
        1457  -2639.7465391523174     
        1458  -2633.5806398584259     
        1459  -2644.9475525457078     
        1460  -2655.3774229346873     
        1461  -2693.4331807646763     
        1462  -2701.7468011786173     
        1463  -2692.4906265632817     
        1464  -2625.8462400324474     
        1465  -2621.7728270596458     
        1466  -2578.0060478147461     
        1467  -2567.5398016322824     
        1468  -2571.3371813584736     
        1469  -2568.9818976918523     
        1470  -2577.5703937856324     
        1471  -2612.5295666019533     
        1472  -2593.1810185261743     
        1473  -2558.5712608993449     
        1474  -2539.1951757847728     
        1475  -2574.5614245199836     
        1476  -2594.3148291195148     
        1477  -2591.0745238543091     
        1478  -2554.7574816875463     
        1479  -2551.0252155194062     
        1480  -2569.6816082136602     
        1481  -2568.3203941634351     
        1482  -2573.8814832307899     
        1483  -2589.9263863011406     
        1484  -2656.1602891053353     
        1485  -2590.8763633963626     
        1486  -2628.8635619942602     
        1487  -2644.4755879746817     
        1488  -2624.2796355479782     
        1489  -2619.3609275171989     
        1490  -2650.7548925953174     
        1491  -2599.1298096204309     
        1492  -2595.1090430962836     
        1493  -2587.4662084165561     
        1494  -2626.1354084469563     
        1495  -2679.2894201594868     
        1496  -2712.6658496224445     
        1497  -2672.0760655163281     
        1498  -2676.2862981311496     
        1499  -2677.8992308804541     
        1500  -2638.7682228297344     
        1501  -2611.8891726598317     
        1502  -2627.5099746977467     
        1503  -2629.4021856181907     
        1504  -2620.4194947746923     
        1505  -2636.6052915671935     
        1506  -2603.9118972700367     
        1507  -2641.6313741784647     
        1508  -2652.0251111881794     
        1509  -2629.4291183172254     
        1510  -2574.6517037563258     
        1511  -2606.4167000330035     
        1512  -2581.8369089686526     
        1513  -2609.2993790129690     
        1514  -2628.7015604887943     
        1515  -2551.5150654317526     
        1516  -2517.0575341023427     
        1517  -2484.0718668348204     
        1518  -2492.1691258229012     
        1519  -2530.8633842293857     
        1520  -2507.9157953551307     
        1521  -2454.7300528318656     
        1522  -2468.6910151785019     
        1523  -2511.4385287491627     
        1524  -2576.2650612828952     
        1525  -2563.3983183754776     
        1526  -2540.9393728898121     
        1527  -2541.7656892413847     
        1528  -2544.2102028507834     
        1529  -2590.4139198498610     
        1530  -2548.8754474683446     
        1531  -2510.5197582620372     
        1532  -2517.0836428425641     
        1533  -2519.0423781019231     
        1534  -2520.8392898795992     
        1535  -2524.4430053958645     
        1536  -2577.8421882470693     
        1537  -2589.3874035646768     
        1538  -2540.6731127890530     
        1539  -2550.1559627754236     
        1540  -2530.5787956069257     
        1541  -2501.7833709681568     
        1542  -2460.2006663520956     
        1543  -2538.7518232589132     
        1544  -2548.9454202877814     
        1545  -2524.1515076230057     
        1546  -2576.2239636972363     
        1547  -2514.3569865733507     
        1548  -2478.6456647990385     
        1549  -2531.5296521800374     
        1550  -2523.5921964641730     
        1551  -2539.7772487375605     
        1552  -2478.1201584035866     
        1553  -2540.8985725500497     
        1554  -2537.4093159789795     
        1555  -2568.8806921933997     
        1556  -2582.0370244889086     
        1557  -2554.6101486757580     
        1558  -2587.5054895890235     
        1559  -2542.0195015990494     
        1560  -2605.8792636499920     
        1561  -2599.2890676406137     
        1562  -2622.5788837580048     
        1563  -2617.6914090330338     
        1564  -2603.1950231287105     
        1565  -2625.2322586020773     
        1566  -2657.5778663849787     
        1567  -2673.5670302140156     
        1568  -2657.4037596759258     
        1569  -2629.0813007271413     
        1570  -2634.0216195886987     
        1571  -2612.0003328485245     
        1572  -2593.7272655362508     
        1573  -2612.6853573835970     
        1574  -2631.9500882578136     
        1575  -2678.1369707782887     
        1576  -2675.6527155508079     
        1577  -2601.8874976194734     
        1578  -2622.7640173045161     
        1579  -2515.7288602471331     
        1580  -2601.2321974520059     
        1581  -2580.5577510237176     
        1582  -2621.1059957355833     
        1583  -2643.1933354131074     
        1584  -2621.3941669175351     
        1585  -2670.7260216872010     
        1586  -2637.3487401592729     
        1587  -2622.3914551419984     
        1588  -2610.5473820980073     
        1589  -2623.9045260114508     
        1590  -2585.0990662265585     
        1591  -2607.1176648465839     
        1592  -2644.7297700004492     
        1593  -2636.4654537755964     
        1594  -2661.9385577389276     
        1595  -2632.8177513171690     
        1596  -2614.7665180404242     
        1597  -2677.7620391455871     
        1598  -2697.2879038093715     
        1599  -2707.4530968503304     
        1600  -2653.7515995314657     
        1601  -2599.0835580852113     
        1602  -2642.3929348490915     
        1603  -2599.9934530805713     
        1604  -2646.9866291130911     
        1605  -2588.6692881288768     
        1606  -2593.8028278504567     
        1607  -2632.4678143396127     
        1608  -2700.7622912307252     
        1609  -2673.8512267070196     
        1610  -2624.5090177971665     
        1611  -2613.6693419261687     
        1612  -2590.6931013840249     
        1613  -2601.9466127668115     
        1614  -2576.6731620660703     
        1615  -2611.0725299593946     
        1616  -2623.8817288310647     
        1617  -2645.1306460211322     
        1618  -2586.0460173768279     
        1619  -2523.6846816248549     
        1620  -2582.5273982031181     
        1621  -2549.0380200054642     
        1622  -2579.7522603942302     
        1623  -2578.8057252490826     
        1624  -2578.4888523681161     
        1625  -2593.0231498985713     
        1626  -2559.9996196108473     
        1627  -2563.3634242540520     
        1628  -2576.7996174259933     
        1629  -2593.4661041780560     
        1630  -2567.8281934799056     
        1631  -2563.8523459662088     
        1632  -2542.3808199302030     
        1633  -2538.8414456443265     
        1634  -2593.6629557035390     
        1635  -2554.6305942476706     
        1636  -2525.1059059734193     
        1637  -2521.0549823956217     
        1638  -2534.4474302970402     
        1639  -2564.7970583766923     
        1640  -2616.5389813668066     
        1641  -2585.0138703564844     
        1642  -2594.5126231162685     
        1643  -2589.8023012304370     
        1644  -2539.3518398668075     
        1645  -2532.1675721589986     
        1646  -2542.6018580198547     
        1647  -2550.8808869418090     
        1648  -2560.0247936249775     
        1649  -2518.8404444342332     
        1650  -2542.5820016780322     
        1651  -2532.6629708157784     
        1652  -2569.1483572901252     
        1653  -2601.8129201739293     
        1654  -2619.4455144142366     
        1655  -2668.1261628817738     
        1656  -2599.8793908228922     
        1657  -2636.6303662829605     
        1658  -2565.9011991537873     
        1659  -2547.6846091849511     
        1660  -2603.5768346438103     
        1661  -2557.9170553862118     
        1662  -2595.3865290778149     
        1663  -2637.8723058022479     
        1664  -2595.8236173509845     
        1665  -2580.7592808632221     
        1666  -2570.7596297260820     
        1667  -2564.4222136105986     
        1668  -2595.6297350491004     
        1669  -2611.1853991641092     
        1670  -2600.2303823084303     
        1671  -2565.7487358440703     
        1672  -2620.7258425728228     
        1673  -2619.2687361403182     
        1674  -2594.6747336546709     
        1675  -2570.2674083023530     
        1676  -2613.9811366387225     
        1677  -2547.1070604288989     
        1678  -2544.2847216318760     
        1679  -2570.5367583445909     
        1680  -2634.0108093371809     
        1681  -2653.3324433794869     
        1682  -2653.5674001484349     
        1683  -2595.9406857029703     
        1684  -2618.2725462324029     
        1685  -2589.0990611062016     
        1686  -2554.9127412433354     
        1687  -2493.9881741083864     
        1688  -2538.3285500286197     
        1689  -2526.8614908439304     
        1690  -2513.1996668375427     
        1691  -2531.9647258930650     
        1692  -2515.5788891693801     
        1693  -2509.2655474989870     
        1694  -2564.1307702531599     
        1695  -2498.2522288497166     
        1696  -2553.4875653040540     
        1697  -2504.8310731069087     
        1698  -2551.2326564769501     
        1699  -2569.1294010107063     
        1700  -2550.7135800523861     
        1701  -2571.6911116112751     
        1702  -2616.8157965088262     
        1703  -2601.3640199709585     
        1704  -2644.1134461675219     
        1705  -2567.0549132481669     
        1706  -2529.5520885974424     
        1707  -2515.7568004582872     
        1708  -2469.9512321932821     
        1709  -2517.0439125736061     
        1710  -2595.4224326238209     
        1711  -2583.2480347917567     
        1712  -2526.0234851135187     
        1713  -2561.4305253836965     
        1714  -2590.5807546633946     
        1715  -2608.9409656677385     
        1716  -2627.0285201640945     
        1717  -2606.2520714663997     
        1718  -2630.0343378123407     
        1719  -2638.4365689915594     
        1720  -2666.0637842543006     
        1721  -2651.6026711789123     
        1722  -2678.9134273229010     
        1723  -2717.2134023224785     
        1724  -2652.3034184445000     
        1725  -2651.4998625592634     
        1726  -2642.2260161978847     
        1727  -2603.6846052385499     
        1728  -2554.6779519155571     
        1729  -2611.4078654233986     
        1730  -2626.8590822097904     
        1731  -2644.0485164121524     
        1732  -2646.4732231164021     
        1733  -2718.6221119935590     
        1734  -2666.4010587165271     
        1735  -2665.1088922770732     
        1736  -2692.6779430791048     
        1737  -2638.9198977069686     
        1738  -2662.9270134465223     
        1739  -2638.3657877434939     
        1740  -2647.0750397153570     
        1741  -2627.0913823377673     
        1742  -2600.2750844618827     
        1743  -2608.8326559323477     
        1744  -2597.1989828879091     
        1745  -2584.5925006902630     
        1746  -2578.2973906019306     
        1747  -2600.8792015971376     
        1748  -2552.8898819639971     
        1749  -2576.4468820409020     
        1750  -2565.1920729759618     
        1751  -2556.0202861961961     
        1752  -2599.4587124772911     
        1753  -2641.8145909483515     
        1754  -2644.7775387634206     
        1755  -2643.6491499777426     
        1756  -2598.4537594134854     
        1757  -2615.2356670522986     
        1758  -2612.7315267364884     
        1759  -2598.2872738778638     
        1760  -2557.6848257464599     
        1761  -2596.9750410667370     
        1762  -2583.9730606458152     
        1763  -2608.4252514007894     
        1764  -2587.6077399387232     
        1765  -2593.1848515491961     
        1766  -2523.3837066346050     
        1767  -2590.6437700802935     
        1768  -2623.5323089350136     
        1769  -2603.2749188219632     
        1770  -2653.3383883938936     
        1771  -2669.1216677468715     
        1772  -2685.9983145081314     
        1773  -2624.4587203170181     
        1774  -2648.9117301295892     
        1775  -2587.0775202771092     
        1776  -2619.1820932830124     
        1777  -2558.3477662060168     
        1778  -2596.0566887320542     
        1779  -2606.6076430798707     
        1780  -2562.5006244440065     
        1781  -2590.7513317140970     
        1782  -2645.2845740969537     
        1783  -2614.3013927774259     
        1784  -2660.9890570630569     
        1785  -2653.4036954101589     
        1786  -2546.2830817767281     
        1787  -2557.6489368954590     
        1788  -2576.2160526683351     
        1789  -2541.1601977893451     
        1790  -2561.0698667184488     
        1791  -2588.3752000383479     
        1792  -2533.3438800019485     
        1793  -2477.3825164775949     
        1794  -2587.4052102121932     
        1795  -2619.5324026995108     
        1796  -2590.4169322037087     
        1797  -2576.1047813511523     
        1798  -2604.3185660018712     
        1799  -2633.1513379983294     
        1800  -2612.8975591954336     
        1801  -2595.7679248220543     
        1802  -2600.1156721363018     
        1803  -2576.2116516027759     
        1804  -2583.5296589161662     
        1805  -2608.6945781952040     
        1806  -2648.9437643102005     
        1807  -2646.5070777502146     
        1808  -2602.8826538337253     
        1809  -2650.1243555007559     
        1810  -2625.0820098489035     
        1811  -2622.5600912566651     
        1812  -2637.7977563217760     
        1813  -2615.9707932022184     
        1814  -2605.4714140959477     
        1815  -2654.9314645910777     
        1816  -2643.6588375691936     
        1817  -2665.0930839266944     
        1818  -2627.9275454660051     
        1819  -2650.4989320948507     
        1820  -2588.9225779820881     
        1821  -2622.3211375189139     
        1822  -2676.6657395611537     
        1823  -2642.3478492491499     
        1824  -2619.7705005988892     
        1825  -2621.2222409368364     
        1826  -2622.7128516542775     
        1827  -2587.6381564599551     
        1828  -2597.1852885551302     
        1829  -2606.2756944719899     
        1830  -2604.7411174756003     
        1831  -2546.9026809073544     
        1832  -2585.1627429402452     
        1833  -2572.3197811100422     
        1834  -2550.0099721986207     
        1835  -2538.6037912706774     
        1836  -2526.1724182361800     
        1837  -2600.3292920407921     
        1838  -2620.6056313965678     
        1839  -2655.3221705599103     
        1840  -2634.6864091065622     
        1841  -2691.5664865799504     
        1842  -2666.5370301230073     
        1843  -2650.9785668975887     
        1844  -2621.2957542414219     
        1845  -2663.0267445468007     
        1846  -2661.6739639687262     
        1847  -2554.5098998475173     
        1848  -2603.3332929841104     
        1849  -2567.3049547849205     
        1850  -2668.8489308285621     
        1851  -2692.4674833994923     
        1852  -2681.4830132251877     
        1853  -2660.3180307427565     
        1854  -2689.0590663292251     
        1855  -2613.7357979197805     
        1856  -2652.8302366184880     
        1857  -2646.3773331851171     
        1858  -2675.8544044495011     
        1859  -2676.1522252210443     
        1860  -2631.4822253854431     
        1861  -2639.3718685099816     
        1862  -2632.2473045197485     
        1863  -2648.5717059178069     
        1864  -2599.1698113175858     
        1865  -2639.7543914532748     
        1866  -2615.7617479614423     
        1867  -2592.0255268141291     
        1868  -2695.8318186923443     
        1869  -2642.0794461424975     
        1870  -2667.5290025305508     
        1871  -2584.7397880275666     
        1872  -2648.9121298095511     
        1873  -2634.7137030575809     
        1874  -2631.3954341571248     
        1875  -2599.8800830993546     
        1876  -2570.6125882977472     
        1877  -2572.9590868575583     
        1878  -2618.8554570964975     
        1879  -2634.3491285594255     
        1880  -2676.1037201180670     
        1881  -2669.1470325842129     
        1882  -2640.6096441919858     
        1883  -2648.8602551523190     
        1884  -2641.2423354884941     
        1885  -2637.9331326415918     
        1886  -2644.9598196426145     
        1887  -2581.4337142395939     
        1888  -2625.2874380735880     
        1889  -2649.7207411938466     
        1890  -2604.9031984791714     
        1891  -2547.2793776275421     
        1892  -2562.1999201815702     
        1893  -2599.9894251832598     
        1894  -2613.1869729037494     
        1895  -2670.1168463860522     
        1896  -2695.6208887430785     
        1897  -2695.3720260597593     
        1898  -2644.9457603996370     
        1899  -2597.0754155307804     
        1900  -2610.2708691356270     
        1901  -2604.2364507172856     
        1902  -2644.0142044178306     
        1903  -2628.2064605082555     
        1904  -2616.7222305208552     
        1905  -2616.9495407634276     
        1906  -2619.3603653904374     
        1907  -2630.3287421752971     
        1908  -2620.3453277760609     
        1909  -2633.2160244987826     
        1910  -2590.7336212290547     
        1911  -2653.2182272772984     
        1912  -2619.8916648500508     
        1913  -2687.4485656984766     
        1914  -2668.8205679451085     
        1915  -2638.0273872523426     
        1916  -2683.5840854169974     
        1917  -2691.6726186723158     
        1918  -2694.5028592720332     
        1919  -2645.5397728120720     
        1920  -2570.6968379770551     
        1921  -2598.9962479780065     
        1922  -2618.1617858869517     
        1923  -2560.8932469979254     
        1924  -2603.5409503197311     
        1925  -2566.7121919905280     
        1926  -2595.6326206557192     
        1927  -2603.1663695566131     
        1928  -2633.6931762882359     
        1929  -2601.4945127928045     
        1930  -2574.6034800119905     
        1931  -2639.5732778669626     
        1932  -2602.8035438530392     
        1933  -2605.6151083755090     
        1934  -2573.4086004012379     
        1935  -2595.8013121248027     
        1936  -2580.0013248589053     
        1937  -2559.6020573183678     
        1938  -2589.7521573538074     
        1939  -2588.9441862457406     
        1940  -2569.7610278018710     
        1941  -2544.0655582324448     
        1942  -2532.9064434596307     
        1943  -2551.0397423281720     
        1944  -2551.3479926506911     
        1945  -2522.2260305624272     
        1946  -2518.4334448884583     
        1947  -2508.9662677183146     
        1948  -2545.5021282642788     
        1949  -2562.9561821417792     
        1950  -2531.9494998843070     
        1951  -2527.9230057946979     
        1952  -2594.1807796094649     
        1953  -2625.8336782969573     
        1954  -2610.2257729864859     
        1955  -2612.2737423785529     
        1956  -2564.2863234106817     
        1957  -2526.8307008184797     
        1958  -2537.0158716101018     
        1959  -2497.1125599287907     
        1960  -2510.7580909750723     
        1961  -2494.9503972927564     
        1962  -2499.4064332524799     
        1963  -2489.7375786384791     
        1964  -2517.8790588060629     
        1965  -2603.1141538709358     
        1966  -2577.1193146619794     
        1967  -2510.4717490822068     
        1968  -2530.0672379624802     
        1969  -2608.9196760730620     
        1970  -2619.0160980830178     
        1971  -2605.8789775685896     
        1972  -2566.0131828545786     
        1973  -2580.7249234748183     
        1974  -2571.9420076189099     
        1975  -2637.5128082872857     
        1976  -2560.7468171867040     
        1977  -2582.4045365747697     
        1978  -2625.3432776328254     
        1979  -2630.2890258586895     
        1980  -2624.9009737589163     
        1981  -2570.0001763424889     
        1982  -2624.0218761388023     
        1983  -2643.7328294319964     
        1984  -2632.2753582738883     
        1985  -2595.3045911657682     
        1986  -2582.1049646485335     
        1987  -2536.4142254567473     
        1988  -2537.1684153563187     
        1989  -2569.4250652765036     
        1990  -2597.5041649674117     
        1991  -2562.5522271526456     
        1992  -2613.1430361200109     
        1993  -2564.5659083186974     
        1994  -2592.3780633384067     
        1995  -2523.0115629603333     
        1996  -2528.7812295255194     
        1997  -2576.1491184495280     
        1998  -2621.0809182943526     
        1999  -2638.9351343359444     
        2000  -2623.3469092718833     
