 SAMPLE,  ENERGY
           1  -2646.0660488066292     
           2  -2610.1726823621239     
           3  -2578.1618073836926     
           4  -2650.0428638541498     
           5  -2627.8077041807278     
           6  -2558.0940128005491     
           7  -2650.7020908054456     
           8  -2621.0068268228520     
           9  -2566.6792437480299     
          10  -2654.7936121999419     
          11  -2625.2973432993822     
          12  -2594.6464808083460     
          13  -2607.1006633032066     
          14  -2618.1967156257874     
          15  -2582.4196914873573     
          16  -2639.9701963966349     
          17  -2658.4860637249540     
          18  -2620.7025010596144     
          19  -2566.0702786596116     
          20  -2578.5965102984314     
          21  -2664.1958297952351     
          22  -2573.9539368209939     
          23  -2612.4846388540423     
          24  -2625.6630503877777     
          25  -2678.6785022152731     
          26  -2624.0194808252354     
          27  -2573.3710360461587     
          28  -2667.6330721864233     
          29  -2650.3329492255962     
          30  -2597.8330627209211     
          31  -2604.0020018908981     
          32  -2596.1335517548300     
          33  -2633.3844329475965     
          34  -2702.7340714813431     
          35  -2689.3880406300859     
          36  -2677.7894922679302     
          37  -2669.9256979240822     
          38  -2697.6908088099121     
          39  -2679.5794215135888     
          40  -2665.1964873626857     
          41  -2635.0375231603789     
          42  -2696.5896589885560     
          43  -2691.7189249988769     
          44  -2643.5949893829365     
          45  -2597.4854423055663     
          46  -2584.6550416299879     
          47  -2591.9078385374373     
          48  -2549.8597945318206     
          49  -2537.8489066509974     
          50  -2575.9768149225952     
          51  -2652.2291164542648     
          52  -2665.8546430055867     
          53  -2626.2679212584399     
          54  -2599.4694415566673     
          55  -2584.5267294305463     
          56  -2612.4342835046159     
          57  -2602.9034047392911     
          58  -2695.1178578072013     
          59  -2631.8126871370791     
          60  -2628.9969310899464     
          61  -2693.0431645138287     
          62  -2681.6036509516621     
          63  -2659.0836893704100     
          64  -2643.2236254405170     
          65  -2621.5395152623291     
          66  -2607.6994408268024     
          67  -2651.8866756841135     
          68  -2670.5500100701865     
          69  -2702.2160137447618     
          70  -2685.1280276999296     
          71  -2663.1741390799348     
          72  -2577.7500401481607     
          73  -2564.5165500361568     
          74  -2628.7553673607631     
          75  -2697.4212049199255     
          76  -2680.3275134031205     
          77  -2607.5648527610401     
          78  -2634.8150270265842     
          79  -2631.7916807381789     
          80  -2649.6107854882166     
          81  -2633.7863440295068     
          82  -2622.8748120737205     
          83  -2626.5538447031254     
          84  -2591.4387370327386     
          85  -2565.3849854473879     
          86  -2579.4122813583426     
          87  -2601.4951540602224     
          88  -2629.9990496040323     
          89  -2596.1395290707328     
          90  -2556.4381553699423     
          91  -2642.0632592404945     
          92  -2627.6667297436366     
          93  -2567.5147677807299     
          94  -2578.3449007782679     
          95  -2507.2784988353228     
          96  -2605.2548379198543     
          97  -2556.0928188737794     
          98  -2563.2331462996081     
          99  -2592.4577194995195     
         100  -2568.4972840488304     
         101  -2503.2736909358368     
         102  -2509.0196179882355     
         103  -2520.3994777931398     
         104  -2568.4499920206140     
         105  -2522.7398620788867     
         106  -2573.9994112898221     
         107  -2577.1058333766346     
         108  -2510.8305167940857     
         109  -2568.3498151067861     
         110  -2522.0816431845024     
         111  -2596.1221633823279     
         112  -2543.8185167843826     
         113  -2592.5051309027754     
         114  -2522.7373435794211     
         115  -2505.7486869878862     
         116  -2607.0751101855376     
         117  -2576.4043206211363     
         118  -2579.7701016210717     
         119  -2609.9652996165878     
         120  -2608.1457837389135     
         121  -2553.4033631131197     
         122  -2648.3122866237750     
         123  -2601.6552138216971     
         124  -2556.1175792230611     
         125  -2594.0239688892680     
         126  -2618.1727925596861     
         127  -2579.5584140322180     
         128  -2628.1345793970572     
         129  -2615.0488855499984     
         130  -2588.8957121170642     
         131  -2597.0321606848192     
         132  -2552.0790586506560     
         133  -2549.5457334853600     
         134  -2618.8339156652701     
         135  -2603.0416716121767     
         136  -2639.3843258028819     
         137  -2620.2189850065211     
         138  -2591.3846660549871     
         139  -2575.7853701721601     
         140  -2525.5397799033035     
         141  -2539.9579757208739     
         142  -2598.7251609352716     
         143  -2560.2679846682177     
         144  -2581.9765469972335     
         145  -2544.0671589656522     
         146  -2555.2940997736005     
         147  -2583.1855026075582     
         148  -2599.8907484609872     
         149  -2582.6330804928357     
         150  -2606.0593663612885     
         151  -2562.6327042706671     
         152  -2577.2781508967414     
         153  -2603.4018566952022     
         154  -2651.5147416906507     
         155  -2617.0081572437512     
         156  -2651.8098037767827     
         157  -2628.5813185371940     
         158  -2627.3808172990698     
         159  -2640.6571387919316     
         160  -2615.3908152224794     
         161  -2606.4523667660792     
         162  -2663.6782609118900     
         163  -2672.6298363061346     
         164  -2636.4980207171175     
         165  -2541.3517143789877     
         166  -2570.0203372758328     
         167  -2604.4025336879827     
         168  -2596.7530137613976     
         169  -2580.2936533905176     
         170  -2576.8604969408766     
         171  -2553.1906552762957     
         172  -2581.8663251058715     
         173  -2528.7927917663583     
         174  -2535.5673256516520     
         175  -2496.9338794310424     
         176  -2522.4992183919544     
         177  -2571.8112851395922     
         178  -2559.7096907402456     
         179  -2616.1065965994962     
         180  -2592.0792047790542     
         181  -2603.7230966665925     
         182  -2587.1287216052242     
         183  -2567.9018913788677     
         184  -2564.2904282299532     
         185  -2588.4579441200776     
         186  -2595.2752501566429     
         187  -2569.7485693570693     
         188  -2564.3962462973423     
         189  -2580.9212726729966     
         190  -2559.6652456860952     
         191  -2553.5205342300246     
         192  -2543.8702107142544     
         193  -2467.1762279453437     
         194  -2447.6571029345787     
         195  -2561.5367659855642     
         196  -2531.8378180623426     
         197  -2562.8362598110693     
         198  -2611.8789998234179     
         199  -2629.3708180369917     
         200  -2621.1254216798429     
         201  -2557.3674339368858     
         202  -2522.0602191157291     
         203  -2531.1416287632082     
         204  -2538.5091686518067     
         205  -2522.3179128356032     
         206  -2582.9898630539105     
         207  -2534.8494443157774     
         208  -2563.4104597867777     
         209  -2536.6675699451816     
         210  -2532.0191973747237     
         211  -2527.9759591420525     
         212  -2555.6888928428721     
         213  -2638.8639162915570     
         214  -2588.5790826539396     
         215  -2576.8283083668921     
         216  -2538.9104856815943     
         217  -2550.7239793982621     
         218  -2553.8580710505184     
         219  -2541.0192848195920     
         220  -2586.0937162847777     
         221  -2588.1652179078433     
         222  -2607.4591789373726     
         223  -2617.1607844375799     
         224  -2561.0022426246182     
         225  -2528.5035347229218     
         226  -2498.1190881652537     
         227  -2658.5580158700245     
         228  -2680.6229704668158     
         229  -2684.1013728702701     
         230  -2666.0585249651726     
         231  -2609.4002093160543     
         232  -2601.9238710347140     
         233  -2639.4257978765349     
         234  -2627.2322265078728     
         235  -2595.7202940276484     
         236  -2586.5482843574446     
         237  -2590.6509012914039     
         238  -2551.8063911344125     
         239  -2535.3818419095833     
         240  -2589.3849340056477     
         241  -2617.4830097500189     
         242  -2639.8739141997644     
         243  -2607.2334127326535     
         244  -2618.1144143543411     
         245  -2697.7091334396960     
         246  -2705.5191929425769     
         247  -2699.5549949987230     
         248  -2683.9338737169232     
         249  -2650.2195015270495     
         250  -2571.5069174345190     
         251  -2566.7657433797444     
         252  -2603.8250258394460     
         253  -2617.5337743397627     
         254  -2614.2916432869856     
         255  -2603.1346234694479     
         256  -2591.8716181730492     
         257  -2651.6411817452486     
         258  -2574.9381973572981     
         259  -2540.9467642771415     
         260  -2534.2584802765004     
         261  -2614.6814238207680     
         262  -2573.2864326247845     
         263  -2564.7742230563708     
         264  -2534.7542144779268     
         265  -2550.8956753348225     
         266  -2541.9423233971020     
         267  -2575.5436656104007     
         268  -2586.9138507797143     
         269  -2602.8760311618707     
         270  -2647.7182686785090     
         271  -2661.3710277026084     
         272  -2636.4943528037265     
         273  -2554.6208858026889     
         274  -2605.8078312813927     
         275  -2589.0013509872042     
         276  -2594.5384967939476     
         277  -2571.5793998657405     
         278  -2609.9366207152152     
         279  -2631.6566501443176     
         280  -2612.4397109500187     
         281  -2684.8708617643506     
         282  -2652.7608144039255     
         283  -2654.6929991107227     
         284  -2594.1989050781531     
         285  -2610.1890968684415     
         286  -2599.2788609554727     
         287  -2637.7831683718082     
         288  -2637.3537240897558     
         289  -2654.7137551484029     
         290  -2554.9568276540767     
         291  -2646.3195208877328     
         292  -2684.5958470018923     
         293  -2717.8817651874610     
         294  -2641.1679418729891     
         295  -2665.4312227249884     
         296  -2630.3076000551041     
         297  -2631.0923519360772     
         298  -2647.8123264218848     
         299  -2652.9676589475948     
         300  -2607.9036232383405     
         301  -2621.7741286184014     
         302  -2616.7451148085329     
         303  -2599.1283792784507     
         304  -2565.0188548816436     
         305  -2551.3779436405280     
         306  -2574.4565577234571     
         307  -2563.4703118872822     
         308  -2662.7342310522804     
         309  -2653.6164615406228     
         310  -2593.0780495138588     
         311  -2653.7125726895783     
         312  -2667.0394983010437     
         313  -2652.0404249707040     
         314  -2627.4082039921286     
         315  -2599.6791777542999     
         316  -2627.9428001596375     
         317  -2646.2153523452421     
         318  -2653.8131646317033     
         319  -2624.0471537407238     
         320  -2666.1218361979031     
         321  -2693.5094328740934     
         322  -2639.7988152625853     
         323  -2649.5885088477999     
         324  -2651.8870734292377     
         325  -2661.8058906237925     
         326  -2706.2213237704441     
         327  -2703.7218047080646     
         328  -2619.5355696386023     
         329  -2628.1590238242079     
         330  -2585.9091342995489     
         331  -2641.3985314355746     
         332  -2650.1705685229890     
         333  -2654.2815172225146     
         334  -2661.6312116300342     
         335  -2653.0058599415252     
         336  -2590.3081380948447     
         337  -2698.6340499697358     
         338  -2662.9563484501609     
         339  -2634.5056760742400     
         340  -2594.6914814159568     
         341  -2589.4314241549191     
         342  -2576.3991509402072     
         343  -2579.7951235237429     
         344  -2626.6270902260330     
         345  -2652.0915514239678     
         346  -2586.1287740761400     
         347  -2596.2314308584114     
         348  -2571.4106889601612     
         349  -2591.9570583248315     
         350  -2611.7826638505444     
         351  -2651.3965270214976     
         352  -2673.2217546558973     
         353  -2716.7428083224754     
         354  -2678.2292072222990     
         355  -2691.8250090029401     
         356  -2624.8876667079480     
         357  -2630.0817339353798     
         358  -2668.6806404172439     
         359  -2691.9613449550416     
         360  -2666.5034445646552     
         361  -2662.1881526089910     
         362  -2714.2229972278428     
         363  -2697.9147399637382     
         364  -2696.5059012318579     
         365  -2638.5420141464479     
         366  -2622.5604885004000     
         367  -2649.1360581385593     
         368  -2648.6108628320585     
         369  -2534.5515419923590     
         370  -2550.0308285079327     
         371  -2524.9083376993253     
         372  -2580.6396136773428     
         373  -2609.5551203539112     
         374  -2624.0631164579122     
         375  -2633.0476577924774     
         376  -2623.6555458816738     
         377  -2606.2727389560887     
         378  -2591.1265991523196     
         379  -2646.4799967694807     
         380  -2638.8889527648712     
         381  -2621.9337456538046     
         382  -2610.1206462565979     
         383  -2661.3991205856228     
         384  -2695.0636525731006     
         385  -2707.6874560017668     
         386  -2637.7675035914131     
         387  -2559.5813111922098     
         388  -2596.5517362420524     
         389  -2635.1046157528222     
         390  -2640.5771183563588     
         391  -2633.4893053894466     
         392  -2654.5427277645499     
         393  -2617.3136081263347     
         394  -2495.4576378563729     
         395  -2534.5308870238327     
         396  -2638.4479092643610     
         397  -2628.4591779410130     
         398  -2585.2864513396835     
         399  -2540.5294065429362     
         400  -2556.1082890595067     
         401  -2612.6132815685028     
         402  -2584.1014091107368     
         403  -2535.6606653967010     
         404  -2614.4039563977562     
         405  -2653.5635496352579     
         406  -2654.0794387626775     
         407  -2585.3545772972334     
         408  -2598.2500337449810     
         409  -2610.3080093392900     
         410  -2607.9448009881144     
         411  -2545.0268524689704     
         412  -2591.6392721132565     
         413  -2609.1500527206776     
         414  -2609.9705118632392     
         415  -2584.1208379564423     
         416  -2609.1308039727619     
         417  -2517.8772278580464     
         418  -2545.7199492513560     
         419  -2552.5316888197599     
         420  -2510.7630300741075     
         421  -2482.8740087230003     
         422  -2532.3315329300199     
         423  -2521.6927358098974     
         424  -2603.1366986246749     
         425  -2637.1060270932203     
         426  -2621.5576007537088     
         427  -2628.2617199309425     
         428  -2599.7529929175416     
         429  -2584.0425726656690     
         430  -2589.6280613322638     
         431  -2568.7987691933477     
         432  -2568.8248127829634     
         433  -2560.8851287403181     
         434  -2563.4394875080025     
         435  -2539.3534783246478     
         436  -2542.1091507743340     
         437  -2572.8044358406896     
         438  -2488.6406032833470     
         439  -2491.5999472587032     
         440  -2492.8546156187899     
         441  -2583.0273961943335     
         442  -2605.0605413858339     
         443  -2550.6366941931733     
         444  -2539.6287394283081     
         445  -2589.8269855189428     
         446  -2570.6701809492333     
         447  -2556.1979516214310     
         448  -2567.4141475151828     
         449  -2570.7541066700037     
         450  -2576.0149313867164     
         451  -2612.6925037055094     
         452  -2557.6376976669781     
         453  -2566.3443987759165     
         454  -2600.5310455304198     
         455  -2586.6322281233333     
         456  -2629.4832616875415     
         457  -2570.9505555432584     
         458  -2573.4061997581093     
         459  -2560.4809903526548     
         460  -2563.3165012602317     
         461  -2561.9786131309461     
         462  -2598.0910944417537     
         463  -2591.9657462797809     
         464  -2622.3533803249820     
         465  -2593.1060756623633     
         466  -2576.9314176902203     
         467  -2610.3473993482426     
         468  -2655.2152492590071     
         469  -2643.3800253750846     
         470  -2610.0763178559846     
         471  -2551.3879262943474     
         472  -2638.4692540968758     
         473  -2644.0300068221190     
         474  -2655.2402561202030     
         475  -2724.7050948072588     
         476  -2639.1989622725837     
         477  -2638.7570726753102     
         478  -2582.0861820287619     
         479  -2598.2048700926630     
         480  -2599.2816333858873     
         481  -2552.4348584716445     
         482  -2582.3382531369321     
         483  -2575.3743091327106     
         484  -2664.3556743010527     
         485  -2629.3108622788559     
         486  -2630.0357819408277     
         487  -2650.8715177659155     
         488  -2620.5829551430525     
         489  -2639.5565628100094     
         490  -2612.0443941780723     
         491  -2605.9207715674911     
         492  -2607.8454784395685     
         493  -2566.9343991446954     
         494  -2543.8901354751870     
         495  -2584.3941046231539     
         496  -2532.3186668118860     
         497  -2530.8434808271545     
         498  -2599.6690246661856     
         499  -2605.2777781806053     
         500  -2567.1538728849109     
         501  -2564.2597896808761     
         502  -2542.3580974764927     
         503  -2502.5114233931108     
         504  -2571.2132534582402     
         505  -2614.8460928168879     
         506  -2599.3564282232514     
         507  -2609.8469511956951     
         508  -2620.2796052978470     
         509  -2610.6220476754875     
         510  -2554.4726076074480     
         511  -2642.9128770489692     
         512  -2654.5544412120730     
         513  -2609.0401696769072     
         514  -2566.5986567655341     
         515  -2529.6398057893007     
         516  -2542.9365291053764     
         517  -2586.5463805922464     
         518  -2678.4168816753340     
         519  -2665.5204035138427     
         520  -2640.6388274349733     
         521  -2619.5412351405794     
         522  -2647.3473164072211     
         523  -2547.4548844113538     
         524  -2520.0669082792219     
         525  -2573.6778952880795     
         526  -2602.7780894705666     
         527  -2644.9662438959226     
         528  -2587.9367496060936     
         529  -2628.7527679668192     
         530  -2645.7574459891066     
         531  -2562.0252049290903     
         532  -2613.8539589218549     
         533  -2662.0984834383312     
         534  -2635.3567140745195     
         535  -2671.3175162858852     
         536  -2597.7605803681067     
         537  -2633.6333146795514     
         538  -2625.9990802644229     
         539  -2639.7561120461655     
         540  -2648.0263337527490     
         541  -2610.3604168645411     
         542  -2537.8819935823676     
         543  -2533.5609729950434     
         544  -2484.3846114183220     
         545  -2506.7149422716293     
         546  -2552.4910837700932     
         547  -2638.4680671798142     
         548  -2558.3382467797128     
         549  -2600.0730060636147     
         550  -2666.0427729368321     
         551  -2645.3828848904477     
         552  -2565.1697945372121     
         553  -2588.7025817628023     
         554  -2605.6616694995159     
         555  -2571.7811763288951     
         556  -2591.0421778764817     
         557  -2568.6054253426419     
         558  -2586.9333864494592     
         559  -2550.2574271626095     
         560  -2544.4322669384733     
         561  -2581.8047755135240     
         562  -2586.9347351722545     
         563  -2611.0930062223674     
         564  -2536.0131744368359     
         565  -2476.0614653366106     
         566  -2452.6656044625474     
         567  -2534.6976548598927     
         568  -2563.5513533477692     
         569  -2568.8519324226818     
         570  -2554.4534224625750     
         571  -2541.7710022382958     
         572  -2612.1666124911922     
         573  -2595.6580040938188     
         574  -2561.7100724750694     
         575  -2603.1165334963757     
         576  -2637.7104465061107     
         577  -2617.2849044265090     
         578  -2539.5708140334132     
         579  -2647.5005538714818     
         580  -2603.5325214745058     
         581  -2625.0449930691111     
         582  -2596.1300091693151     
         583  -2585.4550362062737     
         584  -2570.7772090674221     
         585  -2537.4916422694182     
         586  -2556.8004239351399     
         587  -2587.6387587593008     
         588  -2648.6020510079552     
         589  -2655.2785643225106     
         590  -2588.6026156090516     
         591  -2607.5080301476200     
         592  -2582.3525241752081     
         593  -2610.6605094962301     
         594  -2522.8234557987571     
         595  -2554.7516824396080     
         596  -2594.7470154717871     
         597  -2565.4193744896156     
         598  -2596.6171370636880     
         599  -2555.1740367709167     
         600  -2574.8924758068406     
         601  -2558.8085477212940     
         602  -2588.6246308026521     
         603  -2555.6151878310143     
         604  -2585.2920019277444     
         605  -2565.9329711645673     
         606  -2574.8369331215636     
         607  -2618.1256913746574     
         608  -2652.7338235363009     
         609  -2613.7811748439976     
         610  -2616.5848754560629     
         611  -2572.8090393218263     
         612  -2573.2857660789437     
         613  -2554.3870920953682     
         614  -2559.4176266121626     
         615  -2600.4843012531510     
         616  -2607.7671624697009     
         617  -2684.9158818960632     
         618  -2695.1954455719829     
         619  -2656.4636663531874     
         620  -2562.2579062392892     
         621  -2560.2424804668622     
         622  -2564.5321653434207     
         623  -2644.4555282251358     
         624  -2595.0739717950742     
         625  -2589.8345771118493     
         626  -2543.3390633332542     
         627  -2515.4343319109648     
         628  -2596.7824756028149     
         629  -2573.3462879136332     
         630  -2587.7659349667351     
         631  -2616.8813506997999     
         632  -2641.9144347359406     
         633  -2628.7021240870813     
         634  -2532.8933181636971     
         635  -2554.8709765869162     
         636  -2563.3259459403012     
         637  -2554.1550904889100     
         638  -2557.7517267993467     
         639  -2592.9561361700776     
         640  -2576.6697225509115     
         641  -2594.6616010819948     
         642  -2611.2633538692749     
         643  -2598.2332612348705     
         644  -2604.9108521695293     
         645  -2633.2750979874868     
         646  -2617.6567641131319     
         647  -2608.0905232659452     
         648  -2618.2697394863917     
         649  -2569.3511857717526     
         650  -2583.8047331353469     
         651  -2544.3491770958835     
         652  -2555.3046086161416     
         653  -2491.4358449656092     
         654  -2501.4522871142158     
         655  -2514.4624561710375     
         656  -2552.0692552360538     
         657  -2613.9530069040034     
         658  -2546.8047610572103     
         659  -2524.0090044026124     
         660  -2511.0170660319313     
         661  -2539.9355706110341     
         662  -2490.4240460833735     
         663  -2615.2396285295144     
         664  -2604.2046009957885     
         665  -2589.3167023403626     
         666  -2582.4931915747297     
         667  -2583.5228480072860     
         668  -2588.4443785813837     
         669  -2584.5399230785711     
         670  -2561.8415580184137     
         671  -2537.1856503670247     
         672  -2547.8934690397637     
         673  -2526.1599116025486     
         674  -2534.4833693370315     
         675  -2580.7126378308858     
         676  -2573.7027439742460     
         677  -2569.6775956324504     
         678  -2593.8618318242443     
         679  -2530.2182708659184     
         680  -2571.5354941434193     
         681  -2575.0281502148700     
         682  -2574.8764873892510     
         683  -2574.0734980762027     
         684  -2574.0396170303043     
         685  -2604.7892729680057     
         686  -2640.4588044275442     
         687  -2620.6388703301172     
         688  -2579.5557457389255     
         689  -2614.3890952963256     
         690  -2618.2669603215004     
         691  -2593.2909823108316     
         692  -2567.7641879964413     
         693  -2591.6153348963057     
         694  -2571.6440214276226     
         695  -2523.8655519758586     
         696  -2619.1679731028230     
         697  -2566.1868972619072     
         698  -2556.0564901335083     
         699  -2582.4913309962471     
         700  -2615.7974700656750     
         701  -2605.4057346072864     
         702  -2618.3807720697423     
         703  -2604.8504709171339     
         704  -2615.3884429358905     
         705  -2648.9386957962797     
         706  -2587.3286910464794     
         707  -2640.7803976261825     
         708  -2626.4244073798927     
         709  -2666.3359792331748     
         710  -2547.6462504967139     
         711  -2539.4775595610217     
         712  -2581.8674792468209     
         713  -2613.0438049870436     
         714  -2676.5347076308058     
         715  -2648.3910539945414     
         716  -2625.2005128900914     
         717  -2569.8371177980753     
         718  -2564.7674780324214     
         719  -2593.8237976722558     
         720  -2615.5378230915285     
         721  -2588.3979814802324     
         722  -2591.9674505981984     
         723  -2498.6398027258501     
         724  -2512.0542506909592     
         725  -2546.3617735687671     
         726  -2549.9684683071569     
         727  -2541.2131800078955     
         728  -2564.1197514433675     
         729  -2555.6298284520640     
         730  -2594.7177128456728     
         731  -2588.0766872778599     
         732  -2613.9973972333378     
         733  -2633.0373560745984     
         734  -2671.1855370950270     
         735  -2698.2572488438559     
         736  -2658.5347699265053     
         737  -2658.5973737702525     
         738  -2605.5278395531109     
         739  -2625.8228810801925     
         740  -2637.9811750988838     
         741  -2613.5656791876722     
         742  -2583.7442645216665     
         743  -2610.6226518585322     
         744  -2644.5963570626827     
         745  -2612.8526402046887     
         746  -2693.4862282224708     
         747  -2708.3872296469458     
         748  -2740.5079941338240     
         749  -2708.5651434989177     
         750  -2665.0202748821534     
         751  -2683.3217698013023     
         752  -2621.3780421797146     
         753  -2636.1490978463166     
         754  -2680.2282436604451     
         755  -2671.6664213017643     
         756  -2622.2612625209372     
         757  -2674.1316825167100     
         758  -2701.4203440287929     
         759  -2618.9605389215317     
         760  -2575.7304732351668     
         761  -2592.1383879556001     
         762  -2586.8850564332247     
         763  -2610.1708467442741     
         764  -2604.0598438688953     
         765  -2625.4983060393797     
         766  -2596.5355279758064     
         767  -2613.7853092347568     
         768  -2601.0928688961267     
         769  -2564.4703851946060     
         770  -2682.5322183004505     
         771  -2665.0525225491165     
         772  -2621.1932776173071     
         773  -2709.5788747658244     
         774  -2600.8534510382792     
         775  -2644.4453470553335     
         776  -2644.4968591364182     
         777  -2625.3091503381720     
         778  -2607.0931954154894     
         779  -2557.6443029309908     
         780  -2579.6952349310955     
         781  -2560.8813337206188     
         782  -2627.0484016804662     
         783  -2572.2113459711609     
         784  -2566.0526310780842     
         785  -2610.3299389357289     
         786  -2581.3080380284168     
         787  -2599.4155968480777     
         788  -2571.5859637478638     
         789  -2550.8022161146100     
         790  -2576.1200931546500     
         791  -2636.6231446520223     
         792  -2653.1567444648281     
         793  -2629.5406515219042     
         794  -2584.4547764552558     
         795  -2593.8076273319616     
         796  -2633.4307127489487     
         797  -2646.4433765477706     
         798  -2640.0124416390481     
         799  -2589.9809956854183     
         800  -2523.5061828808844     
         801  -2590.6510033201953     
         802  -2616.2091595500951     
         803  -2664.7694310438687     
         804  -2674.1427824581174     
         805  -2625.2866636782742     
         806  -2558.5413566236407     
         807  -2634.7248416634034     
         808  -2590.1540013836693     
         809  -2606.7940155649521     
         810  -2644.2384395835752     
         811  -2666.2452315240953     
         812  -2675.4893938287378     
         813  -2638.2427974118987     
         814  -2653.0422471247598     
         815  -2682.2958007470829     
         816  -2667.3202347794213     
         817  -2675.5135778400668     
         818  -2648.7824752323922     
         819  -2632.7137441342798     
         820  -2607.3058917431867     
         821  -2616.5225704031282     
         822  -2625.4608461723292     
         823  -2698.5606234945158     
         824  -2648.1409966480492     
         825  -2689.1369560349681     
         826  -2672.3215928570785     
         827  -2644.7272095969565     
         828  -2653.5101025245558     
         829  -2659.8112132679494     
         830  -2602.7063928288303     
         831  -2663.6109341143524     
         832  -2646.1441377233423     
         833  -2683.4584617706673     
         834  -2629.9254213535751     
         835  -2592.3803244623555     
         836  -2598.2128122465447     
         837  -2696.3508264120646     
         838  -2717.4989015724846     
         839  -2618.0028764252374     
         840  -2624.5190806568044     
         841  -2632.0129116468752     
         842  -2604.6279830658859     
         843  -2597.1512617499980     
         844  -2586.4603657724642     
         845  -2617.0987579621819     
         846  -2560.1565969041012     
         847  -2588.7491071161330     
         848  -2556.3316411197497     
         849  -2591.8275303513924     
         850  -2621.4422652680937     
         851  -2539.2750559364231     
         852  -2555.5397690734667     
         853  -2598.0929872910178     
         854  -2536.4550606716266     
         855  -2576.7524292585299     
         856  -2599.9316372323574     
         857  -2541.7292781731558     
         858  -2540.6103483821730     
         859  -2541.8219086000104     
         860  -2516.6244467574488     
         861  -2598.7737957820045     
         862  -2572.6917202548784     
         863  -2592.6466369165159     
         864  -2618.1440466671042     
         865  -2633.1453277458863     
         866  -2578.2512438220433     
         867  -2630.0780222767517     
         868  -2637.0341139187267     
         869  -2664.9143515909118     
         870  -2666.0353662147531     
         871  -2556.7135640836796     
         872  -2667.0949263917410     
         873  -2596.1860720557115     
         874  -2609.6168605858779     
         875  -2536.5101837070133     
         876  -2515.3999016012267     
         877  -2536.0512040530762     
         878  -2648.6913051757633     
         879  -2658.8047780899019     
         880  -2687.0888430798500     
         881  -2689.1319647862388     
         882  -2652.0324163435025     
         883  -2529.2203773905103     
         884  -2572.1814823863906     
         885  -2611.9883120858299     
         886  -2659.6577097768973     
         887  -2586.2603126708409     
         888  -2630.9354291476093     
         889  -2546.4015454456808     
         890  -2543.5630331532675     
         891  -2544.9648270539146     
         892  -2587.5810240526885     
         893  -2599.9036853793418     
         894  -2610.9576659851032     
         895  -2641.5481505896423     
         896  -2605.8584599845731     
         897  -2591.5781269184904     
         898  -2509.7174268048689     
         899  -2598.9665734058153     
         900  -2631.1599753240321     
         901  -2588.9565284996156     
         902  -2642.8662519713694     
         903  -2665.5003664728470     
         904  -2627.3876161845469     
         905  -2595.6717906208855     
         906  -2618.5828534839238     
         907  -2590.0488490688836     
         908  -2555.9487121600514     
         909  -2654.4535826346814     
         910  -2655.6323356375437     
         911  -2660.3137172549436     
         912  -2548.2400848840293     
         913  -2551.5651997615041     
         914  -2594.6877813178216     
         915  -2699.7412620762493     
         916  -2631.8898049290501     
         917  -2643.4688576417575     
         918  -2599.2074687631111     
         919  -2621.3892669807133     
         920  -2650.2390702910252     
         921  -2627.1959467997708     
         922  -2575.6858324962559     
         923  -2559.8774248920181     
         924  -2631.9663246276377     
         925  -2587.6223812783596     
         926  -2543.0108769687686     
         927  -2558.8558253969491     
         928  -2567.3139672890534     
         929  -2596.1436091204646     
         930  -2592.9680875192689     
         931  -2603.2434650686673     
         932  -2579.8305181474393     
         933  -2655.9300644967366     
         934  -2614.4123826343366     
         935  -2552.3513415879202     
         936  -2623.9502577020153     
         937  -2597.6598794039519     
         938  -2555.6591770116574     
         939  -2532.8235284732527     
         940  -2615.6607369125286     
         941  -2536.7906355552473     
         942  -2572.9233867950243     
         943  -2629.4681069487374     
         944  -2668.3424535295053     
         945  -2604.6832005281481     
         946  -2610.3291849950738     
         947  -2599.9143122149053     
         948  -2569.5934472273625     
         949  -2596.2918265717162     
         950  -2577.1975451109843     
         951  -2613.0278192300561     
         952  -2612.0752519994844     
         953  -2606.5000617001992     
         954  -2641.2264783166324     
         955  -2592.9836651290125     
         956  -2624.6423710537952     
         957  -2558.0042095693907     
         958  -2543.1548311652009     
         959  -2596.0306003377759     
         960  -2634.6923933456369     
         961  -2573.8916329114604     
         962  -2564.4793745155066     
         963  -2618.8983845299986     
         964  -2599.4315517509044     
         965  -2570.8907791885076     
         966  -2578.6578871323691     
         967  -2614.2484001527996     
         968  -2603.4729108573533     
         969  -2646.6549132402165     
         970  -2641.2896573215889     
         971  -2692.6107492473120     
         972  -2676.7431687261519     
         973  -2673.4511192921273     
         974  -2612.0717461039958     
         975  -2625.5399621080210     
         976  -2658.6969252351323     
         977  -2681.3121296922409     
         978  -2563.4709877286978     
         979  -2578.4921163726094     
         980  -2597.3011306376743     
         981  -2604.7921805895780     
         982  -2617.6756587456139     
         983  -2639.1445233474037     
         984  -2640.1884019514273     
         985  -2596.1994003666427     
         986  -2589.2059798033024     
         987  -2600.1234383941664     
         988  -2566.7370518918724     
         989  -2554.5063007385011     
         990  -2550.8754496758779     
         991  -2529.8537801626071     
         992  -2589.3940368084632     
         993  -2623.0057256648529     
         994  -2621.6669122540102     
         995  -2521.6990688232818     
         996  -2598.0229503817191     
         997  -2579.7246078434955     
         998  -2602.3035036173669     
         999  -2462.7304961676532     
        1000  -2555.2200370821051     
        1001  -2591.3170982413512     
        1002  -2594.9694683514049     
        1003  -2574.3975127600979     
        1004  -2583.8992529160723     
        1005  -2541.8258628010667     
        1006  -2582.4073553761050     
        1007  -2577.1363988778535     
        1008  -2600.9910427818154     
        1009  -2598.5707522692546     
        1010  -2593.7236310251487     
        1011  -2602.4535696294911     
        1012  -2583.1912007201545     
        1013  -2628.8798358145791     
        1014  -2571.5875858941590     
        1015  -2538.0039746942757     
        1016  -2551.1366725134708     
        1017  -2637.2531025561279     
        1018  -2538.5991456947377     
        1019  -2476.7735604081022     
        1020  -2468.2713764603068     
        1021  -2508.1067909305684     
        1022  -2619.4327853815939     
        1023  -2542.8732267288779     
        1024  -2516.9605141505162     
        1025  -2538.4590846205811     
        1026  -2551.8699479233737     
        1027  -2582.8968962696254     
        1028  -2585.2533518299870     
        1029  -2531.3855101864483     
        1030  -2522.8271488804985     
        1031  -2592.6514209955776     
        1032  -2605.9947536354493     
        1033  -2513.9352063937408     
        1034  -2544.4571219002632     
        1035  -2582.0460378751227     
        1036  -2613.8221009904228     
        1037  -2600.4735786984802     
        1038  -2627.1901698517759     
        1039  -2674.4355649811637     
        1040  -2631.5711622368699     
        1041  -2584.3194083168210     
        1042  -2559.4916315569203     
        1043  -2550.1193557626439     
        1044  -2525.4214431944638     
        1045  -2581.1047413701340     
        1046  -2613.1271365744906     
        1047  -2591.0675119969937     
        1048  -2544.6652886208717     
        1049  -2558.7466023853167     
        1050  -2543.7217143579446     
        1051  -2580.7798143543132     
        1052  -2604.6306807924993     
        1053  -2545.8372789968143     
        1054  -2496.9870347316710     
        1055  -2490.0441961282986     
        1056  -2526.1490211653468     
        1057  -2501.1300614650545     
        1058  -2517.1008470313632     
        1059  -2554.2185399534542     
        1060  -2570.6482331386787     
        1061  -2663.3013839617161     
        1062  -2619.8276745121902     
        1063  -2632.9063581621408     
        1064  -2611.3586073211359     
        1065  -2613.1029096983511     
        1066  -2615.0312631059523     
        1067  -2546.6438941536612     
        1068  -2534.3633707503459     
        1069  -2532.3775445207029     
        1070  -2619.5229143181223     
        1071  -2553.0178913138770     
        1072  -2591.4049524329012     
        1073  -2636.9227139811182     
        1074  -2611.9799492780639     
        1075  -2603.9426016086395     
        1076  -2549.3943756492145     
        1077  -2593.4859329360143     
        1078  -2568.4830676467391     
        1079  -2556.1064669835300     
        1080  -2543.0784236760737     
        1081  -2537.1551389710758     
        1082  -2599.6064221228767     
        1083  -2546.4720917875634     
        1084  -2540.0538911647695     
        1085  -2580.9523805018575     
        1086  -2594.2487323089631     
        1087  -2545.7275041856342     
        1088  -2517.7502193836431     
        1089  -2465.5920307997249     
        1090  -2461.0852347357732     
        1091  -2502.8546267948955     
        1092  -2498.8285814241958     
        1093  -2527.7480837405142     
        1094  -2576.8070743546705     
        1095  -2562.4612010221927     
        1096  -2630.9378076940420     
        1097  -2596.5581482487346     
        1098  -2513.7107675548355     
        1099  -2589.5202448118853     
        1100  -2585.5326604425945     
        1101  -2553.5314867337602     
        1102  -2501.2528867687079     
        1103  -2560.8645139313794     
        1104  -2584.0010642791094     
        1105  -2662.4807582306098     
        1106  -2546.8367824354582     
        1107  -2611.2978866054877     
        1108  -2584.8585273916347     
        1109  -2602.2092733748532     
        1110  -2598.8987580660860     
        1111  -2600.3479846735918     
        1112  -2591.9033640953835     
        1113  -2552.1036721661339     
        1114  -2562.5138325761823     
        1115  -2562.4859772876794     
        1116  -2561.0852624337590     
        1117  -2632.3860568188338     
        1118  -2606.2327019735808     
        1119  -2544.2516499078965     
        1120  -2546.3186298551714     
        1121  -2550.7013388458668     
        1122  -2595.9268782012991     
        1123  -2552.8891316123436     
        1124  -2578.3868967631688     
        1125  -2596.1969194185149     
        1126  -2586.5206494446188     
        1127  -2605.1977003706047     
        1128  -2640.1835166654291     
        1129  -2581.7682880267757     
        1130  -2556.9224165560413     
        1131  -2578.9183256882752     
        1132  -2550.8110899910926     
        1133  -2547.7429749317762     
        1134  -2553.5627452115741     
        1135  -2602.2028164859466     
        1136  -2602.0366321435122     
        1137  -2631.2521193813623     
        1138  -2636.3734818522325     
        1139  -2571.2757611841294     
        1140  -2542.4862240068105     
        1141  -2534.1575717997189     
        1142  -2588.4321971615700     
        1143  -2532.2836362554399     
        1144  -2550.5207122511647     
        1145  -2549.5306566539648     
        1146  -2554.3758915908929     
        1147  -2574.1483082061281     
        1148  -2558.8481878141320     
        1149  -2548.6366497613999     
        1150  -2539.6118202048265     
        1151  -2627.1855836984396     
        1152  -2550.4261574560169     
        1153  -2562.6822199875578     
        1154  -2542.6351290807347     
        1155  -2532.2534213015351     
        1156  -2541.7158567077495     
        1157  -2547.0747687936746     
        1158  -2479.3973912709284     
        1159  -2516.8139630626065     
        1160  -2587.6318494186548     
        1161  -2585.1856651963321     
        1162  -2476.4394079500426     
        1163  -2484.4622184432910     
        1164  -2561.0436777530572     
        1165  -2496.3350292603536     
        1166  -2548.2071823547844     
        1167  -2593.8346596558758     
        1168  -2621.4192340765612     
        1169  -2547.5354188417678     
        1170  -2576.3951048210270     
        1171  -2591.0867657164113     
        1172  -2584.9496839208564     
        1173  -2588.9038127803155     
        1174  -2567.4377089102059     
        1175  -2543.7716741544482     
        1176  -2601.4537706136371     
        1177  -2647.1124730782872     
        1178  -2548.3229083636234     
        1179  -2599.2170179534619     
        1180  -2532.5683330473776     
        1181  -2629.8941980487962     
        1182  -2630.9371692028485     
        1183  -2580.6897368569776     
        1184  -2522.6565527929533     
        1185  -2531.9069281188708     
        1186  -2614.8486544057532     
        1187  -2633.5205577400552     
        1188  -2613.7552272624162     
        1189  -2626.6689058131078     
        1190  -2618.8771571229595     
        1191  -2583.6817293205454     
        1192  -2596.1583183260277     
        1193  -2603.1404253574960     
        1194  -2577.9221437444862     
        1195  -2609.5052064559645     
        1196  -2603.9475440867513     
        1197  -2521.3658189809316     
        1198  -2607.7186388414461     
        1199  -2584.8978106442601     
        1200  -2602.0531639214310     
        1201  -2594.0915937518953     
        1202  -2506.5029439440623     
        1203  -2448.3618213313903     
        1204  -2463.0253248956515     
        1205  -2460.2009717340861     
        1206  -2640.5073549712961     
        1207  -2537.0740926513877     
        1208  -2540.1514557525397     
        1209  -2554.5666745435014     
        1210  -2587.0272119703718     
        1211  -2631.8639368360678     
        1212  -2616.7113767652859     
        1213  -2590.5353289550517     
        1214  -2540.3088770141003     
        1215  -2527.5691181578322     
        1216  -2535.7821958509903     
        1217  -2603.4097361723243     
        1218  -2595.3483130970722     
        1219  -2566.4200853156735     
        1220  -2550.8225297064851     
        1221  -2614.3769843799378     
        1222  -2555.4867426056412     
        1223  -2594.2640346035751     
        1224  -2629.7754517090789     
        1225  -2607.8794203649099     
        1226  -2526.2367605488130     
        1227  -2509.1138386936450     
        1228  -2582.1703143638706     
        1229  -2621.7105358824970     
        1230  -2571.8069177675593     
        1231  -2659.1916976636662     
        1232  -2579.7451111776063     
        1233  -2560.3389890119515     
        1234  -2575.8008592040014     
        1235  -2581.8720619292312     
        1236  -2583.5606318533191     
        1237  -2618.2983572492335     
        1238  -2590.6565813000011     
        1239  -2558.8675440746133     
        1240  -2553.8062154944087     
        1241  -2558.1052665069778     
        1242  -2503.8562654055804     
        1243  -2598.2956509428291     
        1244  -2607.1864129157743     
        1245  -2594.8362512573008     
        1246  -2605.2174846922021     
        1247  -2617.1875170245539     
        1248  -2625.0515790004069     
        1249  -2606.5046822246609     
        1250  -2585.5459097703397     
        1251  -2561.4060059563490     
        1252  -2564.7123445686138     
        1253  -2569.0805570696939     
        1254  -2605.4054151769992     
        1255  -2549.0870762499908     
        1256  -2633.9616722188916     
        1257  -2631.3526359923571     
        1258  -2557.9984686573275     
        1259  -2649.1771593769363     
        1260  -2658.2923012698902     
        1261  -2601.5905659925643     
        1262  -2611.2462452451337     
        1263  -2554.0706290458124     
        1264  -2548.3875926525266     
        1265  -2604.9477912874504     
        1266  -2590.2208609186227     
        1267  -2611.2530259755808     
        1268  -2549.3518677780680     
        1269  -2547.6573981066913     
        1270  -2512.3387911457785     
        1271  -2557.2518193751494     
        1272  -2581.5974388297736     
        1273  -2565.6469039725821     
        1274  -2571.9567878884300     
        1275  -2617.9396172379902     
        1276  -2569.3405492764091     
        1277  -2584.8229907692876     
        1278  -2652.2926509708950     
        1279  -2645.0364714025741     
        1280  -2567.5666383676871     
        1281  -2576.6679606346152     
        1282  -2554.7995487878111     
        1283  -2555.0153587768446     
        1284  -2644.8702672367517     
        1285  -2612.2026864952813     
        1286  -2586.8318631562179     
        1287  -2598.0714820249073     
        1288  -2593.3570615769054     
        1289  -2567.9914972094389     
        1290  -2591.4146546989396     
        1291  -2564.3858675519359     
        1292  -2608.5814940201558     
        1293  -2641.8590123546410     
        1294  -2567.4347738686015     
        1295  -2614.1830876124859     
        1296  -2629.6649057146296     
        1297  -2609.8015269076604     
        1298  -2665.7740300486312     
        1299  -2575.9140856857184     
        1300  -2603.0047934730469     
        1301  -2617.6551176689836     
        1302  -2600.9685622509278     
        1303  -2661.0089301773951     
        1304  -2606.2880021329115     
        1305  -2588.9581437882680     
        1306  -2608.5763743540306     
        1307  -2606.8121444296362     
        1308  -2648.4407861111422     
        1309  -2620.6934222583791     
        1310  -2595.2118090462563     
        1311  -2621.3327220434812     
        1312  -2654.3652985954827     
        1313  -2623.5184939877236     
        1314  -2605.4874684113151     
        1315  -2579.6310616142810     
        1316  -2593.9552249960448     
        1317  -2615.0327716701936     
        1318  -2626.8107876414219     
        1319  -2648.1073309235294     
        1320  -2644.9834817338628     
        1321  -2627.8478781519193     
        1322  -2612.5660848649754     
        1323  -2573.1745728596006     
        1324  -2561.1323049376574     
        1325  -2610.1018643862080     
        1326  -2581.6234627440649     
        1327  -2630.9165185368324     
        1328  -2573.6619722319069     
        1329  -2624.7093926757539     
        1330  -2646.7844703607425     
        1331  -2573.3269779683437     
        1332  -2574.2702056138578     
        1333  -2620.7236355316295     
        1334  -2626.6347031859882     
        1335  -2599.1687595608419     
        1336  -2592.0748165839805     
        1337  -2598.0362059524073     
        1338  -2550.8300802135109     
        1339  -2596.9206985683086     
        1340  -2604.1053393861330     
        1341  -2515.5191034460445     
        1342  -2507.3087790424520     
        1343  -2547.7443653789032     
        1344  -2618.8390278720030     
        1345  -2617.3473140481851     
        1346  -2610.3605327614405     
        1347  -2570.9463895944700     
        1348  -2633.6686228229319     
        1349  -2633.0471812735123     
        1350  -2691.3523362161186     
        1351  -2618.7869474874501     
        1352  -2534.2358613031456     
        1353  -2556.2229569512338     
        1354  -2539.7865706861026     
        1355  -2597.9556762740199     
        1356  -2559.6552827804526     
        1357  -2573.4775024803071     
        1358  -2589.1659660343171     
        1359  -2680.0011745360125     
        1360  -2638.4805595102243     
        1361  -2642.8477774699286     
        1362  -2609.7584879714200     
        1363  -2639.2250648272079     
        1364  -2615.2026863503293     
        1365  -2620.5065725670843     
        1366  -2621.4258010723420     
        1367  -2681.7669829989686     
        1368  -2586.7469441489252     
        1369  -2641.1825911638380     
        1370  -2636.9283597086305     
        1371  -2635.0540360581676     
        1372  -2635.4467580788237     
        1373  -2618.5834509119168     
        1374  -2556.9307038376719     
        1375  -2543.5324355580583     
        1376  -2504.7039222599833     
        1377  -2592.5324482589472     
        1378  -2625.8975334617317     
        1379  -2644.3022823143419     
        1380  -2534.3891947322059     
        1381  -2526.7562508308911     
        1382  -2578.8177389143220     
        1383  -2562.9343123122367     
        1384  -2650.5113759552955     
        1385  -2661.1753529216517     
        1386  -2642.2222653096846     
        1387  -2617.4778441926514     
        1388  -2608.1975356839771     
        1389  -2637.0969772790750     
        1390  -2591.6213051157793     
        1391  -2545.7250034246895     
        1392  -2554.2183452528802     
        1393  -2599.5209648693753     
        1394  -2619.1557404206601     
        1395  -2633.4628197519232     
        1396  -2544.6899353247786     
        1397  -2523.7674718966005     
        1398  -2575.9493701482843     
        1399  -2543.3339826635420     
        1400  -2569.1543635744902     
        1401  -2618.6964700169065     
        1402  -2578.7520586717319     
        1403  -2634.8665870840814     
        1404  -2594.1334232439790     
        1405  -2568.7796048417563     
        1406  -2574.7110221225798     
        1407  -2621.4798606888871     
        1408  -2540.5694637790411     
        1409  -2599.1818661677089     
        1410  -2600.2141652021719     
        1411  -2549.7381110424935     
        1412  -2551.5171292536625     
        1413  -2551.4160867960200     
        1414  -2550.4110902148514     
        1415  -2562.7729535936232     
        1416  -2615.9520568791518     
        1417  -2614.1522243048939     
        1418  -2628.1609010956367     
        1419  -2586.2534953409354     
        1420  -2596.9195509326169     
        1421  -2630.9470996073410     
        1422  -2630.8252850301187     
        1423  -2579.0026339907863     
        1424  -2575.7223889163902     
        1425  -2629.2515951624760     
        1426  -2641.0060091994592     
        1427  -2658.4045882585065     
        1428  -2614.2127601514271     
        1429  -2568.8969043039456     
        1430  -2563.3564342182135     
        1431  -2646.1456013338729     
        1432  -2612.1557284955898     
        1433  -2560.5581725166799     
        1434  -2561.1289326006986     
        1435  -2556.3604538424834     
        1436  -2579.6868681561336     
        1437  -2586.1179737876087     
        1438  -2543.7753237251004     
        1439  -2593.9821043577563     
        1440  -2592.8709877255224     
        1441  -2609.1393451376598     
        1442  -2634.2829469113003     
        1443  -2585.3493783209069     
        1444  -2611.3586639055311     
        1445  -2585.5791762012095     
        1446  -2585.2072447377718     
        1447  -2585.4189617582456     
        1448  -2568.9752834063552     
        1449  -2619.4803953865353     
        1450  -2596.0275386385929     
        1451  -2583.9196281262934     
        1452  -2588.0906440911749     
        1453  -2655.0285254786545     
        1454  -2614.4806808211124     
        1455  -2626.6246119597940     
        1456  -2683.8531960119890     
        1457  -2606.9140629264466     
        1458  -2583.8029942296494     
        1459  -2625.8277181877820     
        1460  -2590.7543943165310     
        1461  -2611.0230299688642     
        1462  -2659.2300448675701     
        1463  -2553.2276795811076     
        1464  -2568.9351621704295     
        1465  -2706.8011006777265     
        1466  -2624.8303571679103     
        1467  -2612.2740116027476     
        1468  -2632.7011979644262     
        1469  -2597.0356311088672     
        1470  -2601.1457872218430     
        1471  -2597.3364723101799     
        1472  -2641.1974551616863     
        1473  -2649.9357851735990     
        1474  -2637.8044449873278     
        1475  -2632.2086056132134     
        1476  -2621.0293439953793     
        1477  -2618.8076370193312     
        1478  -2610.9466198924219     
        1479  -2617.5875047118611     
        1480  -2588.0946219000252     
        1481  -2645.5234743463043     
        1482  -2606.4271064795944     
        1483  -2659.4044593951849     
        1484  -2687.3161974870609     
        1485  -2667.4124251086164     
        1486  -2617.5293396019924     
        1487  -2548.0983555837788     
        1488  -2616.6974811469936     
        1489  -2626.1804223798654     
        1490  -2608.9325682959643     
        1491  -2601.3930212968080     
        1492  -2673.1705987841683     
        1493  -2663.6438366639477     
        1494  -2637.0490460012825     
        1495  -2620.6807811777603     
        1496  -2680.2526209988459     
        1497  -2611.0773079222154     
        1498  -2535.4524742033609     
        1499  -2633.7375406194183     
        1500  -2618.8187018545827     
        1501  -2573.4898735896891     
        1502  -2631.1367854898367     
        1503  -2638.0294471137167     
        1504  -2608.3721936977890     
        1505  -2645.4231543232136     
        1506  -2624.0750726142724     
        1507  -2625.7677828383903     
        1508  -2599.6023380120109     
        1509  -2602.1272169707304     
        1510  -2573.9537168963225     
        1511  -2586.7306807448163     
        1512  -2619.7542783007025     
        1513  -2546.0631838430718     
        1514  -2602.2205026096394     
        1515  -2615.6418684384084     
        1516  -2601.1380948051092     
        1517  -2565.7469560089294     
        1518  -2648.7990337456986     
        1519  -2637.1307009753723     
        1520  -2631.2220086011289     
        1521  -2618.6196315028774     
        1522  -2669.4685946489612     
        1523  -2662.8248128753094     
        1524  -2639.7562836657808     
        1525  -2634.4828029289729     
        1526  -2666.2930085889952     
        1527  -2657.1401297642856     
        1528  -2640.7454933199997     
        1529  -2670.0466418773949     
        1530  -2570.2174045867009     
        1531  -2601.9204073376832     
        1532  -2695.1892653305895     
        1533  -2655.0297102733989     
        1534  -2662.3055930791097     
        1535  -2567.6645101738113     
        1536  -2566.1021903779101     
        1537  -2546.4490653667744     
        1538  -2642.2663878039707     
        1539  -2626.4651204105971     
        1540  -2611.8255599849945     
        1541  -2610.0034399620663     
        1542  -2609.3422090732975     
        1543  -2607.7163166733735     
        1544  -2557.8451805332520     
        1545  -2580.4266023011937     
        1546  -2613.4396425079817     
        1547  -2619.8282182105099     
        1548  -2611.1319168897066     
        1549  -2559.6225594972116     
        1550  -2580.6123238108062     
        1551  -2633.5220693004253     
        1552  -2625.0455974762435     
        1553  -2530.5200636040331     
        1554  -2559.6129262299382     
        1555  -2574.0654969895236     
        1556  -2530.2765452798935     
        1557  -2571.5058752179834     
        1558  -2563.2975157979208     
        1559  -2535.9519058682395     
        1560  -2540.9864251103800     
        1561  -2593.0285089621202     
        1562  -2565.5833797737300     
        1563  -2541.9626425821662     
        1564  -2508.8366612724330     
        1565  -2516.2686744985031     
        1566  -2561.1131352402426     
        1567  -2619.9070182430055     
        1568  -2548.2663741413021     
        1569  -2597.3560132669727     
        1570  -2577.8522784366683     
        1571  -2631.6801504610175     
        1572  -2571.5970946455841     
        1573  -2585.1682900013134     
        1574  -2560.7968375875143     
        1575  -2601.1075679917135     
        1576  -2566.6727508175513     
        1577  -2558.1969690462192     
        1578  -2615.1344896001829     
        1579  -2584.6235454830953     
        1580  -2522.2740102956504     
        1581  -2556.4739976324377     
        1582  -2574.7759938101772     
        1583  -2613.7658728253200     
        1584  -2630.3787452501533     
        1585  -2588.9921213742418     
        1586  -2616.8485190796396     
        1587  -2640.8395587794466     
        1588  -2546.2710956329724     
        1589  -2619.2570167001177     
        1590  -2591.8973053307068     
        1591  -2581.2960659331366     
        1592  -2601.6020124699826     
        1593  -2593.5793263087476     
        1594  -2630.6407519874488     
        1595  -2575.7562791594783     
        1596  -2632.5361441508412     
        1597  -2636.5073057921777     
        1598  -2633.2243536141268     
        1599  -2620.0171393432092     
        1600  -2603.3908173022855     
        1601  -2669.3388321453981     
        1602  -2666.6984590256816     
        1603  -2642.5356927731968     
        1604  -2629.9072904489608     
        1605  -2674.4445331249249     
        1606  -2581.3134468200446     
        1607  -2565.2022369431143     
        1608  -2623.1865283978082     
        1609  -2610.3808309942824     
        1610  -2580.7583931633976     
        1611  -2581.1592859756392     
        1612  -2568.8656839188034     
        1613  -2573.3261101937255     
        1614  -2589.1311362617371     
        1615  -2581.5422404158585     
        1616  -2594.6899523966767     
        1617  -2650.6501237326879     
        1618  -2600.8170562477621     
        1619  -2654.9074931466562     
        1620  -2650.0109758528529     
        1621  -2703.8170318236685     
        1622  -2628.0765410310846     
        1623  -2588.5281795433852     
        1624  -2654.2085156649418     
        1625  -2660.0019171533645     
        1626  -2634.2790930780966     
        1627  -2545.0428610181343     
        1628  -2558.7839201876859     
        1629  -2569.7164159416930     
        1630  -2556.4067937702243     
        1631  -2601.1339619181408     
        1632  -2595.6067209790190     
        1633  -2545.1168657699427     
        1634  -2582.4290697212878     
        1635  -2539.6316417327275     
        1636  -2561.8106064114745     
        1637  -2472.4099784390255     
        1638  -2516.3544062273295     
        1639  -2570.0819716817246     
        1640  -2620.4179089642626     
        1641  -2592.4822893014734     
        1642  -2611.7090433495982     
        1643  -2622.8951910027045     
        1644  -2586.8997412671065     
        1645  -2527.6554435939456     
        1646  -2549.0023159479315     
        1647  -2578.8284318139658     
        1648  -2607.5035351954980     
        1649  -2541.3707844570949     
        1650  -2503.0727094618414     
        1651  -2489.2595946304646     
        1652  -2575.9348508375488     
        1653  -2598.5540829316033     
        1654  -2494.1120242989477     
        1655  -2577.7053393195092     
        1656  -2608.6046491628149     
        1657  -2576.2470344527424     
        1658  -2587.8120884710024     
        1659  -2649.9895534089155     
        1660  -2594.0374911059148     
        1661  -2561.3773175379606     
        1662  -2533.7341548868558     
        1663  -2513.1874269664659     
        1664  -2553.0162956246490     
        1665  -2581.5263196010055     
        1666  -2569.6037282467978     
        1667  -2549.8814044678961     
        1668  -2515.2128371377858     
        1669  -2543.7017826344163     
        1670  -2518.6596504597933     
        1671  -2447.8361603622675     
        1672  -2502.9969048990101     
        1673  -2463.4175760181624     
        1674  -2518.3777173699746     
        1675  -2555.3678753123677     
        1676  -2562.8521620413935     
        1677  -2557.8111517548764     
        1678  -2622.5590184943499     
        1679  -2604.6162931034751     
        1680  -2496.4947497373896     
        1681  -2491.4867109822544     
        1682  -2495.8802329291175     
        1683  -2567.2975820698111     
        1684  -2496.6567097453244     
        1685  -2502.2886539761148     
        1686  -2550.5449538361331     
        1687  -2550.7949443015441     
        1688  -2572.3030766865518     
        1689  -2516.4111155596938     
        1690  -2587.9817533659352     
        1691  -2582.6548557470733     
        1692  -2588.5135550226096     
        1693  -2591.0851177676313     
        1694  -2629.0198891060004     
        1695  -2630.0056151937029     
        1696  -2608.9140811244415     
        1697  -2656.6003769451027     
        1698  -2538.7647006206867     
        1699  -2547.2683361235968     
        1700  -2536.3731411836720     
        1701  -2537.1718147948004     
        1702  -2527.3702909080098     
        1703  -2592.6122505538001     
        1704  -2546.3611896888938     
        1705  -2577.3661094609970     
        1706  -2605.9555636209429     
        1707  -2605.2974208424453     
        1708  -2548.2908336814312     
        1709  -2550.8114827406016     
        1710  -2597.8827115023191     
        1711  -2551.2926658274205     
        1712  -2549.8978693807394     
        1713  -2516.8182655727855     
        1714  -2613.2819369283557     
        1715  -2570.1794110428559     
        1716  -2553.9004650979705     
        1717  -2616.2165901351468     
        1718  -2643.0465082126116     
        1719  -2595.0298489476418     
        1720  -2611.0787723864478     
        1721  -2622.5394410376121     
        1722  -2669.2457120758486     
        1723  -2662.9974663841708     
        1724  -2619.7899118214596     
        1725  -2594.6639913546351     
        1726  -2589.9269490885572     
        1727  -2558.1335334588698     
        1728  -2558.9329984483675     
        1729  -2510.2429447523023     
        1730  -2514.1716447580357     
        1731  -2533.9190954020441     
        1732  -2545.3223224642365     
        1733  -2520.6929836696495     
        1734  -2581.0293876950486     
        1735  -2581.3175884800326     
        1736  -2582.8752439452737     
        1737  -2590.6237114776186     
        1738  -2628.4389435293438     
        1739  -2680.2312087395235     
        1740  -2647.0600789433015     
        1741  -2627.9006221816444     
        1742  -2610.8430813840646     
        1743  -2566.8267071765272     
        1744  -2545.2427035370833     
        1745  -2531.0320508582968     
        1746  -2566.9984924482405     
        1747  -2601.3040734879787     
        1748  -2604.1004903605444     
        1749  -2582.2857326411036     
        1750  -2537.3072586440094     
        1751  -2507.7516357168070     
        1752  -2538.2674241371315     
        1753  -2551.0331928250785     
        1754  -2573.3365698439543     
        1755  -2586.4799048535360     
        1756  -2585.2963720312164     
        1757  -2549.4281487670814     
        1758  -2536.7611102494307     
        1759  -2604.9564556765772     
        1760  -2585.4490318591347     
        1761  -2629.0252358578541     
        1762  -2588.9381949230929     
        1763  -2585.3502162296390     
        1764  -2550.2101373132537     
        1765  -2557.1787515947603     
        1766  -2604.5989176491421     
        1767  -2598.8083885445185     
        1768  -2576.1523260907575     
        1769  -2543.2656287474347     
        1770  -2575.6688474373409     
        1771  -2585.9541298416502     
        1772  -2590.5860144608096     
        1773  -2570.7094024301969     
        1774  -2592.5520411109705     
        1775  -2584.0809231093945     
        1776  -2658.9886534927173     
        1777  -2645.4571886722510     
        1778  -2548.5667130075785     
        1779  -2550.6173742728151     
        1780  -2585.8866235770761     
        1781  -2593.4506595209346     
        1782  -2589.5606307744183     
        1783  -2543.5015651519561     
        1784  -2520.3187778931883     
        1785  -2537.0429695375224     
        1786  -2610.5421293712920     
        1787  -2622.9380649754839     
        1788  -2600.8000643017754     
        1789  -2538.0040493335919     
        1790  -2616.2583699801962     
        1791  -2647.9351346675367     
        1792  -2653.2466882914864     
        1793  -2596.1972621455907     
        1794  -2613.4288888397127     
        1795  -2548.5738931895330     
        1796  -2573.6145551040881     
        1797  -2594.4433881022360     
        1798  -2611.4037071167804     
        1799  -2534.9088927233142     
        1800  -2590.7389083517310     
        1801  -2559.2939662145486     
        1802  -2575.1294244118276     
        1803  -2591.7451678674333     
        1804  -2603.1473517402601     
        1805  -2578.0754082600238     
        1806  -2566.8302172164431     
        1807  -2598.6592665729386     
        1808  -2527.9118973278732     
        1809  -2524.4613375448034     
        1810  -2567.9362527006633     
        1811  -2594.6765883323851     
        1812  -2557.3156116175896     
        1813  -2547.9768927587370     
        1814  -2537.8613810702350     
        1815  -2578.8521248272482     
        1816  -2606.5039122903754     
        1817  -2646.5959433256762     
        1818  -2650.0914961853309     
        1819  -2635.1606882305196     
        1820  -2626.7328424729867     
        1821  -2603.0529463754442     
        1822  -2556.6704970559290     
        1823  -2569.2394610909769     
        1824  -2578.3561935689759     
        1825  -2541.6890531083486     
        1826  -2552.5779577112025     
        1827  -2544.3343305665644     
        1828  -2534.1610631973595     
        1829  -2566.0973514265083     
        1830  -2538.6337778994139     
        1831  -2538.3678882788022     
        1832  -2566.2430779486590     
        1833  -2590.7000418956004     
        1834  -2586.7015370943050     
        1835  -2644.5664579348563     
        1836  -2602.1837918128963     
        1837  -2581.6795342108117     
        1838  -2578.5754383488434     
        1839  -2571.9819010615784     
        1840  -2600.5700675827434     
        1841  -2546.1543334159728     
        1842  -2572.0931241122689     
        1843  -2520.3791544538608     
        1844  -2578.2965008185720     
        1845  -2592.1021152256171     
        1846  -2584.8735617963939     
        1847  -2579.6356369353662     
        1848  -2564.3155278254344     
        1849  -2619.7442603157315     
        1850  -2605.2425697430367     
        1851  -2600.0678150462591     
        1852  -2554.4439747706747     
        1853  -2557.6980431332904     
        1854  -2602.5911817543993     
        1855  -2665.4790056655665     
        1856  -2673.8434224479975     
        1857  -2594.7600789663506     
        1858  -2586.6530088179088     
        1859  -2542.7552286574628     
        1860  -2572.6480336879713     
        1861  -2544.5085649796997     
        1862  -2585.7679215773633     
        1863  -2616.3314901429617     
        1864  -2566.8967222831257     
        1865  -2597.0865162110504     
        1866  -2559.8652196973458     
        1867  -2584.9638128366628     
        1868  -2685.6436438764990     
        1869  -2658.8863496078798     
        1870  -2651.3173423589792     
        1871  -2616.3296841362298     
        1872  -2619.4289217211972     
        1873  -2623.3147108834833     
        1874  -2562.5273836139390     
        1875  -2561.8875781693296     
        1876  -2567.4859690151711     
        1877  -2555.4965285327567     
        1878  -2635.4304154584670     
        1879  -2615.5545790729293     
        1880  -2554.7944469998361     
        1881  -2586.5595533704945     
        1882  -2616.0321318664655     
        1883  -2608.9887995750760     
        1884  -2651.8697068184006     
        1885  -2641.8290311694122     
        1886  -2681.4924841445313     
        1887  -2624.7570518669208     
        1888  -2583.9017288703108     
        1889  -2579.6928925877896     
        1890  -2631.6345808310002     
        1891  -2606.6979918554798     
        1892  -2647.9779090075840     
        1893  -2633.3563040628023     
        1894  -2656.5617595070271     
        1895  -2638.0525098678663     
        1896  -2619.1592420760326     
        1897  -2585.5786432402138     
        1898  -2653.5712922787425     
        1899  -2598.0969715755032     
        1900  -2585.7681724514714     
        1901  -2614.6393171640329     
        1902  -2590.3565927192335     
        1903  -2602.4194006913895     
        1904  -2546.4036697736042     
        1905  -2612.4608829949839     
        1906  -2583.0297617546953     
        1907  -2632.4681026786639     
        1908  -2549.1207630746803     
        1909  -2584.7174301810778     
        1910  -2673.5144063487824     
        1911  -2580.2970484047160     
        1912  -2605.6885588597670     
        1913  -2614.8579413506795     
        1914  -2612.2672204044338     
        1915  -2608.8185193299137     
        1916  -2593.3155062538012     
        1917  -2552.8369887382541     
        1918  -2589.7214140332526     
        1919  -2584.3138439037398     
        1920  -2538.3577507847003     
        1921  -2500.9473663052390     
        1922  -2584.0635111717957     
        1923  -2554.3766050060717     
        1924  -2508.3925459240195     
        1925  -2553.7651450483454     
        1926  -2534.8092021890038     
        1927  -2621.5389293344901     
        1928  -2626.4122553814991     
        1929  -2615.6174231516802     
        1930  -2592.2078841160551     
        1931  -2535.5974086046795     
        1932  -2619.6176361874777     
        1933  -2598.9600644881471     
        1934  -2547.8493014145706     
        1935  -2552.9440932633370     
        1936  -2620.5516690609784     
        1937  -2546.7653523444837     
        1938  -2575.1329907756999     
        1939  -2561.0825264717155     
        1940  -2542.9726292696546     
        1941  -2626.0847460928994     
        1942  -2578.7403104834593     
        1943  -2588.1153692878761     
        1944  -2540.5153239201709     
        1945  -2531.9062154875173     
        1946  -2541.8267972798426     
        1947  -2529.3158781913489     
        1948  -2595.6751863528971     
        1949  -2561.3339338148508     
        1950  -2579.9059951189711     
        1951  -2600.7980835552157     
        1952  -2603.4541567594601     
        1953  -2516.5517378611316     
        1954  -2589.4896856774126     
        1955  -2645.5584146306815     
        1956  -2661.2846645848535     
        1957  -2613.2661072469282     
        1958  -2638.9150092690702     
        1959  -2649.3557485462688     
        1960  -2616.4770641625591     
        1961  -2601.4374366977700     
        1962  -2591.4269680389075     
        1963  -2626.5400209710724     
        1964  -2599.5565514713317     
        1965  -2559.1328722635080     
        1966  -2580.1119744611046     
        1967  -2570.5407288246161     
        1968  -2551.4921079955698     
        1969  -2559.5226784870661     
        1970  -2599.8944256414184     
        1971  -2589.4803859405411     
        1972  -2693.7981658590502     
        1973  -2671.5808029539226     
        1974  -2661.8537339823297     
        1975  -2682.0735065555518     
        1976  -2708.8013314937207     
        1977  -2651.6982576719888     
        1978  -2689.5334334416320     
        1979  -2627.4287549091605     
        1980  -2620.6440620722537     
        1981  -2613.0535693072261     
        1982  -2603.0718129510924     
        1983  -2571.2924533962305     
        1984  -2648.0734908439972     
        1985  -2599.2678197190903     
        1986  -2630.5584332916537     
        1987  -2592.3782103555527     
        1988  -2630.1476240331822     
        1989  -2607.8657843467163     
        1990  -2597.3123357079630     
        1991  -2578.5546840633433     
        1992  -2605.2758063843621     
        1993  -2642.2569773875416     
        1994  -2621.2813500863972     
        1995  -2612.8506552773251     
        1996  -2610.9363716112016     
        1997  -2610.5297021669930     
        1998  -2624.8977410599032     
        1999  -2629.2932960322141     
        2000  -2579.4689848050562     
