           1   1360617.2834613663     
           2   1298980.2376656667     
           3   1292820.0312133182     
           4   1227426.8515654181     
           5   1141750.1502509350     
           6   1084120.9359276788     
           7   54733.105769080808     
           8   692.79940356763836     
           9  -1118.6914164361472     
          10  -1145.5319713287031     
          11  -1412.8016229724246     
          12  -1386.4416667911119     
          13  -1337.4311131866768     
          14  -1339.8543958099872     
          15  -1477.0858709041074     
          16  -1459.8735395108185     
          17  -1519.1086985035699     
          18  -1550.4152339462692     
          19  -1532.7189154264379     
          20  -1544.8464944304578     
          21  -1548.2842790618283     
          22  -1546.5948780255151     
          23  -1551.9373116969916     
          24  -1553.1289048474048     
          25  -1533.5536888585491     
          26  -1540.3584177920591     
          27  -1532.1871692554098     
          28  -1581.5010430068887     
          29  -1585.5365559490920     
          30  -1537.0829921778627     
          31  -1575.4656743117112     
          32  -1535.9160577195016     
          33  -1540.7390356371841     
          34  -1536.0623349749826     
          35  -1514.6831030686574     
          36  -1535.7940786904940     
          37  -1416.1114300819552     
          38  -1432.6982501063694     
          39  -1431.2505615514335     
          40  -1471.6354033984928     
          41  -1491.6207336327020     
          42  -1560.6904833332271     
          43  -1569.8564915656193     
          44  -1608.0031049019967     
          45  -1601.9222808226768     
          46  -1644.0122102960411     
          47  -1572.0735009446416     
          48  -1572.3330688383353     
          49  -1480.5462802022678     
          50  -1525.9175043476155     
          51  -1549.8172185301539     
          52  -1497.6703160467737     
          53  -1498.0540615330513     
          54  -1464.8298640170224     
          55  -1491.2329741758804     
          56  -1450.9820956061449     
          57  -1521.1635368739437     
          58  -1531.9880263872003     
          59  -1498.7248768469033     
          60  -1518.9620307370956     
          61  -1426.2525595965662     
          62  -1454.3388202489821     
          63  -1383.6534119958817     
          64  -1138.3739694015153     
          65  -1177.3482203820356     
          66  -1190.9319698729769     
          67  -1280.6129674653366     
          68  -1191.1938971036161     
          69  -1250.7163874564335     
          70  -1274.6751502401112     
          71  -1234.5754238512659     
          72  -1295.4743830002933     
          73  -1269.6497672434307     
          74  -1223.8260935788453     
          75  -975.05277450550068     
          76  -1035.7368789615202     
          77  -925.27418285560270     
          78  -990.38426261933535     
          79  -892.29051773804440     
          80  -959.39458810446854     
          81  -910.73950390919515     
          82  -1018.5347425714673     
          83  -1041.5727989705474     
          84  -923.55812590543462     
          85  -938.89687221292127     
          86  -858.58194985870136     
          87  -773.08394470780183     
          88  -792.89746220939276     
          89  -790.07264613507391     
          90  -693.35157409610906     
          91  -735.32206910382149     
          92  -787.09301419867006     
          93  -843.86003947886945     
          94  -871.93356791791973     
          95  -822.67699795021849     
          96  -904.52607213127624     
          97  -922.23534521801480     
          98  -927.60158815944646     
          99  -777.69078174545768     
         100  -575.98974299973111     
         101  -442.79258018711289     
         102  -480.25347938250110     
         103  -466.69988799641567     
         104  -565.69656573860277     
         105  -609.02907929955688     
         106  -515.57413501848976     
         107  -581.37374152656173     
         108  -643.40565742869683     
         109  -746.09400264253668     
         110  -661.13188971301497     
         111  -696.48606775545966     
         112  -799.06301194638718     
         113  -740.66614931024390     
         114  -840.31951921882614     
         115  -904.54417207555673     
         116  -956.87433609728294     
         117  -820.60051116655757     
         118  -905.37508532189349     
         119  -787.08604215582739     
         120  -773.24648902580952     
         121  -866.06024443036813     
         122  -917.63296109658449     
         123  -911.43089684431141     
         124  -914.25614294319826     
         125  -829.26794827197602     
         126  -811.23192475358019     
         127  -842.54149643861763     
         128  -905.09640128381375     
         129  -980.98060672246982     
         130  -948.09928023810210     
         131  -912.98107069457933     
         132  -953.42737761941987     
         133  -1040.8548924065610     
         134  -1122.7773910741898     
         135  -1107.0710491888030     
         136  -1119.7166915127614     
         137  -1047.8760849443499     
         138  -1074.2704338941969     
         139  -1127.5045936838412     
         140  -1149.8051008482655     
         141  -1096.1510425583315     
         142  -952.72090652765485     
         143  -910.98220676427093     
         144  -981.07724130275642     
         145  -1033.1131939465636     
         146  -911.87753712676079     
         147  -930.95970322000403     
         148  -1001.3536443551665     
         149  -891.64040825033078     
         150  -942.91195853340264     
         151  -984.62637250980299     
         152  -913.78338779041928     
         153  -713.58834490270795     
         154  -736.00928039754001     
         155  -782.85805911774241     
         156  -847.59819284250443     
         157  -863.58277880573473     
         158  -927.47938935880256     
         159  -975.62575003276402     
         160  -867.88032803336023     
         161  -952.39333830036287     
         162  -1051.7634710768632     
         163  -1142.3046931472386     
         164  -940.22227786658846     
         165  -970.33566098593599     
         166  -996.45247876235055     
         167  -1007.3913649283775     
         168  -1041.0826166603363     
         169  -1086.2933283496386     
         170  -1088.4396500997777     
         171  -1137.0894501419532     
         172  -1142.6983515427232     
         173  -1182.8918129195342     
         174  -1156.3787234865576     
         175  -1070.1066249304108     
         176  -1135.5003698490327     
         177  -1087.6221687645173     
         178  -1072.7967523053517     
         179  -1055.9961184113001     
         180  -1016.6217705236437     
         181  -935.13911017480473     
         182  -980.73435575868916     
         183  -996.22766673010756     
         184  -1109.5330854169797     
         185  -1111.8264803518923     
         186  -1007.9570791197531     
         187  -1068.6262108334504     
         188  -1140.6893309599100     
         189  -1128.1419029336864     
         190  -810.60614190232207     
         191  -438.93760258827950     
         192  -567.30873186034512     
         193  -605.13807148088142     
         194  -511.94853055836484     
         195  -428.05464937591046     
         196  -546.87043487309677     
         197  -453.89097239194501     
         198  -584.02124435732173     
         199  -660.64619993486656     
         200  -684.61245577727425     
         201  -714.85414803982940     
         202  -819.75687746937899     
         203  -937.08138275831755     
         204  -792.83866985022371     
         205  -847.69951187452216     
         206  -830.90225865601008     
         207  -905.74268661765666     
         208  -836.58917681677133     
         209  -668.85088452988089     
         210  -805.30967875165186     
         211  -643.23776691221485     
         212  -666.47455448648486     
         213  -583.99120264524936     
         214  -687.07366168489341     
         215  -749.08909049930162     
         216  -812.96547941914287     
         217  -877.82614660706008     
         218  -861.26818775019274     
         219  -819.15777979642780     
         220  -831.59206013347239     
         221  -896.89108320135597     
         222  -815.14348510124410     
         223  -876.87662987011822     
         224  -873.36393607134164     
         225  -943.87903248041937     
         226  -918.95227710645452     
         227  -1037.3297997696343     
         228  -893.72156023920570     
         229  -810.47746767070032     
         230  -899.57429348942060     
         231  -887.02632866953354     
         232  -914.69516107254196     
         233  -947.09819335999646     
         234  -864.16141263518602     
         235  -904.36958846268146     
         236  -957.79396887719054     
         237  -976.71324724046917     
         238  -1034.3278812496440     
         239  -943.82084301525401     
         240  -914.26117476447303     
         241  -908.98181383805252     
         242  -894.22733543487448     
         243  -944.52175236010601     
         244  -1053.1340571953467     
         245  -1130.3456651000811     
         246  -1043.8770883889829     
         247  -972.66248190922761     
         248  -992.11358628860944     
         249  -1013.9895168285572     
         250  -1050.4953260394714     
         251  -1102.2479325438351     
         252  -1120.4956889576952     
         253  -1163.3343398362379     
         254  -1092.7637115867030     
         255  -1066.8491431967016     
         256  -1052.3852787646556     
         257  -1139.4471346654773     
         258  -1175.3903205633749     
         259  -1129.6479157829390     
         260  -1149.7330703755340     
         261  -1036.6524379643809     
         262  -1155.1389643180946     
         263  -1204.2295459810930     
         264  -1182.9689357033767     
         265  -1164.9993991074646     
         266  -1275.6711966799758     
         267  -1168.8408244400609     
         268  -1098.4514438241554     
         269  -1094.7108993255317     
         270  -1102.3163629743433     
         271  -1181.8041260284469     
         272  -1268.3532832918145     
         273  -1290.0091546519852     
         274  -1329.5204545834301     
         275  -1278.6228385052989     
         276  -1287.7335054273813     
         277  -1329.8235362686455     
         278  -1400.4580196650547     
         279  -1403.2634981556860     
         280  -1467.2919176670971     
         281  -1515.8403643316246     
         282  -1402.5471157991049     
         283  -1224.6712621438933     
         284  -1129.4918026426312     
         285  -1289.2126345669255     
         286  -1308.2659126018689     
         287  -1372.9897938272109     
         288  -1272.6127294399587     
         289  -1267.3389482965749     
         290  -1282.8945764922444     
         291  -1258.1756456627279     
         292  -1290.9780004244160     
         293  -1290.4144495222749     
         294  -1403.6120141769447     
         295  -1375.1186328873860     
         296  -1334.5827621376848     
         297  -1384.9591747040347     
         298  -1439.0192118112075     
         299  -1459.8915200053866     
         300  -1396.7065702095920     
         301  -1426.9923684365547     
         302  -1409.2809494217877     
         303  -1443.7463554094759     
         304  -1356.6308884945461     
         305  -1401.9680310944700     
         306  -1302.2813014048741     
         307  -1428.9072091712389     
         308  -1388.3413727352768     
         309  -1412.8820147229321     
         310  -1352.7035862583887     
         311  -1505.1429407196988     
         312  -1516.9953117380105     
         313  -1563.1924251434932     
         314  -1550.1340441769185     
         315  -1590.3983397390498     
         316  -1498.3388654961780     
         317  -1487.7475079167289     
         318  -1504.9365230687772     
         319  -1570.8428115240295     
         320  -1570.2016399098502     
         321  -1410.3385976334046     
         322  -1613.4123144857729     
         323  -1572.6060378254540     
         324  -1577.8264968001245     
         325  -1587.9355379048473     
         326  -1574.2052827065979     
         327  -1460.0375957228721     
         328  -1496.6936563479887     
         329  -1565.4738209390346     
         330  -1581.4986800469753     
         331  -1657.6103932749002     
         332  -1677.4804330508287     
         333  -1701.6098747859369     
         334  -1624.7969748297003     
         335  -1609.3074280108856     
         336  -1709.1804928778929     
         337  -1751.8496975563826     
         338  -1665.0659579143567     
         339  -1620.1870460862904     
         340  -1656.8733111256813     
         341  -1611.6878708105867     
         342  -1740.5896220723921     
         343  -1643.7385261395928     
         344  -1700.8892328414627     
         345  -1738.2226188939596     
         346  -1605.3135293213393     
         347  -1759.9628759162342     
         348  -1763.1313784320369     
         349  -1750.4931374359619     
         350  -1754.1291184988015     
         351  -1751.0200837623772     
         352  -1800.6549712290703     
         353  -1783.0722239971831     
         354  -1763.2336952356175     
         355  -1744.7830251377791     
         356  -1766.6174456135593     
         357  -1845.6296330201046     
         358  -1862.0164590235252     
         359  -1894.7668205323919     
         360  -1936.2359147510442     
         361  -1826.0116116441184     
         362  -1858.9680789739750     
         363  -1794.2448993796895     
         364  -1860.4450682264367     
         365  -1885.5168015315003     
         366  -1801.8535491259620     
         367  -1838.0438835746470     
         368  -1898.6879075254064     
         369  -1893.9772981507049     
         370  -1924.7039298196278     
         371  -1952.7197646609829     
         372  -1960.8560707960351     
         373  -1959.5497515981281     
         374  -2006.7005168601484     
         375  -1966.8356931067337     
         376  -1977.2229925031459     
         377  -1969.6979603590873     
         378  -1873.4407438706137     
         379  -1890.1465047390341     
         380  -1908.1721972374601     
         381  -2001.8597248276142     
         382  -2017.7016739089922     
         383  -2012.6995843268523     
         384  -2013.9383482244480     
         385  -2042.3967296700439     
         386  -2033.3872187499171     
         387  -2034.1939783463399     
         388  -1972.9739429514468     
         389  -1922.1546191821924     
         390  -1922.2269615813991     
         391  -1953.7208043078226     
         392  -1987.7646332355919     
         393  -1988.7848500913965     
         394  -1928.8589378420797     
         395  -1974.8116449778199     
         396  -1990.6536623203185     
         397  -2028.2582087844698     
         398  -1916.9469749313841     
         399  -1970.0110531101702     
         400  -1984.9537706680296     
         401  -2108.1858290843984     
         402  -2101.2544889152869     
         403  -2077.4303049745999     
         404  -2107.0299534230526     
         405  -2134.6390165280854     
         406  -2142.5577005365403     
         407  -2094.2896805829942     
         408  -2079.5789245759302     
         409  -2024.8320515598534     
         410  -2036.2074457247343     
         411  -1989.7164440602278     
         412  -2022.2064256140402     
         413  -2040.8235536418463     
         414  -2076.4869951757933     
         415  -2084.6283047931506     
         416  -2075.4758150895263     
         417  -2065.0988677735609     
         418  -2059.7376108343838     
         419  -2031.0099650255106     
         420  -2050.9018675264397     
         421  -2072.5775019159823     
         422  -2107.2074520957117     
         423  -2147.1768951602580     
         424  -2106.8527090480079     
         425  -2148.3760128547951     
         426  -2073.1033311742631     
         427  -2118.1383670511382     
         428  -2065.4773718656547     
         429  -2125.5464112091022     
         430  -2144.0073442541520     
         431  -2089.9603972606228     
         432  -2140.3024915916462     
         433  -2128.6495505860485     
         434  -2081.8403131020691     
         435  -2097.9722808455981     
         436  -2101.7871700369014     
         437  -2158.5203851513875     
         438  -2161.0307568262388     
         439  -2158.2446503361230     
         440  -2153.0732369499374     
         441  -2124.5712737083677     
         442  -2158.0700122289186     
         443  -2162.6621903793111     
         444  -2126.4535233939177     
         445  -2131.0400890476471     
         446  -2132.7180184105528     
         447  -2123.6395253418123     
         448  -2154.0765128537455     
         449  -2125.3770860991672     
         450  -2139.6164952292152     
         451  -2133.7894182839750     
         452  -2134.8904285817871     
         453  -2129.3689168015226     
         454  -2146.4426502727683     
         455  -2122.1983450812995     
         456  -2120.0894125725640     
         457  -2207.0463569704762     
         458  -2199.9038786321416     
         459  -2263.7829965633359     
         460  -2256.9621288461003     
         461  -2263.1954079682728     
         462  -2244.2522371911887     
         463  -2259.1412819191851     
         464  -2226.6094333813080     
         465  -2248.5016810640441     
         466  -2208.6778577562186     
         467  -2211.8269412914801     
         468  -2230.1749031476979     
         469  -2248.6720604831212     
         470  -2243.2243058360209     
         471  -2243.1909332576784     
         472  -2227.1409389666806     
         473  -2266.0863963551637     
         474  -2306.0457706324828     
         475  -2328.2674624904989     
         476  -2305.3999516421541     
         477  -2325.6556776295497     
         478  -2364.9909453804407     
         479  -2277.6368342755363     
         480  -2275.2443564124951     
         481  -2306.3466063789642     
         482  -2339.7026004233294     
         483  -2306.3760730144627     
         484  -2282.8568464276618     
         485  -2303.2440439588750     
         486  -2310.8522315901109     
         487  -2265.2443938455635     
         488  -2326.9269835781961     
         489  -2307.6864033953348     
         490  -2382.8923770152296     
         491  -2374.8279009239568     
         492  -2388.0037883635318     
         493  -2371.5909476484949     
         494  -2342.3774581983512     
         495  -2376.3175329760520     
         496  -2349.9405657628126     
         497  -2323.3984835487845     
         498  -2294.3937638521311     
         499  -2308.2618214943000     
         500  -2357.6944267407889     
         501  -2400.4964345206777     
         502  -2333.3621827787110     
         503  -2389.5044194498905     
         504  -2358.6044611882362     
         505  -2395.5896162061836     
         506  -2425.7213193078774     
         507  -2414.1511925672589     
         508  -2377.0627780188497     
         509  -2469.7372219291237     
         510  -2425.8038717815521     
         511  -2396.7547124965408     
         512  -2373.6565150607003     
         513  -2323.3685614897295     
         514  -2351.3646011225323     
         515  -2381.3362076624976     
         516  -2393.0292509117562     
         517  -2393.7660080270234     
         518  -2354.0896297117965     
         519  -2344.7195560628857     
         520  -2331.4479372022247     
         521  -2385.7882633496292     
         522  -2372.6352985333497     
         523  -2408.9073986409053     
         524  -2416.7048307889945     
         525  -2417.5524299071785     
         526  -2405.0007255249552     
         527  -2432.2781115696444     
         528  -2404.4712213424859     
         529  -2385.1873300516031     
         530  -2372.7121880803352     
         531  -2360.7557084385194     
         532  -2361.6387345341441     
         533  -2401.0321726375032     
         534  -2347.5572521571585     
         535  -2373.1724394027424     
         536  -2347.1714029993723     
         537  -2321.9190601555906     
         538  -2318.9604160773779     
         539  -2432.2272210304641     
         540  -2443.6185950177105     
         541  -2363.6659100616707     
         542  -2386.7682112504617     
         543  -2396.1010570714502     
         544  -2417.3139709241163     
         545  -2342.5565778676491     
         546  -2347.2466278709135     
         547  -2345.7761651820074     
         548  -2373.7575332083507     
         549  -2406.1622931824850     
         550  -2372.9730868075353     
         551  -2424.6680718910147     
         552  -2426.0912873204998     
         553  -2392.7386945747166     
         554  -2438.3848777510252     
         555  -2382.7980398194186     
         556  -2404.1940643288340     
         557  -2411.3054142029455     
         558  -2368.4834231547211     
         559  -2325.2629515385820     
         560  -2333.9709900840880     
         561  -2381.2276793051287     
         562  -2365.3210237461499     
         563  -2404.3418213350055     
         564  -2404.4310398179350     
         565  -2449.7622218348215     
         566  -2440.5080460314412     
         567  -2380.2644923548964     
         568  -2413.7663596160751     
         569  -2381.9268600894416     
         570  -2361.3920686722104     
         571  -2371.1581711022368     
         572  -2414.9244760673823     
         573  -2415.0622102620814     
         574  -2422.4756527161471     
         575  -2383.2872793077863     
         576  -2382.3379440705348     
         577  -2388.9392858532415     
         578  -2375.5059414921971     
         579  -2462.4905527293736     
         580  -2464.1146516382246     
         581  -2429.9896752514705     
         582  -2429.1858526587143     
         583  -2443.4323336083680     
         584  -2419.6026016607539     
         585  -2388.5528305884150     
         586  -2455.8656027087109     
         587  -2435.6271871333352     
         588  -2456.2889032629409     
         589  -2485.2936345333110     
         590  -2458.7441590340277     
         591  -2444.9983765543575     
         592  -2442.3114947088629     
         593  -2360.9503382395274     
         594  -2380.0601774780152     
         595  -2408.3524680953369     
         596  -2415.9146868463044     
         597  -2442.4980627091204     
         598  -2426.0541865756654     
         599  -2448.6574339904455     
         600  -2467.6684350759715     
         601  -2463.3035748388820     
         602  -2496.3009227358375     
         603  -2510.5069104894051     
         604  -2463.3333714042728     
         605  -2465.7307545357357     
         606  -2488.2546833513388     
         607  -2438.9868636085284     
         608  -2449.2803988900728     
         609  -2476.1559022497222     
         610  -2459.8988518138608     
         611  -2482.7032192048709     
         612  -2480.5404024693889     
         613  -2466.7150907222322     
         614  -2433.6278043841457     
         615  -2500.0527323722035     
         616  -2480.5055503373692     
         617  -2451.0232347628721     
         618  -2461.3884063945507     
         619  -2494.4895614912439     
         620  -2475.9919603234612     
         621  -2447.6585127504977     
         622  -2471.9781786871758     
         623  -2460.6792821072763     
         624  -2494.7292174738618     
         625  -2479.4187496026320     
         626  -2468.6903067340395     
         627  -2471.4722854494112     
         628  -2459.1606183940471     
         629  -2470.2208450252087     
         630  -2431.3215898899457     
         631  -2489.3533124928963     
         632  -2515.6600319124186     
         633  -2494.8329050224238     
         634  -2442.7862162543834     
         635  -2432.2378644273635     
         636  -2450.0358275258782     
         637  -2484.0208210186270     
         638  -2440.7555982870672     
         639  -2461.5101087263079     
         640  -2378.0020715225282     
         641  -2364.6141253073629     
         642  -2397.1130649288380     
         643  -2399.3980301644583     
         644  -2407.5443266079246     
         645  -2419.3851161159432     
         646  -2402.4776964625498     
         647  -2458.9351809753434     
         648  -2494.6048703978922     
         649  -2469.1109172028587     
         650  -2534.1655555953962     
         651  -2565.6458778372726     
         652  -2518.9776541087913     
         653  -2433.2751387966973     
         654  -2436.6636024478098     
         655  -2413.3630651210519     
         656  -2427.7797845064142     
         657  -2458.6194846321473     
         658  -2457.6360585534712     
         659  -2440.2992891209369     
         660  -2483.9670058420547     
         661  -2527.0514553272023     
         662  -2553.6406419048476     
         663  -2508.4594428971259     
         664  -2450.8924843945993     
         665  -2487.4751601733069     
         666  -2526.3624139725475     
         667  -2478.9841223610661     
         668  -2504.7400959791094     
         669  -2502.2834139323772     
         670  -2465.4048489970119     
         671  -2508.6347046014780     
         672  -2510.9728027141941     
         673  -2508.6307675760509     
         674  -2508.2284229588090     
         675  -2520.5569414272027     
         676  -2500.6155913549915     
         677  -2529.1506374286910     
         678  -2518.1004853681516     
         679  -2552.7148136656283     
         680  -2513.2140643841603     
         681  -2491.1658657738958     
         682  -2554.7036823263634     
         683  -2520.6546621272969     
         684  -2540.9671311270604     
         685  -2548.6985552794376     
         686  -2587.2133376357147     
         687  -2574.3089656321126     
         688  -2526.7892946087672     
         689  -2539.3786487515158     
         690  -2592.8441971645675     
         691  -2572.5194504354531     
         692  -2571.3875693010709     
         693  -2538.4803876369238     
         694  -2553.5283029344068     
         695  -2546.1120259365543     
         696  -2501.3479218378407     
         697  -2519.8515104259827     
         698  -2563.3425113810113     
         699  -2588.4745734791736     
         700  -2634.9605740435800     
         701  -2542.0434073653114     
         702  -2504.1575348217107     
         703  -2604.2028375191603     
         704  -2639.3484728307658     
         705  -2587.1103458394182     
         706  -2517.1328151830239     
         707  -2547.9842756955668     
         708  -2537.9970569117881     
         709  -2582.6907266515041     
         710  -2595.4850526769937     
         711  -2611.8338226277469     
         712  -2602.1368500767339     
         713  -2614.6160624790759     
         714  -2657.1761472154240     
         715  -2588.9396825939375     
         716  -2551.2881441995728     
         717  -2613.7256520853484     
         718  -2557.5203586955204     
         719  -2534.0770978918299     
         720  -2529.6473797031845     
         721  -2554.4087087118746     
         722  -2570.3342370099394     
         723  -2582.0982094192900     
         724  -2607.7984960005151     
         725  -2554.3507479351088     
         726  -2562.7429334531976     
         727  -2559.7615836708515     
         728  -2641.8408179100593     
         729  -2652.5959257492691     
         730  -2569.1864207581707     
         731  -2577.4410051254986     
         732  -2604.5355158844636     
         733  -2566.2176089153700     
         734  -2610.3269305817721     
         735  -2629.2448303671376     
         736  -2622.3434853718154     
         737  -2628.5923510110920     
         738  -2579.7010414969423     
         739  -2538.6942733738692     
         740  -2517.7393903288025     
         741  -2547.6733789129489     
         742  -2553.8131461352127     
         743  -2574.5533036666097     
         744  -2515.4305217585697     
         745  -2565.0781843899349     
         746  -2562.0427606991107     
         747  -2535.9061620437037     
         748  -2565.8889194794997     
         749  -2558.5299077506570     
         750  -2521.3119423711096     
         751  -2506.3352677667494     
         752  -2554.0162897213700     
         753  -2540.1156123777514     
         754  -2548.8522394914148     
         755  -2543.8451304790865     
         756  -2550.9997168340569     
         757  -2526.6139744418920     
         758  -2569.7043749825516     
         759  -2536.8046519531508     
         760  -2602.6081344375666     
         761  -2555.9702935644050     
         762  -2539.7171690105297     
         763  -2622.6121474707738     
         764  -2583.7327909468572     
         765  -2605.1833463696362     
         766  -2611.3307652876933     
         767  -2597.6059638608599     
         768  -2571.0723588705137     
         769  -2567.1218284300980     
         770  -2560.3494330063209     
         771  -2586.0607714296075     
         772  -2629.4269703694763     
         773  -2590.1316502765385     
         774  -2618.9949438542767     
         775  -2614.2109057690514     
         776  -2603.1234625900565     
         777  -2620.6840523819378     
         778  -2585.6372743697480     
         779  -2632.0004086468102     
         780  -2597.2479274975913     
         781  -2592.2101574134722     
         782  -2599.0793264376921     
         783  -2573.5805560468061     
         784  -2629.3415001547933     
         785  -2579.0677071799100     
         786  -2651.1376815024482     
         787  -2586.0043994595826     
         788  -2578.0378757688877     
         789  -2618.6493142045047     
         790  -2631.3662032884586     
         791  -2620.1216041416696     
         792  -2667.3700585883948     
         793  -2612.0013657453269     
         794  -2651.6754084030854     
         795  -2692.6956195357652     
         796  -2668.1989348340230     
         797  -2653.6067371642625     
         798  -2649.8725275585953     
         799  -2623.4362859874400     
         800  -2609.5794819743883     
         801  -2603.9121327242656     
         802  -2604.9312765484024     
         803  -2552.0074311065764     
         804  -2596.8526678915086     
         805  -2619.2777359063111     
         806  -2623.6831803776331     
         807  -2665.8798283736915     
         808  -2578.8519356411921     
         809  -2588.7425967714639     
         810  -2572.0095334455282     
         811  -2572.1685706116600     
         812  -2539.7641092952426     
         813  -2557.1953182271695     
         814  -2542.2743228345335     
         815  -2545.4101505204490     
         816  -2558.5519713507006     
         817  -2572.4937501212016     
         818  -2668.6475961532660     
         819  -2655.8218221447742     
         820  -2669.3622501503046     
         821  -2607.6249803065339     
         822  -2578.8086917408209     
         823  -2534.3350975522171     
         824  -2534.8046341479021     
         825  -2504.5835888780930     
         826  -2508.3875261937364     
         827  -2528.4210824568931     
         828  -2538.8156501871226     
         829  -2564.1595110740800     
         830  -2550.4032061095318     
         831  -2623.3410320168332     
         832  -2594.9197343474043     
         833  -2520.4461544880824     
         834  -2552.0772533911909     
         835  -2552.1909799991849     
         836  -2570.7182044268075     
         837  -2528.9221442354446     
         838  -2531.9935906398950     
         839  -2546.6767816259303     
         840  -2628.5073377947538     
         841  -2624.0228791887203     
         842  -2609.0391657032742     
         843  -2576.6166882771090     
         844  -2583.9977950648199     
         845  -2548.8054449420606     
         846  -2548.6768097050954     
         847  -2610.7269529970199     
         848  -2626.5267180735805     
         849  -2605.7459502561151     
         850  -2633.7444156981169     
         851  -2630.2456387888683     
         852  -2650.8581650309616     
         853  -2622.4456690227535     
         854  -2537.7929196090176     
         855  -2601.5770402874905     
         856  -2568.3730838882188     
         857  -2633.7155261218600     
         858  -2582.3741946932564     
         859  -2619.3939227651599     
         860  -2619.6152347013285     
         861  -2623.6392691161350     
         862  -2602.9435459826486     
         863  -2562.7108375496355     
         864  -2576.9694598036908     
         865  -2649.9676450492593     
         866  -2592.3674601535117     
         867  -2640.5863191021558     
         868  -2661.2663199286289     
         869  -2595.8285438617645     
         870  -2578.2272171393520     
         871  -2624.3841033062417     
         872  -2604.1207376896700     
         873  -2559.6956616162088     
         874  -2554.0957074734379     
         875  -2571.2454847046924     
         876  -2628.9018292633205     
         877  -2676.6077378975001     
         878  -2617.0885295352359     
         879  -2644.2229173657561     
         880  -2667.4531588399591     
         881  -2632.7492545613695     
         882  -2582.3455969900865     
         883  -2612.4986071238859     
         884  -2608.2808569662352     
         885  -2635.9377578775552     
         886  -2607.6757135543048     
         887  -2616.2787770467398     
         888  -2630.4206490584670     
         889  -2573.4315762933711     
         890  -2538.7950957517833     
         891  -2619.3411949522510     
         892  -2557.4576947912551     
         893  -2582.4261991573640     
         894  -2622.1080105128481     
         895  -2638.7447189682798     
         896  -2622.4023419941946     
         897  -2592.8165836296525     
         898  -2583.8407398204663     
         899  -2562.0891664693031     
         900  -2634.2730868019671     
         901  -2673.0934022579763     
         902  -2622.6821189186012     
         903  -2606.8081261176462     
         904  -2624.6442358527961     
         905  -2629.5587824103955     
         906  -2622.3453940926656     
         907  -2620.1200298958825     
         908  -2606.0196825932949     
         909  -2622.8320302867628     
         910  -2623.1800901585584     
         911  -2644.8539962084419     
         912  -2594.3192862103610     
         913  -2607.6915213725656     
         914  -2582.6507598368748     
         915  -2581.9368723780831     
         916  -2651.5482661499655     
         917  -2595.7279507394310     
         918  -2588.1726158020865     
         919  -2580.5202505750790     
         920  -2613.9772974324319     
         921  -2540.8583107323525     
         922  -2466.0289059810193     
         923  -2522.7279733270871     
         924  -2556.6677684749134     
         925  -2565.3822224801579     
         926  -2569.0969991887791     
         927  -2517.6142330972871     
         928  -2481.3683852175145     
         929  -2532.1792919445666     
         930  -2517.5926886458224     
         931  -2483.4087342440725     
         932  -2555.0712829900563     
         933  -2557.6727798605152     
         934  -2557.5292428195335     
         935  -2547.3110257475123     
         936  -2570.6197736296799     
         937  -2617.5274588966558     
         938  -2603.2304970010155     
         939  -2582.4613996161484     
         940  -2617.4101549333432     
         941  -2610.9250844999692     
         942  -2653.9245472493917     
         943  -2612.3996650374579     
         944  -2646.0168336432203     
         945  -2665.2845514944593     
         946  -2649.7363212914970     
         947  -2603.3397388332842     
         948  -2614.3844174570036     
         949  -2646.6057026447247     
         950  -2667.5581177904987     
         951  -2634.4311486385272     
         952  -2646.3091393175496     
         953  -2645.0383825905215     
         954  -2655.5922951980801     
         955  -2647.5641819251910     
         956  -2585.9286535572960     
         957  -2572.2128383907748     
         958  -2531.2033547315991     
         959  -2504.8866194722737     
         960  -2533.6731485778523     
         961  -2551.6941103921090     
         962  -2546.0276232650740     
         963  -2547.5982474884277     
         964  -2525.9544615477525     
         965  -2528.9310387612727     
         966  -2580.2240690374665     
         967  -2577.1867839520901     
         968  -2542.4808633238044     
         969  -2564.3576456760329     
         970  -2508.6133706690134     
         971  -2538.9858557215734     
         972  -2526.5909175021602     
         973  -2567.5469772177225     
         974  -2553.1045029774609     
         975  -2533.3394718057266     
         976  -2551.6639228231343     
         977  -2577.7726743904618     
         978  -2538.3586487953921     
         979  -2514.2242225539658     
         980  -2508.1123071749730     
         981  -2530.3418238095928     
         982  -2548.5551949783107     
         983  -2526.2776790221114     
         984  -2581.4290569113464     
         985  -2590.2714507495220     
         986  -2609.0827428018520     
         987  -2617.0755835659675     
         988  -2658.1977301182224     
         989  -2630.3189570140676     
         990  -2570.9817257155851     
         991  -2560.1582927962700     
         992  -2515.8759281713669     
         993  -2515.7299522506128     
         994  -2532.4180981859181     
         995  -2559.6873789094325     
         996  -2562.3647997265775     
         997  -2577.7422040803499     
         998  -2569.4360960812260     
         999  -2578.0850566270365     
        1000  -2566.8099816913814     
        1001  -2591.5152010700149     
        1002  -2611.0186272003994     
        1003  -2531.2506261893031     
        1004  -2625.4921811689069     
        1005  -2645.6634234334206     
        1006  -2618.2137411724570     
        1007  -2559.5105103425690     
        1008  -2574.2799451032161     
        1009  -2615.4511151495581     
        1010  -2595.1595318282889     
        1011  -2580.6564224854069     
        1012  -2649.2195200616839     
        1013  -2625.2280334295965     
        1014  -2652.7755343970589     
        1015  -2668.2178242993841     
        1016  -2666.4218741896429     
        1017  -2608.2519572267074     
        1018  -2621.0109610989221     
        1019  -2655.4795623688610     
        1020  -2661.6967484252773     
        1021  -2629.9397396592667     
        1022  -2679.2039502568973     
        1023  -2613.9714657920281     
        1024  -2665.5290418666946     
        1025  -2649.0932801889271     
        1026  -2626.2999700588575     
        1027  -2659.5861761688757     
        1028  -2658.3828543960813     
        1029  -2630.8846940161288     
        1030  -2526.8753628501349     
        1031  -2532.7301154182346     
        1032  -2570.5503378301228     
        1033  -2540.4988174722098     
        1034  -2590.4695178398247     
        1035  -2632.9063677851495     
        1036  -2598.0024603974389     
        1037  -2604.3900383080772     
        1038  -2612.8210727972410     
        1039  -2576.1021890205930     
        1040  -2553.4915670957344     
        1041  -2496.5683614145460     
        1042  -2501.9951017256153     
        1043  -2474.7021594184939     
        1044  -2539.4454047945551     
        1045  -2595.4014853693666     
        1046  -2556.5246806382252     
        1047  -2553.6262479811580     
        1048  -2555.9263837287863     
        1049  -2607.0818564154533     
        1050  -2563.0691148571564     
        1051  -2571.2267689422624     
        1052  -2554.5318275456807     
        1053  -2584.6226112745535     
        1054  -2559.9813603358612     
        1055  -2541.0846749227362     
        1056  -2532.3590320086141     
        1057  -2524.8654265696259     
        1058  -2606.0363053169285     
        1059  -2601.9411928297918     
        1060  -2496.5325275632904     
        1061  -2497.4150418349927     
        1062  -2533.5450011019630     
        1063  -2594.7059176069056     
        1064  -2550.6408086800179     
        1065  -2542.0575778984430     
        1066  -2563.8600159600123     
        1067  -2560.6976308622898     
        1068  -2595.9798225719401     
        1069  -2588.1787274225221     
        1070  -2584.6152821239780     
        1071  -2537.9150662423917     
        1072  -2587.9833190750878     
        1073  -2598.8282002489491     
        1074  -2535.2586836611708     
        1075  -2572.4522643875357     
        1076  -2636.4009650527769     
        1077  -2564.9242150090627     
        1078  -2557.2130147671846     
        1079  -2517.0972966634295     
        1080  -2547.3766333188000     
        1081  -2583.6728997999039     
        1082  -2623.6717319736304     
        1083  -2569.9306813130243     
        1084  -2607.3511101173099     
        1085  -2595.2891974555173     
        1086  -2599.7215451358584     
        1087  -2625.7672212419666     
        1088  -2572.8096112278276     
        1089  -2569.5576644033194     
        1090  -2589.8208939133401     
        1091  -2620.7281551944093     
        1092  -2607.9907024357453     
        1093  -2596.3633987180792     
        1094  -2574.1566953177880     
        1095  -2582.1257024814790     
        1096  -2579.5333281194107     
        1097  -2569.0181413197483     
        1098  -2581.7203890934261     
        1099  -2593.2458592322414     
        1100  -2591.2999185262734     
        1101  -2577.5331755499237     
        1102  -2586.8444480181865     
        1103  -2632.1014922065610     
        1104  -2567.3539640907270     
        1105  -2525.5136796704496     
        1106  -2542.3806962856952     
        1107  -2590.6385311961817     
        1108  -2624.8733468428113     
        1109  -2634.8718852869661     
        1110  -2607.9657576535747     
        1111  -2622.0511231094133     
        1112  -2612.2326102806373     
        1113  -2593.9438361540551     
        1114  -2655.9174095931617     
        1115  -2615.2939616932204     
        1116  -2619.4308911176872     
        1117  -2626.7107699347216     
        1118  -2575.7330274994292     
        1119  -2560.5130394045405     
        1120  -2508.3103980650180     
        1121  -2526.4298929317260     
        1122  -2506.4962194610744     
        1123  -2536.9027538752816     
        1124  -2570.2805538502707     
        1125  -2619.0127907824649     
        1126  -2559.7682219810413     
        1127  -2573.4899163516993     
        1128  -2524.5224869899685     
        1129  -2539.1316988205749     
        1130  -2605.3242826149722     
        1131  -2618.7840989106835     
        1132  -2637.1472019150242     
        1133  -2567.9540599561560     
        1134  -2571.0331525073175     
        1135  -2497.2479568774947     
        1136  -2529.3375494031916     
        1137  -2557.8925158050993     
        1138  -2588.9927051220106     
        1139  -2513.2220962698816     
        1140  -2539.9469681325668     
        1141  -2521.5399515580966     
        1142  -2549.0486412840023     
        1143  -2527.1787135075174     
        1144  -2554.4957251165492     
        1145  -2603.5338676843262     
        1146  -2619.5958929301742     
        1147  -2634.4695283660803     
        1148  -2605.5654217520805     
        1149  -2584.1502889454578     
        1150  -2586.2206675625384     
        1151  -2574.5597640737228     
        1152  -2581.8554985456972     
        1153  -2582.4530800194693     
        1154  -2603.8206782532548     
        1155  -2607.4768597987745     
        1156  -2607.8812037248031     
        1157  -2644.7682507913014     
        1158  -2667.0707157408524     
        1159  -2617.7681570593795     
        1160  -2604.4671551580354     
        1161  -2629.8699028520723     
        1162  -2561.1838295617158     
        1163  -2572.5898711472291     
        1164  -2657.4382216807189     
        1165  -2636.0007378864734     
        1166  -2660.3191210913592     
        1167  -2644.3077983318390     
        1168  -2588.5031811807330     
        1169  -2610.3453205988390     
        1170  -2607.7685232234417     
        1171  -2614.4400915152041     
        1172  -2643.3480849673501     
        1173  -2612.4017424836134     
        1174  -2593.5778441948755     
        1175  -2594.9041631641994     
        1176  -2608.5356715439470     
        1177  -2638.3642205881306     
        1178  -2569.4850314729974     
        1179  -2629.2464156885153     
        1180  -2622.7040706581784     
        1181  -2625.9031256034427     
        1182  -2640.1973901866154     
        1183  -2625.5041397772143     
        1184  -2602.8104453935862     
        1185  -2620.4962245264146     
        1186  -2594.9066204764626     
        1187  -2585.2447344201382     
        1188  -2554.7888797611681     
        1189  -2560.7640051631884     
        1190  -2628.5401661225264     
        1191  -2628.6029791399251     
        1192  -2665.7505015943652     
        1193  -2561.3174109440802     
        1194  -2643.2460968801070     
        1195  -2584.5519434883031     
        1196  -2571.8727220905125     
        1197  -2637.3133782357700     
        1198  -2601.3957316004535     
        1199  -2594.4128580399238     
        1200  -2610.7939666079637     
        1201  -2586.8629241874032     
        1202  -2567.0664227761117     
        1203  -2607.4519382984731     
        1204  -2542.2520329428385     
        1205  -2559.8321529340842     
        1206  -2555.9383648938551     
        1207  -2559.3005512322434     
        1208  -2575.8959989754926     
        1209  -2674.3063323473589     
        1210  -2613.0173948061206     
        1211  -2582.9440242408400     
        1212  -2576.6619447477915     
        1213  -2556.2744111659986     
        1214  -2554.1967688589898     
        1215  -2491.1257408323281     
        1216  -2511.2820337916996     
        1217  -2524.3275025590274     
        1218  -2550.1566251286085     
        1219  -2554.2073655291847     
        1220  -2560.7773630872507     
        1221  -2564.0788110629901     
        1222  -2510.0621245473994     
        1223  -2544.2943378837508     
        1224  -2575.2367730558117     
        1225  -2520.2150483439673     
        1226  -2487.1719647772734     
        1227  -2517.6565647511466     
        1228  -2483.4078254993565     
        1229  -2537.7345077630598     
        1230  -2569.8601396135136     
        1231  -2509.6844039298689     
        1232  -2532.6009586757136     
        1233  -2479.1684375134496     
        1234  -2478.9188246982194     
        1235  -2520.5741643591987     
        1236  -2435.0602521927954     
        1237  -2505.1576848204718     
        1238  -2499.9610744225120     
        1239  -2500.6140858690837     
        1240  -2460.2640325889083     
        1241  -2497.7799989595342     
        1242  -2543.4756647984682     
        1243  -2545.1963113022853     
        1244  -2552.8579425829098     
        1245  -2595.9220848142886     
        1246  -2526.3071316497449     
        1247  -2548.0793696204928     
        1248  -2557.7115803363622     
        1249  -2546.3917566401706     
        1250  -2570.0863895505781     
        1251  -2564.2848986943941     
        1252  -2602.6175261678786     
        1253  -2587.2071244365447     
        1254  -2578.8703337763086     
        1255  -2564.4268769795517     
        1256  -2550.1409830388470     
        1257  -2527.9376791787768     
        1258  -2504.8258721058210     
        1259  -2571.1869160225579     
        1260  -2627.5429491061213     
        1261  -2500.4458841814953     
        1262  -2487.2835435372458     
        1263  -2527.0876088210771     
        1264  -2523.9178592368430     
        1265  -2499.9038192730750     
        1266  -2503.0912692318748     
        1267  -2519.7976202385862     
        1268  -2532.5983458339847     
        1269  -2590.1969346912683     
        1270  -2590.0003232466802     
        1271  -2596.4791358877287     
        1272  -2523.2041078209891     
        1273  -2540.5064469284089     
        1274  -2567.3580630092702     
        1275  -2590.5067542385350     
        1276  -2577.7828121646644     
        1277  -2544.5245433644773     
        1278  -2536.3605148749280     
        1279  -2510.7156897318278     
        1280  -2478.5768796764733     
        1281  -2567.2546741539281     
        1282  -2560.0857100018297     
        1283  -2530.9969759704704     
        1284  -2540.7069075405961     
        1285  -2516.3985770707432     
        1286  -2548.7671726322656     
        1287  -2551.3500749779582     
        1288  -2520.1663432945884     
        1289  -2520.4992592748140     
        1290  -2473.6882226596003     
        1291  -2530.1768493353857     
        1292  -2591.5817311149613     
        1293  -2596.4517525514966     
        1294  -2511.6868220275669     
        1295  -2614.1669626201178     
        1296  -2627.1058265097959     
        1297  -2596.2385236604123     
        1298  -2599.2728995304528     
        1299  -2577.8584673611776     
        1300  -2561.7587889884849     
        1301  -2566.6500398389085     
        1302  -2582.2893288799341     
        1303  -2578.4762062964514     
        1304  -2584.4994017986842     
        1305  -2600.1986774068637     
        1306  -2622.2259990593416     
        1307  -2607.8773319566812     
        1308  -2612.3720923490000     
        1309  -2636.5212186919498     
        1310  -2604.7905293072104     
        1311  -2586.9270553126034     
        1312  -2577.6184558716031     
        1313  -2532.4239368567505     
        1314  -2593.4588795363675     
        1315  -2601.6725133792861     
        1316  -2582.8633449332560     
        1317  -2520.7016345440175     
        1318  -2601.1088726130902     
        1319  -2590.5139615267103     
        1320  -2527.9354972374431     
        1321  -2571.5736504766323     
        1322  -2580.4930032655216     
        1323  -2591.0852118237913     
        1324  -2569.2509140796697     
        1325  -2565.9182616065355     
        1326  -2599.9805682466072     
        1327  -2597.9268943575235     
        1328  -2637.1513669586702     
        1329  -2624.3074377967914     
        1330  -2635.8535671261766     
        1331  -2666.4815068155940     
        1332  -2594.3642314541157     
        1333  -2636.0514567909718     
        1334  -2638.4435829960653     
        1335  -2663.9456001917215     
        1336  -2607.3501395826338     
        1337  -2673.9043453805134     
        1338  -2679.4293002572917     
        1339  -2692.6528106944879     
        1340  -2654.4793918749224     
        1341  -2604.5184839392473     
        1342  -2660.0907862762829     
        1343  -2651.1829338741391     
        1344  -2689.0724302022250     
        1345  -2701.6712147361814     
        1346  -2680.9813777701661     
        1347  -2681.6218303496921     
        1348  -2633.7443893352533     
        1349  -2653.0942237990257     
        1350  -2654.3291341256559     
        1351  -2705.1177892044379     
        1352  -2662.1411653912983     
        1353  -2619.3100751057264     
        1354  -2597.6097079134397     
        1355  -2614.0520699349709     
        1356  -2646.4973570070356     
        1357  -2596.6711430661785     
        1358  -2558.1096476828784     
        1359  -2608.2731758590389     
        1360  -2575.8556222325792     
        1361  -2526.3527227701406     
        1362  -2527.4563631433848     
        1363  -2559.3194971333041     
        1364  -2536.7708187499984     
        1365  -2527.3649120509299     
        1366  -2572.0284795841794     
        1367  -2552.1417626784405     
        1368  -2578.8846403257539     
        1369  -2527.0688808587952     
        1370  -2543.4957211572605     
        1371  -2563.6024756820420     
        1372  -2624.0481076120118     
        1373  -2550.6084840412359     
        1374  -2596.3629185149862     
        1375  -2547.0753823504351     
        1376  -2568.5502597551049     
        1377  -2581.8252914725313     
        1378  -2613.5201362138932     
        1379  -2575.8821132603271     
        1380  -2526.5765253019399     
        1381  -2531.4986945005598     
        1382  -2604.0947062901487     
        1383  -2582.3382207505870     
        1384  -2543.3587932143923     
        1385  -2559.4408992573972     
        1386  -2572.5781531532789     
        1387  -2562.1702528476130     
        1388  -2541.2112856520821     
        1389  -2565.2867140081958     
        1390  -2619.0427674920775     
        1391  -2530.3951907790088     
        1392  -2543.0722539045078     
        1393  -2488.2847896170601     
        1394  -2518.4223651093648     
        1395  -2607.9838455475792     
        1396  -2612.3340602929106     
        1397  -2531.7312469421131     
        1398  -2581.5707779274653     
        1399  -2593.9244896825121     
        1400  -2564.2545886485204     
        1401  -2552.2875376559145     
        1402  -2549.9392537967678     
        1403  -2556.7353987072875     
        1404  -2570.2906211708037     
        1405  -2538.9070903197917     
        1406  -2584.2180268278626     
        1407  -2547.2622559068113     
        1408  -2547.7104619887969     
        1409  -2556.8157862186536     
        1410  -2586.3086472301470     
        1411  -2589.9771619413978     
        1412  -2564.4568116702389     
        1413  -2524.1866186567113     
        1414  -2495.6889958128504     
        1415  -2489.5083082162373     
        1416  -2487.2265768073444     
        1417  -2538.9362494139377     
        1418  -2580.1020751377455     
        1419  -2488.9864947690362     
        1420  -2530.5323999606003     
        1421  -2526.2687049102524     
        1422  -2523.1816658388570     
        1423  -2522.8652966094314     
        1424  -2540.4118811731196     
        1425  -2528.4391301420342     
        1426  -2536.5307783811245     
        1427  -2504.9241106800123     
        1428  -2518.9463932256344     
        1429  -2505.6383828044482     
        1430  -2543.7195433977940     
        1431  -2543.3612458128632     
        1432  -2514.8357001175023     
        1433  -2529.2754833907670     
        1434  -2541.0216781519607     
        1435  -2494.1405761284136     
        1436  -2626.1977565738648     
        1437  -2589.0026467349453     
        1438  -2529.7464427729838     
        1439  -2518.4888255075812     
        1440  -2562.3992150568197     
        1441  -2591.3503267416972     
        1442  -2482.7154890704137     
        1443  -2498.6399832198044     
        1444  -2490.4013824835115     
        1445  -2507.2515418163161     
        1446  -2519.0948061771273     
        1447  -2556.1763521156900     
        1448  -2556.9483534473161     
        1449  -2563.0820904491120     
        1450  -2583.0417250616774     
        1451  -2523.1470456824854     
        1452  -2474.6057110188726     
        1453  -2509.4104225901010     
        1454  -2518.0314348418869     
        1455  -2566.8204246523769     
        1456  -2543.2350695778719     
        1457  -2583.5628859132626     
        1458  -2547.7450146443130     
        1459  -2575.8260085520133     
        1460  -2578.5315596631449     
        1461  -2625.0523747065790     
        1462  -2551.1954150760903     
        1463  -2574.2294855363521     
        1464  -2588.2203093392204     
        1465  -2568.9035800391885     
        1466  -2529.8996533971967     
        1467  -2604.5851424416333     
        1468  -2574.4877976131679     
        1469  -2593.6481485916934     
        1470  -2580.4657862383920     
        1471  -2583.6554746204620     
        1472  -2592.4110234535242     
        1473  -2576.1261956658609     
        1474  -2558.8184559718229     
        1475  -2579.3818373567219     
        1476  -2598.4034647518138     
        1477  -2564.6742251953824     
        1478  -2601.4698785525934     
        1479  -2586.9257281822970     
        1480  -2617.5137003167879     
        1481  -2609.9309242702348     
        1482  -2548.9595983986205     
        1483  -2552.9801774192852     
        1484  -2601.4036605810802     
        1485  -2625.8239341225644     
        1486  -2595.8323156944880     
        1487  -2613.1933063354213     
        1488  -2562.4623908468807     
        1489  -2557.1407126355880     
        1490  -2618.8278818285339     
        1491  -2637.0669393228841     
        1492  -2602.9849832560121     
        1493  -2609.9272530810990     
        1494  -2606.6909304054316     
        1495  -2602.3769137663803     
        1496  -2543.5185899278749     
        1497  -2535.2192261842974     
        1498  -2542.0801931846590     
        1499  -2587.9790844562881     
        1500  -2560.3639718919708     
        1501  -2565.1221874965408     
        1502  -2631.6563803773952     
        1503  -2630.2882825468319     
        1504  -2642.3872600192640     
        1505  -2527.9743261983358     
        1506  -2528.1190416661325     
        1507  -2599.2286104072300     
        1508  -2630.4207724744542     
        1509  -2604.5262872552244     
        1510  -2632.6716502557251     
        1511  -2584.0148122132346     
        1512  -2568.6544442763989     
        1513  -2604.0914559641246     
        1514  -2572.6821248079245     
        1515  -2559.0171492086179     
        1516  -2552.9152827688226     
        1517  -2644.3042767236348     
        1518  -2596.2373907192682     
        1519  -2633.3804460611213     
        1520  -2623.8493895334968     
        1521  -2644.8071739352358     
        1522  -2593.8394999211255     
        1523  -2565.2633048937810     
        1524  -2529.7089385595091     
        1525  -2564.3613050416857     
        1526  -2531.2222065838455     
        1527  -2630.4965230148960     
        1528  -2589.7674515048484     
        1529  -2607.0244480246079     
        1530  -2578.0069257895052     
        1531  -2545.3147534183104     
        1532  -2573.0470292868240     
        1533  -2592.4080534107834     
        1534  -2551.0419051500953     
        1535  -2585.1524576966349     
        1536  -2583.7527580336559     
        1537  -2586.3178129661951     
        1538  -2667.8975883055396     
        1539  -2582.9082626558338     
        1540  -2582.8975528194328     
        1541  -2635.2860002325569     
        1542  -2643.1558237947715     
        1543  -2596.9209486840514     
        1544  -2593.3771561790036     
        1545  -2568.6283794762412     
        1546  -2613.6122308206432     
        1547  -2591.0112307426261     
        1548  -2600.9419140645259     
        1549  -2572.3897456632526     
        1550  -2637.7464945076849     
        1551  -2617.9307918366553     
        1552  -2616.0306775411741     
        1553  -2594.3764339212435     
        1554  -2565.7086988355695     
        1555  -2591.1565723095323     
        1556  -2547.5165114535912     
        1557  -2544.9005946066663     
        1558  -2535.3146859670442     
        1559  -2538.0445885127124     
        1560  -2587.1238861813399     
        1561  -2585.1915798465207     
        1562  -2629.7021851701215     
        1563  -2570.8507273506170     
        1564  -2604.1417203064984     
        1565  -2569.7007582507654     
        1566  -2622.3636674538529     
        1567  -2603.6631880016566     
        1568  -2596.3718692320567     
        1569  -2609.9445443185223     
        1570  -2640.9102209582375     
        1571  -2609.5354878397684     
        1572  -2551.2630575494372     
        1573  -2589.9861704595528     
        1574  -2586.9060034431100     
        1575  -2585.0036938032513     
        1576  -2567.8401417062491     
        1577  -2547.9330721795377     
        1578  -2574.8417618975618     
        1579  -2566.6247428867209     
        1580  -2617.9297885009451     
        1581  -2569.6927918830843     
        1582  -2528.6944256560573     
        1583  -2541.6241891744371     
        1584  -2511.4859748650656     
        1585  -2457.5886173915560     
        1586  -2462.8801562287131     
        1587  -2474.9097119212643     
        1588  -2427.6513699924899     
        1589  -2458.2382266295608     
        1590  -2454.1571544917988     
        1591  -2476.6197277834999     
        1592  -2527.1577887589897     
        1593  -2497.1384382764877     
        1594  -2533.1431385850201     
        1595  -2528.1557549700719     
        1596  -2534.9313833688520     
        1597  -2508.9042157430849     
        1598  -2484.5215862321047     
        1599  -2545.3103390954093     
        1600  -2552.6307121474833     
        1601  -2555.5426459074688     
        1602  -2526.9326725464443     
        1603  -2538.0359914765900     
        1604  -2596.1407241945308     
        1605  -2610.4873702582581     
        1606  -2650.7353267375252     
        1607  -2572.3080094922520     
        1608  -2575.4821809320820     
        1609  -2633.0976119385414     
        1610  -2585.2906546484573     
        1611  -2630.0201888900738     
        1612  -2683.5250078769805     
        1613  -2660.4821799604956     
        1614  -2650.1469978271803     
        1615  -2626.0638522931349     
        1616  -2579.3244544197287     
        1617  -2594.6448783761625     
        1618  -2590.3868307504258     
        1619  -2661.8714151559125     
        1620  -2654.1091051419276     
        1621  -2660.4535997022867     
        1622  -2606.4771356287470     
        1623  -2582.2552137267517     
        1624  -2557.0649322042041     
        1625  -2505.3551422466116     
        1626  -2492.3737977516780     
        1627  -2526.5504480883897     
        1628  -2528.0877209359164     
        1629  -2554.8447675693824     
        1630  -2566.0836702684805     
        1631  -2608.6369627433064     
        1632  -2560.2479821721213     
        1633  -2541.3560430910443     
        1634  -2559.7219000344699     
        1635  -2567.7298508831009     
        1636  -2578.5265321908309     
        1637  -2557.1500309264097     
        1638  -2586.8934179848789     
        1639  -2560.8649191673803     
        1640  -2522.4644924419895     
        1641  -2556.8135676997886     
        1642  -2593.7801388785751     
        1643  -2585.9082981313686     
        1644  -2585.8407147618400     
        1645  -2553.9538245091699     
        1646  -2550.4935166124760     
        1647  -2542.0760171019319     
        1648  -2537.1469434709629     
        1649  -2559.9742410993490     
        1650  -2562.3547583921686     
        1651  -2566.7091560034128     
        1652  -2557.7220584628612     
        1653  -2561.7625159846370     
        1654  -2550.3843171122344     
        1655  -2546.1283070841396     
        1656  -2586.5273891219013     
        1657  -2589.6963101406827     
        1658  -2579.7397369659375     
        1659  -2546.0689138228549     
        1660  -2555.0581916803740     
        1661  -2504.8776738327406     
        1662  -2593.4031632501847     
        1663  -2533.5233342720376     
        1664  -2498.1298350761576     
        1665  -2537.2262632625584     
        1666  -2581.6355834341175     
        1667  -2567.4807351074628     
        1668  -2549.8529434209163     
        1669  -2594.1000314840708     
        1670  -2583.5540711721042     
        1671  -2551.1453748177255     
        1672  -2566.6064632109087     
        1673  -2597.3966029792578     
        1674  -2620.9914790316293     
        1675  -2625.2215897191750     
        1676  -2564.2152500649304     
        1677  -2571.6405559829614     
        1678  -2610.9193623230449     
        1679  -2583.2269111881938     
        1680  -2599.5143476662270     
        1681  -2593.7243111593725     
        1682  -2588.3897312186659     
        1683  -2541.0692797928241     
        1684  -2560.7051265198961     
        1685  -2563.8579904068324     
        1686  -2629.9576079489661     
        1687  -2621.6045980312342     
        1688  -2599.4652598179559     
        1689  -2623.0514118055153     
        1690  -2572.0323557520569     
        1691  -2561.0981775878613     
        1692  -2576.2740168253072     
        1693  -2579.8669347216387     
        1694  -2575.6944332034627     
        1695  -2537.4416182103673     
        1696  -2520.4638075926341     
        1697  -2545.2211540675416     
        1698  -2525.6036802892722     
        1699  -2523.8317404125628     
        1700  -2533.4709698413690     
        1701  -2542.4545018335107     
        1702  -2551.4847031247468     
        1703  -2538.8837734349422     
        1704  -2504.9108071318587     
        1705  -2510.7245397371639     
        1706  -2574.7653879491254     
        1707  -2547.2333298244957     
        1708  -2600.3641986079760     
        1709  -2610.1622152083792     
        1710  -2594.4570325068876     
        1711  -2571.9255675612576     
        1712  -2556.6303087688484     
        1713  -2530.4721069850461     
        1714  -2603.7157238709860     
        1715  -2595.4302518545146     
        1716  -2552.5320109590707     
        1717  -2532.5453522330590     
        1718  -2578.7882110818500     
        1719  -2560.1601085503348     
        1720  -2588.0344369276909     
        1721  -2587.7257492274412     
        1722  -2599.5957555769969     
        1723  -2590.9628446560023     
        1724  -2541.5777172549583     
        1725  -2566.7526969799092     
        1726  -2556.2913913074981     
        1727  -2562.9178405550083     
        1728  -2580.0706643556200     
        1729  -2589.8617235200941     
        1730  -2588.2705091102898     
        1731  -2586.9244662380220     
        1732  -2594.6505795075709     
        1733  -2603.4138223764858     
        1734  -2595.4990654475728     
        1735  -2587.8790960831438     
        1736  -2599.7536690548600     
        1737  -2567.5545324313421     
        1738  -2529.5933530956922     
        1739  -2599.6299667748281     
        1740  -2541.5558709705292     
        1741  -2546.2839276992777     
        1742  -2592.9579585924707     
        1743  -2501.7523435462354     
        1744  -2529.5691609390860     
        1745  -2600.1006360672704     
        1746  -2626.3975711805174     
        1747  -2582.6654798296645     
        1748  -2573.2715048570681     
        1749  -2554.2331496971824     
        1750  -2578.6929662932898     
        1751  -2540.9777711595029     
        1752  -2542.2501633211518     
        1753  -2621.5743122244144     
        1754  -2546.3667364384469     
        1755  -2550.8815846762845     
        1756  -2599.0493311767891     
        1757  -2630.7570539785806     
        1758  -2612.3452320626029     
        1759  -2577.3133491883527     
        1760  -2585.7745876776803     
        1761  -2622.1195873632414     
        1762  -2570.1226644070916     
        1763  -2632.4452356370730     
        1764  -2570.5910389191681     
        1765  -2592.3093711095771     
        1766  -2592.8254178668767     
        1767  -2584.4800854218006     
        1768  -2598.1844701251212     
        1769  -2654.2591776542913     
        1770  -2624.3705716652084     
        1771  -2594.7607508634128     
        1772  -2603.5479656781908     
        1773  -2519.6954551646859     
        1774  -2528.3719078873410     
        1775  -2604.1538150949928     
        1776  -2577.9148334739339     
        1777  -2581.9698825217592     
        1778  -2519.7878906647488     
        1779  -2542.3705032428752     
        1780  -2564.5113037622423     
        1781  -2593.7242617530183     
        1782  -2557.8999630607050     
        1783  -2515.0517554574822     
        1784  -2520.6558621496920     
        1785  -2512.6895122544133     
        1786  -2615.5458654645204     
        1787  -2573.0671999253232     
        1788  -2580.4767308321361     
        1789  -2508.4243973439461     
        1790  -2494.2461225421857     
        1791  -2515.9090404560447     
        1792  -2519.5526335557211     
        1793  -2514.1078542673808     
        1794  -2537.0594100015483     
        1795  -2536.7282008643265     
        1796  -2557.9733054758681     
        1797  -2549.4381071302237     
        1798  -2500.9931926656645     
        1799  -2505.6641811695126     
        1800  -2495.4678197179492     
        1801  -2463.0622827609418     
        1802  -2508.8986759786344     
        1803  -2496.4203568805328     
        1804  -2587.2170813347307     
        1805  -2531.1714602187344     
        1806  -2509.3563582378138     
        1807  -2591.0765876875766     
        1808  -2554.5891451868565     
        1809  -2547.3539595283823     
        1810  -2579.9633457239183     
        1811  -2563.3897160143088     
        1812  -2598.7022160622591     
        1813  -2550.2458537913271     
        1814  -2584.7929714379488     
        1815  -2595.8686929822775     
        1816  -2547.6526838245263     
        1817  -2554.3630035519309     
        1818  -2542.8092557807827     
        1819  -2549.3971329597648     
        1820  -2579.1170044973401     
        1821  -2519.7228227147457     
        1822  -2567.2986049154561     
        1823  -2581.0938687813273     
        1824  -2541.8163307182394     
        1825  -2511.8663739031408     
        1826  -2569.1577376643700     
        1827  -2515.5990078589889     
        1828  -2555.0533221990631     
        1829  -2508.5828080476304     
        1830  -2561.1634007587095     
        1831  -2550.2662196382025     
        1832  -2541.0771206809586     
        1833  -2536.8998676590281     
        1834  -2479.1538713368313     
        1835  -2515.5413130302773     
        1836  -2521.3458761211086     
        1837  -2510.5793342639140     
        1838  -2546.4340032377459     
        1839  -2557.8881040318715     
        1840  -2569.5569990660824     
        1841  -2554.1157123504418     
        1842  -2546.3880091177812     
        1843  -2554.8003386996779     
        1844  -2529.4750369508142     
        1845  -2563.0039023766708     
        1846  -2584.6689956903406     
        1847  -2539.6514351556493     
        1848  -2594.8132647073116     
        1849  -2556.7144762948838     
        1850  -2539.4662114455209     
        1851  -2545.6444672405719     
        1852  -2554.2975134512312     
        1853  -2573.6196603942753     
        1854  -2598.4070275267272     
        1855  -2564.2475507733034     
        1856  -2523.2619176996927     
        1857  -2542.2291386275106     
        1858  -2490.2092453117189     
        1859  -2463.8989906564116     
        1860  -2549.8568295400155     
        1861  -2554.7730878394718     
        1862  -2543.4746622273697     
        1863  -2518.3403315501796     
        1864  -2470.4864759375250     
        1865  -2451.2944089409239     
        1866  -2445.7138648398432     
        1867  -2436.6650178145615     
        1868  -2530.8455771551708     
        1869  -2480.4631786874843     
        1870  -2508.1757234492602     
        1871  -2584.7894350545971     
        1872  -2538.4057335863204     
        1873  -2534.8250191235825     
        1874  -2475.1889646384689     
        1875  -2460.2368048556068     
        1876  -2468.1432152192033     
        1877  -2494.7897835757358     
        1878  -2504.4938214127451     
        1879  -2495.1231408756407     
        1880  -2509.8809455917844     
        1881  -2507.8414060816699     
        1882  -2561.6267648884573     
        1883  -2504.3065862941467     
        1884  -2526.0755324501210     
        1885  -2522.4208650716623     
        1886  -2553.1686130142493     
        1887  -2558.7379977747169     
        1888  -2505.2840070464358     
        1889  -2512.4182900054620     
        1890  -2514.1788826167717     
        1891  -2581.5608996804608     
        1892  -2601.4069882937097     
        1893  -2614.3006789505757     
        1894  -2620.7171691471081     
        1895  -2630.4941842929188     
        1896  -2628.4695234966343     
        1897  -2624.9672403040081     
        1898  -2645.5323842051002     
        1899  -2601.1677647084248     
        1900  -2535.0603235351064     
        1901  -2522.4209262518252     
        1902  -2555.6036771289873     
        1903  -2579.8688820681818     
        1904  -2546.9034093337600     
        1905  -2529.4069155562925     
        1906  -2564.1136779544536     
        1907  -2501.9992419402952     
        1908  -2476.4938473279403     
        1909  -2491.6773205950581     
        1910  -2554.1483310800209     
        1911  -2530.5012279890343     
        1912  -2553.5161502486881     
        1913  -2578.0673926566283     
        1914  -2538.2883622140948     
        1915  -2512.7849726045470     
        1916  -2539.5585415379692     
        1917  -2543.7888790922143     
        1918  -2577.6278562575994     
        1919  -2603.6084583201118     
        1920  -2624.8636841640823     
        1921  -2584.5017508593833     
        1922  -2570.8591439548591     
        1923  -2581.5520613032581     
        1924  -2567.1200790818680     
        1925  -2586.0850311422200     
        1926  -2593.3284304213121     
        1927  -2555.4626660036083     
        1928  -2491.8793403335881     
        1929  -2539.5989838645291     
        1930  -2564.5867213355828     
        1931  -2534.6343038486989     
        1932  -2555.6455277249938     
        1933  -2477.7076089740303     
        1934  -2480.8140717603424     
        1935  -2520.8397549847223     
        1936  -2516.8372080289651     
        1937  -2508.9485644069946     
        1938  -2550.8366649067439     
        1939  -2536.4205386323265     
        1940  -2437.1784307016414     
        1941  -2453.9037472145133     
        1942  -2481.9592885208190     
        1943  -2527.8271103171755     
        1944  -2479.8628343216819     
        1945  -2520.2945014304228     
        1946  -2536.5078787891566     
        1947  -2556.8057732793841     
        1948  -2553.9858395178239     
        1949  -2582.4064946433205     
        1950  -2559.3056225538439     
        1951  -2563.2381058486467     
        1952  -2589.8698667204417     
        1953  -2565.5330702460319     
        1954  -2553.8076968484379     
        1955  -2548.2978612634133     
        1956  -2511.4332052479126     
        1957  -2471.5038221228479     
        1958  -2526.5531281905255     
        1959  -2517.6678699169793     
        1960  -2547.8774800324632     
        1961  -2524.8066730808796     
        1962  -2537.7986626166089     
        1963  -2586.8361254266279     
        1964  -2549.5424573414202     
        1965  -2578.4785728089801     
        1966  -2562.1097304785358     
        1967  -2551.3176905045698     
        1968  -2567.2115226477736     
        1969  -2526.4133027834337     
        1970  -2546.8202818036921     
        1971  -2624.9904711620279     
        1972  -2609.7068034168065     
        1973  -2582.4651133377379     
        1974  -2560.1707912146298     
        1975  -2508.6060895681267     
        1976  -2486.0216950427198     
        1977  -2551.3859219456822     
        1978  -2622.6046488606066     
        1979  -2600.6069948246127     
        1980  -2617.3937247645454     
        1981  -2623.9670633555561     
        1982  -2607.1067324972441     
        1983  -2621.5358496255112     
        1984  -2616.8841344532852     
        1985  -2645.2239130975217     
        1986  -2605.6294636957591     
        1987  -2583.3028236241662     
        1988  -2627.5695722142673     
        1989  -2632.5612627189807     
        1990  -2523.1052835419464     
        1991  -2571.7444529647528     
        1992  -2557.5610274245632     
        1993  -2596.5751243861923     
        1994  -2589.4690953984864     
        1995  -2581.0427876321332     
        1996  -2566.2848728352569     
        1997  -2514.1674944883944     
        1998  -2588.6377134720810     
        1999  -2542.3661978037148     
        2000  -2551.2459497279451     
