 SAMPLE,  ENERGY
           1  -2591.2619085798560     
           2  -2586.4836631265716     
           3  -2653.8965995686144     
           4  -2638.3908303028229     
           5  -2610.7875484492374     
           6  -2587.6939937647603     
           7  -2616.9638198791708     
           8  -2616.6056417394771     
           9  -2570.1701737821877     
          10  -2615.4018877935459     
          11  -2650.8966901851113     
          12  -2614.5730027388090     
          13  -2641.5551608329820     
          14  -2616.7088334482482     
          15  -2564.3775659275093     
          16  -2570.6394583428250     
          17  -2568.6209559575300     
          18  -2611.8810221680592     
          19  -2594.9231759610884     
          20  -2614.3274715569487     
          21  -2601.4168971022245     
          22  -2585.1571704317903     
          23  -2624.9456672410925     
          24  -2641.2456821268493     
          25  -2616.4874994399224     
          26  -2649.8066017508909     
          27  -2599.2130938007490     
          28  -2585.9153102655982     
          29  -2585.7259516691156     
          30  -2618.5304815045833     
          31  -2618.6857289697468     
          32  -2623.9833850011269     
          33  -2661.4602671462071     
          34  -2593.5979933678309     
          35  -2616.1508126715412     
          36  -2614.6346295275025     
          37  -2554.9489371183527     
          38  -2569.2007850700584     
          39  -2574.9131433294924     
          40  -2604.3579419036591     
          41  -2605.3428293657430     
          42  -2600.7610687507095     
          43  -2573.1272712030504     
          44  -2576.9119044201070     
          45  -2627.1057542793792     
          46  -2665.2173016411862     
          47  -2626.7741551859635     
          48  -2596.5968924092713     
          49  -2591.6905561738122     
          50  -2610.7744185687366     
          51  -2645.3144625439486     
          52  -2609.5995170822212     
          53  -2625.9360907939249     
          54  -2582.5581749196681     
          55  -2654.3631197603045     
          56  -2610.0625765472655     
          57  -2599.5209378063714     
          58  -2570.2168896584890     
          59  -2600.6861936620462     
          60  -2595.9370192712995     
          61  -2649.5596200603413     
          62  -2644.8195598718044     
          63  -2658.2167181619743     
          64  -2648.8608916268081     
          65  -2608.8029615646251     
          66  -2592.5553458174663     
          67  -2596.3453777492746     
          68  -2551.8412795991203     
          69  -2592.9966362440741     
          70  -2586.8000912424473     
          71  -2612.7548352789881     
          72  -2612.4854898191766     
          73  -2510.6235561979997     
          74  -2584.5131461800665     
          75  -2588.6442073242401     
          76  -2596.8745483596695     
          77  -2582.6989818852421     
          78  -2564.3816376998470     
          79  -2613.5691752131670     
          80  -2584.4852741019517     
          81  -2589.2609868302238     
          82  -2562.2583540977512     
          83  -2575.3287188264603     
          84  -2586.3066264145982     
          85  -2629.3956161409515     
          86  -2600.3720383290120     
          87  -2616.2170050930581     
          88  -2616.3766180083894     
          89  -2581.2071294960710     
          90  -2673.8573350365559     
          91  -2615.9715883153344     
          92  -2561.9539628955431     
          93  -2568.2158730223960     
          94  -2578.5364335085865     
          95  -2622.3883336702770     
          96  -2615.4016392343233     
          97  -2539.6105398997834     
          98  -2546.9807660912847     
          99  -2560.3699369008309     
         100  -2578.7032251693754     
         101  -2618.7848054214946     
         102  -2621.0884942867815     
         103  -2644.1145803529298     
         104  -2640.0419054847316     
         105  -2634.3529942168548     
         106  -2629.5442570091145     
         107  -2573.1186805143147     
         108  -2592.3665629608458     
         109  -2635.0615613020932     
         110  -2612.3662305235903     
         111  -2590.8295761882327     
         112  -2576.0708691066307     
         113  -2576.9208605188446     
         114  -2615.4262574498957     
         115  -2615.8275267561994     
         116  -2593.5722000245514     
         117  -2585.8678836887070     
         118  -2575.4934448850063     
         119  -2571.6037080227425     
         120  -2626.8141358688690     
         121  -2646.3161000098353     
         122  -2603.5229475324700     
         123  -2617.9818908575280     
         124  -2605.5150989284525     
         125  -2611.2208611597607     
         126  -2601.3418017517638     
         127  -2621.6588140201343     
         128  -2573.5567687586590     
         129  -2571.8953441214053     
         130  -2596.5138700011330     
         131  -2631.2979144842875     
         132  -2680.8525270598989     
         133  -2573.0417927702001     
         134  -2651.6258286534744     
         135  -2596.2782205678700     
         136  -2554.6523550203206     
         137  -2591.1026209331458     
         138  -2612.4450891118422     
         139  -2540.6961144861752     
         140  -2581.6290823125164     
         141  -2616.1956189182165     
         142  -2539.5103425911152     
         143  -2592.6499732351617     
         144  -2529.8444293009538     
         145  -2606.3007580714288     
         146  -2527.9442555020055     
         147  -2575.1387903486466     
         148  -2610.0412478051471     
         149  -2610.5188367600699     
         150  -2574.5243518701409     
         151  -2597.1342356001196     
         152  -2581.3331792006402     
         153  -2553.7150668367549     
         154  -2551.2053713526166     
         155  -2549.9914260415048     
         156  -2556.0598873552681     
         157  -2602.2944690018021     
         158  -2544.4372715171307     
         159  -2528.9557361923225     
         160  -2554.8879355169497     
         161  -2627.1120006486617     
         162  -2624.7053643744553     
         163  -2554.7543105669433     
         164  -2577.7505777984097     
         165  -2558.2338748285774     
         166  -2584.4957273966834     
         167  -2586.0782203000631     
         168  -2604.4171286336932     
         169  -2596.8165911057768     
         170  -2582.0686189617804     
         171  -2516.7428474176841     
         172  -2532.2130170494956     
         173  -2585.1114616065397     
         174  -2537.3354018009040     
         175  -2568.7504394673870     
         176  -2608.3198928926449     
         177  -2607.2515887685586     
         178  -2600.9339460898655     
         179  -2594.0657570648978     
         180  -2553.4862035318520     
         181  -2608.5457744291739     
         182  -2608.9999310697044     
         183  -2594.9326100453327     
         184  -2604.5304527720455     
         185  -2579.0483391216831     
         186  -2586.2521365928374     
         187  -2526.9912853906844     
         188  -2478.5671729574651     
         189  -2604.1770106316339     
         190  -2605.6615750318761     
         191  -2597.5948055993263     
         192  -2619.6228019330479     
         193  -2563.5793127668139     
         194  -2558.5009805882296     
         195  -2607.7608817506116     
         196  -2550.8247896554790     
         197  -2522.4285471763519     
         198  -2575.4015009077339     
         199  -2584.1220284443957     
         200  -2580.7362241559945     
         201  -2533.2764147591115     
         202  -2503.8427956980631     
         203  -2495.0152931262901     
         204  -2526.1301828915280     
         205  -2527.3665828701528     
         206  -2512.9275269121581     
         207  -2507.8543821756566     
         208  -2547.9496827710909     
         209  -2562.5099964016595     
         210  -2530.4532405822770     
         211  -2580.4317929153435     
         212  -2544.4925219482047     
         213  -2526.8759368637629     
         214  -2561.2959580135484     
         215  -2596.9657968273359     
         216  -2549.8843006281604     
         217  -2547.4645282960955     
         218  -2532.3715722720590     
         219  -2580.9928048398924     
         220  -2598.1367194989330     
         221  -2626.7673628324742     
         222  -2608.1861808350941     
         223  -2560.8370943769005     
         224  -2618.1681588184224     
         225  -2607.1914092252487     
         226  -2615.8575060418880     
         227  -2597.4824109801202     
         228  -2568.8562656434810     
         229  -2580.7624363995424     
         230  -2585.5368144791232     
         231  -2536.9147063322580     
         232  -2552.5904034351156     
         233  -2570.2679610748587     
         234  -2563.3142059468992     
         235  -2532.4894925326030     
         236  -2630.1589161832680     
         237  -2620.7651631622821     
         238  -2628.3860381913432     
         239  -2556.3430303727487     
         240  -2576.3470718132157     
         241  -2588.4968387018243     
         242  -2610.8772681988567     
         243  -2583.2738382120779     
         244  -2605.1057542724398     
         245  -2560.6287036109761     
         246  -2557.1114158717564     
         247  -2600.0133761565098     
         248  -2583.4959791485917     
         249  -2536.4680154941652     
         250  -2568.8625881294888     
         251  -2552.9049049143382     
         252  -2530.8077673935445     
         253  -2554.0173055463856     
         254  -2528.8461024281514     
         255  -2633.5229171198835     
         256  -2649.5464727727240     
         257  -2637.8295369571742     
         258  -2645.8914418848290     
         259  -2623.0236526985000     
         260  -2561.7693468245820     
         261  -2565.1369508711937     
         262  -2528.5351735180870     
         263  -2477.7134249348164     
         264  -2457.1435609416003     
         265  -2556.2037429294141     
         266  -2523.5370308426473     
         267  -2562.2412924892537     
         268  -2491.9635980835615     
         269  -2588.1601082757106     
         270  -2588.8393280520713     
         271  -2471.3090504693919     
         272  -2553.1281007839498     
         273  -2540.7571608448961     
         274  -2562.3870294383996     
         275  -2550.6936220732450     
         276  -2556.2494725431493     
         277  -2581.2565200632102     
         278  -2612.2506068059697     
         279  -2615.9885265976541     
         280  -2592.8285639716873     
         281  -2608.4799018871236     
         282  -2566.4505010224225     
         283  -2528.6371739514834     
         284  -2518.8367445145136     
         285  -2544.7880287919061     
         286  -2606.6205176552207     
         287  -2666.4101999643226     
         288  -2629.6618338946491     
         289  -2652.6009147260870     
         290  -2587.9544557010850     
         291  -2627.3933734442744     
         292  -2646.2605568629206     
         293  -2646.2486193058890     
         294  -2642.5267707054495     
         295  -2605.9850738006548     
         296  -2622.6783873253949     
         297  -2615.5556662727490     
         298  -2602.7827166713732     
         299  -2627.2500643795474     
         300  -2581.6831291095154     
         301  -2589.2643690275249     
         302  -2652.3689678756573     
         303  -2609.7658176884033     
         304  -2574.3252692571264     
         305  -2579.9980955949809     
         306  -2612.0477677662038     
         307  -2586.8808853630212     
         308  -2616.7556642334530     
         309  -2583.7299239236449     
         310  -2562.5008739771997     
         311  -2584.7975002175117     
         312  -2561.3291176929829     
         313  -2621.2758058685931     
         314  -2568.1327737804295     
         315  -2642.5279931840141     
         316  -2635.0828938720470     
         317  -2649.6384398831729     
         318  -2672.3801538116445     
         319  -2679.3897740547241     
         320  -2610.0807634638900     
         321  -2576.4936728123807     
         322  -2551.0364460711339     
         323  -2591.3720317458851     
         324  -2557.8036903378611     
         325  -2568.1982353247486     
         326  -2635.9241358853369     
         327  -2576.0907522182997     
         328  -2617.2357892817672     
         329  -2677.6541450812820     
         330  -2617.4226085285286     
         331  -2628.2032632650098     
         332  -2648.9046955796566     
         333  -2689.2266463001374     
         334  -2666.6156575773562     
         335  -2620.5949518665525     
         336  -2621.5499004007588     
         337  -2622.5443853329439     
         338  -2630.5130055207046     
         339  -2628.5432070561765     
         340  -2682.9225272098261     
         341  -2608.6366668434475     
         342  -2574.1320050998320     
         343  -2572.7638901267337     
         344  -2574.6613065424467     
         345  -2557.3389537767434     
         346  -2626.0018052728451     
         347  -2580.3562430206653     
         348  -2590.3927467691001     
         349  -2554.3355466616695     
         350  -2545.5688078242647     
         351  -2577.6717954105602     
         352  -2604.2955918083871     
         353  -2554.6982200197062     
         354  -2600.6211130159427     
         355  -2605.1879170049160     
         356  -2624.4086152487384     
         357  -2608.0556857263855     
         358  -2635.1200704362745     
         359  -2629.6957524806489     
         360  -2620.8646370273541     
         361  -2599.1930348338219     
         362  -2581.1524188423837     
         363  -2593.4743463422110     
         364  -2612.5649190858840     
         365  -2657.4976889837690     
         366  -2650.2907874869206     
         367  -2621.7677120337357     
         368  -2605.7218050598112     
         369  -2620.9422052023378     
         370  -2618.8157103175090     
         371  -2626.5484990307050     
         372  -2595.4804025825279     
         373  -2580.0674940034978     
         374  -2681.7665656579411     
         375  -2655.6788319543220     
         376  -2627.9623328829121     
         377  -2579.6098778982259     
         378  -2601.3644791731681     
         379  -2580.0244876777820     
         380  -2568.1207215213399     
         381  -2596.2884459547377     
         382  -2608.4117286159449     
         383  -2643.4593986960817     
         384  -2626.2739616661597     
         385  -2612.6772223928810     
         386  -2577.4844689915344     
         387  -2636.4126282707530     
         388  -2555.1767746680680     
         389  -2554.1471075938034     
         390  -2552.2701053682763     
         391  -2597.7058541773195     
         392  -2554.2712205883040     
         393  -2563.6064410255449     
         394  -2586.2139352862696     
         395  -2588.1341941330311     
         396  -2591.4979307336680     
         397  -2611.6130296946544     
         398  -2586.7225522798744     
         399  -2555.5664563318292     
         400  -2541.1936776531697     
         401  -2588.8597526401682     
         402  -2585.2580729427514     
         403  -2581.8336967290816     
         404  -2558.0012994292210     
         405  -2525.8921913371496     
         406  -2567.7018464448565     
         407  -2555.8414748456617     
         408  -2523.6239426033831     
         409  -2570.5564439578329     
         410  -2550.2083662132591     
         411  -2570.8529884493819     
         412  -2531.1737796725433     
         413  -2524.9765923342061     
         414  -2573.0333116399474     
         415  -2593.4841539266654     
         416  -2549.2608866855085     
         417  -2606.9848844664875     
         418  -2595.9344763140143     
         419  -2587.0020574020800     
         420  -2539.0283136411049     
         421  -2530.1449840371420     
         422  -2557.6762555658734     
         423  -2579.7024674268691     
         424  -2584.2018859378845     
         425  -2552.4736445077360     
         426  -2584.0226724500835     
         427  -2571.0303820698841     
         428  -2541.0010956628789     
         429  -2591.2460883222939     
         430  -2606.1963973491597     
         431  -2644.1197139761816     
         432  -2649.9093059586926     
         433  -2638.8487033754950     
         434  -2597.0924824722674     
         435  -2594.1157452623916     
         436  -2609.6910374258582     
         437  -2577.5429055486043     
         438  -2580.5311420224948     
         439  -2523.1184890908976     
         440  -2551.7368145654441     
         441  -2558.4963793471952     
         442  -2569.7479992457775     
         443  -2590.1437106397057     
         444  -2571.8501669948150     
         445  -2643.4625715513198     
         446  -2640.6625798745317     
         447  -2580.0726159670867     
         448  -2575.9509325074068     
         449  -2556.4291609658926     
         450  -2541.1476313271583     
         451  -2571.0579824484730     
         452  -2503.0268436844058     
         453  -2577.3189618755368     
         454  -2566.7811620377138     
         455  -2625.4682845177072     
         456  -2626.1963494445799     
         457  -2623.9383848470416     
         458  -2576.4001228319407     
         459  -2585.1378836004556     
         460  -2614.0089718943204     
         461  -2611.2889969813705     
         462  -2557.4731822951985     
         463  -2580.1081013151256     
         464  -2523.3633762489121     
         465  -2512.5141447430842     
         466  -2516.3143083673772     
         467  -2575.3281881491721     
         468  -2543.4989615591767     
         469  -2560.9210599582721     
         470  -2534.4091954516948     
         471  -2549.9184159426645     
         472  -2547.5744169295767     
         473  -2530.6738878697734     
         474  -2542.9925745569994     
         475  -2578.3649040051318     
         476  -2603.1588707176379     
         477  -2591.5165971155116     
         478  -2537.2101279127110     
         479  -2532.2659458676053     
         480  -2551.1093194144532     
         481  -2534.9992216329902     
         482  -2604.9789545328713     
         483  -2585.5254189240359     
         484  -2608.0761147911394     
         485  -2588.7544893558202     
         486  -2584.3796050933229     
         487  -2588.8592339138627     
         488  -2577.6448388262966     
         489  -2583.2353095953645     
         490  -2631.0913047265981     
         491  -2608.3938903684066     
         492  -2578.8344210850942     
         493  -2659.0578368253578     
         494  -2638.6550485841544     
         495  -2663.9871960752253     
         496  -2610.1399104966790     
         497  -2622.3367391237575     
         498  -2599.6644838487905     
         499  -2652.8683687458979     
         500  -2656.6022635489371     
         501  -2635.2904035997722     
         502  -2600.7605407182623     
         503  -2636.4685213625903     
         504  -2627.4894685047129     
         505  -2644.3142405498065     
         506  -2568.5037432544691     
         507  -2599.7135164634951     
         508  -2558.6396421750605     
         509  -2494.2827924741509     
         510  -2501.4386920220954     
         511  -2564.9898968841035     
         512  -2622.1654065733728     
         513  -2572.5236086262648     
         514  -2629.0589800003995     
         515  -2616.5610039627659     
         516  -2660.0909618858723     
         517  -2645.0780652243056     
         518  -2633.3962104142661     
         519  -2631.3913698454194     
         520  -2583.2827897100292     
         521  -2614.6632899053748     
         522  -2632.2964038281002     
         523  -2601.5284512328149     
         524  -2567.4124372916544     
         525  -2554.4758718265257     
         526  -2539.2141929061422     
         527  -2576.8981444549240     
         528  -2590.3880971628882     
         529  -2615.0134729761890     
         530  -2566.2021524628904     
         531  -2557.7695159826717     
         532  -2616.0659057094449     
         533  -2630.0823781433214     
         534  -2619.8003133486045     
         535  -2617.7073634555113     
         536  -2594.2765953871663     
         537  -2581.7592108067533     
         538  -2628.0494479711797     
         539  -2601.2770918304368     
         540  -2664.8736262597440     
         541  -2616.7640422079185     
         542  -2598.6847226432942     
         543  -2666.1127778891710     
         544  -2628.7966303609237     
         545  -2590.0895856401266     
         546  -2588.8810359233662     
         547  -2615.2348496159238     
         548  -2616.4596077027491     
         549  -2602.8789936422172     
         550  -2647.0003746813086     
         551  -2649.8565917564042     
         552  -2565.2621963348492     
         553  -2625.4170184868603     
         554  -2581.2344780018266     
         555  -2585.5618222880234     
         556  -2583.8287931851305     
         557  -2559.5836928304698     
         558  -2569.8783383316318     
         559  -2592.6821047766471     
         560  -2570.2687120605892     
         561  -2584.0427520779117     
         562  -2606.4542615003506     
         563  -2630.6014379262256     
         564  -2616.4181890909495     
         565  -2544.4397330165666     
         566  -2574.2465505357077     
         567  -2574.0870141231690     
         568  -2586.3915422714199     
         569  -2574.1950046446427     
         570  -2609.1763626714906     
         571  -2590.9636353145329     
         572  -2652.5993912137119     
         573  -2677.7104342709686     
         574  -2619.6638931502425     
         575  -2604.7604315153017     
         576  -2572.7021831466964     
         577  -2543.4664735230517     
         578  -2555.1523873408464     
         579  -2546.3165926302509     
         580  -2567.0989133529574     
         581  -2600.1157264127110     
         582  -2491.1912594905943     
         583  -2585.8540955423982     
         584  -2560.4172578917487     
         585  -2565.0343956231850     
         586  -2621.9585265658757     
         587  -2651.6808271705254     
         588  -2668.8716513569707     
         589  -2621.5904756629443     
         590  -2598.2264266357665     
         591  -2601.9072530993808     
         592  -2600.3802428918511     
         593  -2584.0770307628591     
         594  -2587.4024497846440     
         595  -2570.9526632335887     
         596  -2568.4160903602487     
         597  -2627.7563780062178     
         598  -2693.4771900738824     
         599  -2664.8364957518083     
         600  -2639.0275273617222     
         601  -2578.4580582616622     
         602  -2636.8085811334499     
         603  -2626.3420774207752     
         604  -2652.6296481536492     
         605  -2637.4373164369167     
         606  -2615.1397907466971     
         607  -2601.8893688370595     
         608  -2673.9804540074592     
         609  -2658.9311888295861     
         610  -2645.2099860674912     
         611  -2636.6639539246453     
         612  -2649.1910564239442     
         613  -2661.5287189237765     
         614  -2681.9524620208226     
         615  -2569.1522805730815     
         616  -2641.1249677940791     
         617  -2674.5593030692567     
         618  -2691.3602387949891     
         619  -2668.9942318825301     
         620  -2620.7170641852840     
         621  -2614.4816332368123     
         622  -2631.5871524623108     
         623  -2600.3315612222655     
         624  -2643.6187210735252     
         625  -2706.9280340047426     
         626  -2678.8214754073119     
         627  -2683.8872457713633     
         628  -2680.9304020176837     
         629  -2669.4147486474058     
         630  -2662.1322093423651     
         631  -2694.6361370919094     
         632  -2696.4758231602032     
         633  -2666.9615870049897     
         634  -2603.6540760606749     
         635  -2632.3664025393532     
         636  -2690.1862292494620     
         637  -2674.8100732315647     
         638  -2644.1759470771981     
         639  -2611.1673282721076     
         640  -2639.9460740195891     
         641  -2621.2847240539254     
         642  -2633.9847373030329     
         643  -2656.5242727443538     
         644  -2643.2355050083770     
         645  -2656.5914487893156     
         646  -2655.5962100621014     
         647  -2685.5016345030022     
         648  -2672.0822888598868     
         649  -2672.2503519352003     
         650  -2674.4456182148047     
         651  -2701.6555477494103     
         652  -2692.4719297950201     
         653  -2694.4474661577797     
         654  -2690.8165031413528     
         655  -2705.8152605997625     
         656  -2725.8207228174883     
         657  -2595.2764799776423     
         658  -2563.4026560432885     
         659  -2577.6600789066083     
         660  -2645.4877442694878     
         661  -2673.1647469896975     
         662  -2624.2256491553194     
         663  -2639.7092740272992     
         664  -2650.5303204119718     
         665  -2677.2752767688430     
         666  -2671.5097223931966     
         667  -2712.1264743590114     
         668  -2662.6275347533256     
         669  -2660.9780625192334     
         670  -2670.1795659355980     
         671  -2686.3257558711898     
         672  -2629.0741636983821     
         673  -2665.3176507024887     
         674  -2665.3618498626583     
         675  -2678.0620533164847     
         676  -2636.4203426002555     
         677  -2656.5722803435874     
         678  -2643.6881808740377     
         679  -2618.0091894389366     
         680  -2681.5792884544148     
         681  -2676.8306799042630     
         682  -2613.8761012359714     
         683  -2569.6743786410661     
         684  -2575.0893000907640     
         685  -2615.9491089455673     
         686  -2614.4137364984972     
         687  -2639.6078950163046     
         688  -2619.6556360500317     
         689  -2606.7426385569047     
         690  -2589.5177598298151     
         691  -2638.3041435762093     
         692  -2614.9167790333945     
         693  -2680.8578061633016     
         694  -2645.2616516067287     
         695  -2586.5845274826092     
         696  -2598.1040291842764     
         697  -2604.4225585195595     
         698  -2677.1769736808278     
         699  -2665.3543787595022     
         700  -2620.2124207438083     
         701  -2641.7806372317650     
         702  -2592.5580389074407     
         703  -2679.6275327603216     
         704  -2682.1108040051950     
         705  -2604.5376562347128     
         706  -2645.8431312464299     
         707  -2648.7014439224390     
         708  -2618.2399251980655     
         709  -2628.7015382822087     
         710  -2684.0507779337108     
         711  -2674.7640542061536     
         712  -2627.4389209846518     
         713  -2682.9703091083647     
         714  -2633.9431004792932     
         715  -2628.6766704515462     
         716  -2649.2472911709287     
         717  -2659.4467416667480     
         718  -2634.9746292622704     
         719  -2627.8003054949513     
         720  -2627.7842890684783     
         721  -2672.6091672415305     
         722  -2699.9096323952676     
         723  -2608.4921646034313     
         724  -2699.7859944727293     
         725  -2683.0586162849218     
         726  -2643.8119937921315     
         727  -2649.6034523700723     
         728  -2661.3145005736674     
         729  -2615.6094170584724     
         730  -2612.6730865288018     
         731  -2683.7257096916351     
         732  -2642.4593183389129     
         733  -2654.7327132454916     
         734  -2624.9488929958848     
         735  -2656.7800788003469     
         736  -2677.4070408569355     
         737  -2627.6846751854041     
         738  -2607.9349336902260     
         739  -2601.9885059207627     
         740  -2621.7263286655548     
         741  -2572.6229055560184     
         742  -2584.5249266029127     
         743  -2571.8389437436263     
         744  -2606.0681742615920     
         745  -2555.1172893170410     
         746  -2612.3089522504283     
         747  -2593.2331628359266     
         748  -2598.3264376976849     
         749  -2535.2378992857489     
         750  -2570.7564756917513     
         751  -2571.6413909851858     
         752  -2573.8559010184417     
         753  -2565.7355860188713     
         754  -2545.5532912332774     
         755  -2587.1986951710592     
         756  -2607.8444067075466     
         757  -2585.6396903967707     
         758  -2588.9700708438404     
         759  -2595.3014925136113     
         760  -2572.2924901800479     
         761  -2554.7106071216267     
         762  -2621.1153333979742     
         763  -2653.5855631212880     
         764  -2621.3690326629303     
         765  -2631.0297879186105     
         766  -2632.9303227105038     
         767  -2647.4007700640882     
         768  -2664.2324075546958     
         769  -2627.6695900750919     
         770  -2633.9320789523554     
         771  -2668.7166322720573     
         772  -2687.9583157896636     
         773  -2674.9867688802460     
         774  -2595.4505440437301     
         775  -2624.8172559634650     
         776  -2614.4019385172119     
         777  -2577.3262551630678     
         778  -2574.9775840192897     
         779  -2567.9336014551586     
         780  -2561.2066243995819     
         781  -2626.1089036272551     
         782  -2624.0928689043722     
         783  -2650.0312584820736     
         784  -2637.1421255163941     
         785  -2620.1413023908176     
         786  -2567.3168120226856     
         787  -2593.2244609880645     
         788  -2599.5870135147602     
         789  -2591.9320491432063     
         790  -2610.6188399872303     
         791  -2617.1210400539749     
         792  -2586.0689222385026     
         793  -2615.5650136831568     
         794  -2622.7861741088027     
         795  -2538.0503733589885     
         796  -2529.6305143573927     
         797  -2536.8488106702634     
         798  -2563.9000672990392     
         799  -2561.1284694399610     
         800  -2587.9387046287370     
         801  -2552.0239557428499     
         802  -2527.8820989546557     
         803  -2557.3640561437596     
         804  -2600.3310377145044     
         805  -2580.8238384833148     
         806  -2602.2107662124131     
         807  -2584.2287014237354     
         808  -2589.8342342276096     
         809  -2574.6420860829671     
         810  -2591.6629955912867     
         811  -2616.6950142111868     
         812  -2561.0857321253025     
         813  -2611.6746700862891     
         814  -2638.7504302291427     
         815  -2628.9565609891183     
         816  -2588.2764879544866     
         817  -2649.9697752210009     
         818  -2641.9545403075140     
         819  -2567.3021655162738     
         820  -2592.2607457215627     
         821  -2619.6336151720716     
         822  -2621.0622362087302     
         823  -2672.0436304179730     
         824  -2649.5794382800923     
         825  -2655.8326833191227     
         826  -2616.1657699941316     
         827  -2623.2367713026679     
         828  -2614.5406948163045     
         829  -2606.8945148692392     
         830  -2620.7726989009197     
         831  -2605.9080835681239     
         832  -2611.1972731532487     
         833  -2606.8139101455622     
         834  -2605.0130102010799     
         835  -2657.8053380159859     
         836  -2589.3556175618833     
         837  -2581.9277692774021     
         838  -2585.9541403810117     
         839  -2593.7401849912635     
         840  -2588.2942759948669     
         841  -2559.2343276602242     
         842  -2566.4921049980762     
         843  -2593.3908191969344     
         844  -2599.6157709127210     
         845  -2625.5830054866074     
         846  -2576.1971538613675     
         847  -2559.2518709289184     
         848  -2581.6502355085672     
         849  -2596.3231653795933     
         850  -2573.8880349574961     
         851  -2604.4411743770743     
         852  -2614.9577140137603     
         853  -2635.5392086488400     
         854  -2630.0711597268496     
         855  -2641.8059258866215     
         856  -2613.3434423212288     
         857  -2633.0431738967950     
         858  -2623.9855915892090     
         859  -2647.7471761757697     
         860  -2650.4305697661748     
         861  -2644.6452694304226     
         862  -2661.1275672310471     
         863  -2654.4137653748221     
         864  -2616.9050441157829     
         865  -2617.7944488814292     
         866  -2659.7828691457262     
         867  -2571.9766078520474     
         868  -2622.8889801549990     
         869  -2625.5710494009036     
         870  -2628.9054381510250     
         871  -2650.9348385492476     
         872  -2674.2629264586772     
         873  -2587.4210537161807     
         874  -2614.3524643193477     
         875  -2586.6174031423143     
         876  -2581.2193088512490     
         877  -2614.7310473121397     
         878  -2591.7093846186112     
         879  -2569.6887534572602     
         880  -2572.6861702221636     
         881  -2599.5344346044135     
         882  -2593.5230599639667     
         883  -2604.5050821507461     
         884  -2628.4150491960227     
         885  -2644.4700489774718     
         886  -2662.1534414577677     
         887  -2657.8131415653456     
         888  -2632.9667085309338     
         889  -2593.8462115779598     
         890  -2564.4140444721738     
         891  -2567.2173960801792     
         892  -2569.8394770878426     
         893  -2603.6156358443600     
         894  -2610.2009855818146     
         895  -2638.8577738338849     
         896  -2696.8051773439197     
         897  -2647.8575377482503     
         898  -2670.6285172423686     
         899  -2606.0268518455291     
         900  -2612.1052012622613     
         901  -2625.2012773942843     
         902  -2642.1210510924620     
         903  -2618.6180172137515     
         904  -2646.4686995657994     
         905  -2603.9442774894046     
         906  -2606.8498333579737     
         907  -2622.8165591255643     
         908  -2561.8698467838562     
         909  -2545.7667455722672     
         910  -2594.8597719089225     
         911  -2600.8925887822888     
         912  -2552.2275070877467     
         913  -2531.4066559903567     
         914  -2512.1981917385974     
         915  -2534.8175928967903     
         916  -2613.5090430177547     
         917  -2611.4806286860507     
         918  -2608.4292245906295     
         919  -2618.6590325828870     
         920  -2633.6384333988503     
         921  -2695.8056028394326     
         922  -2682.8038266608928     
         923  -2632.6947967855726     
         924  -2593.6982435401892     
         925  -2537.3073982929941     
         926  -2530.8316171819097     
         927  -2495.2827691875482     
         928  -2577.5599767555218     
         929  -2570.5505679308544     
         930  -2575.5784391237744     
         931  -2554.6949207975504     
         932  -2549.3795255755426     
         933  -2561.4061469534904     
         934  -2578.9441499389391     
         935  -2580.0037784907663     
         936  -2601.3613760954058     
         937  -2547.7409688271646     
         938  -2544.6771396359927     
         939  -2535.5960924278597     
         940  -2603.2070611863660     
         941  -2647.2217469986108     
         942  -2573.5397167152460     
         943  -2615.3350620093543     
         944  -2605.3414304548728     
         945  -2639.9831776922410     
         946  -2633.2309783420733     
         947  -2654.3079269146942     
         948  -2686.7262954993130     
         949  -2698.0501331918613     
         950  -2639.4431654192831     
         951  -2597.8979198286493     
         952  -2606.8475299835213     
         953  -2619.0264534629578     
         954  -2607.2285881116950     
         955  -2600.4251871745059     
         956  -2652.7386241472782     
         957  -2642.6373215842123     
         958  -2631.7547178333207     
         959  -2636.5701922315179     
         960  -2618.5187712967640     
         961  -2610.8287979944207     
         962  -2687.6307848667002     
         963  -2668.6864412770556     
         964  -2619.6090371185091     
         965  -2597.7631454945704     
         966  -2617.5283592315905     
         967  -2613.5274590587069     
         968  -2619.7242865380676     
         969  -2628.9961856728924     
         970  -2660.8273074961508     
         971  -2559.4874814704567     
         972  -2559.9291342641654     
         973  -2583.5293776096837     
         974  -2634.6830996880840     
         975  -2647.0681850010751     
         976  -2659.8605828727746     
         977  -2643.5139288800210     
         978  -2619.0046455093193     
         979  -2615.9838454981154     
         980  -2628.6662441950093     
         981  -2649.3241024373829     
         982  -2669.1092703959675     
         983  -2636.2492179829405     
         984  -2622.1276873599431     
         985  -2632.5631039166301     
         986  -2629.2332990593868     
         987  -2606.3526674369959     
         988  -2592.0543978223254     
         989  -2589.9342015843022     
         990  -2575.4471291339514     
         991  -2615.7180883135920     
         992  -2562.1571369268131     
         993  -2589.0504794202830     
         994  -2649.0607950684739     
         995  -2618.5335636661921     
         996  -2620.2996715113177     
         997  -2598.1644456375916     
         998  -2604.1338691172677     
         999  -2624.3850031269958     
        1000  -2621.5744002023607     
        1001  -2620.1985827734425     
        1002  -2638.8624027674559     
        1003  -2608.4617013896445     
        1004  -2614.2728637461651     
        1005  -2555.2150554749228     
        1006  -2540.1678167832088     
        1007  -2572.9024884677433     
        1008  -2540.7045937575940     
        1009  -2539.5107890396034     
        1010  -2523.9265988861612     
        1011  -2579.1059966033067     
        1012  -2555.4955143789643     
        1013  -2545.6677764915662     
        1014  -2624.4825683302388     
        1015  -2624.3766656106877     
        1016  -2607.4899828625335     
        1017  -2574.6964862898762     
        1018  -2616.3791220847374     
        1019  -2584.4244243486796     
        1020  -2529.3716940267318     
        1021  -2621.1495753179438     
        1022  -2628.7800304054890     
        1023  -2615.5817292989350     
        1024  -2531.5283090016719     
        1025  -2542.3711954499181     
        1026  -2579.2629229397921     
        1027  -2574.5300127169844     
        1028  -2575.1991900092771     
        1029  -2529.1479437979860     
        1030  -2509.7535334233553     
        1031  -2518.5695443396476     
        1032  -2519.7052077746580     
        1033  -2567.0448151604860     
        1034  -2563.2384556838706     
        1035  -2589.4263187874881     
        1036  -2649.4428535287952     
        1037  -2637.8930419577609     
        1038  -2529.6003255224332     
        1039  -2548.7612927869873     
        1040  -2656.5112917059973     
        1041  -2690.5048970546509     
        1042  -2627.0298089679723     
        1043  -2609.5745262582573     
        1044  -2579.7942902324739     
        1045  -2646.0438436382915     
        1046  -2621.4759511587222     
        1047  -2481.2405444779856     
        1048  -2559.6457542695457     
        1049  -2548.0051529448638     
        1050  -2545.8383856880678     
        1051  -2575.9763082772552     
        1052  -2630.1060033887575     
        1053  -2643.2338008417814     
        1054  -2613.4176109199179     
        1055  -2583.7910175860907     
        1056  -2592.9914949608251     
        1057  -2597.6763142363257     
        1058  -2602.5951673716049     
        1059  -2565.8475590082849     
        1060  -2564.2796895375959     
        1061  -2582.6652107557393     
        1062  -2553.6508264978779     
        1063  -2567.7347790383551     
        1064  -2552.3173835459816     
        1065  -2613.4783446174602     
        1066  -2593.1691466312818     
        1067  -2571.8820348936329     
        1068  -2577.1596226924880     
        1069  -2602.6302403215091     
        1070  -2651.7958436505351     
        1071  -2660.9740693128729     
        1072  -2679.8566428620493     
        1073  -2672.2944450234763     
        1074  -2689.6370892423761     
        1075  -2637.9922521555122     
        1076  -2670.6692233429608     
        1077  -2616.1886546091400     
        1078  -2653.1914869564653     
        1079  -2590.6576868016255     
        1080  -2598.7379327021222     
        1081  -2607.9814080120323     
        1082  -2630.3626953042171     
        1083  -2619.8719185276523     
        1084  -2615.9414335350593     
        1085  -2583.9123908220149     
        1086  -2567.1849295280153     
        1087  -2616.5949904072204     
        1088  -2599.3603937649077     
        1089  -2591.4289843972165     
        1090  -2572.7498596759824     
        1091  -2650.3101399850207     
        1092  -2609.1579267664633     
        1093  -2608.0384622577167     
        1094  -2618.2293496206589     
        1095  -2653.8406329895238     
        1096  -2651.8311678268196     
        1097  -2640.2054553820785     
        1098  -2658.2021990795461     
        1099  -2637.0999725880279     
        1100  -2624.8234350326261     
        1101  -2583.6639778780732     
        1102  -2579.6405803175599     
        1103  -2594.0887423909171     
        1104  -2599.7744853085214     
        1105  -2587.9988397323145     
        1106  -2585.9914046259573     
        1107  -2536.9684070921558     
        1108  -2604.5907026844720     
        1109  -2588.4420396334690     
        1110  -2553.1041970780921     
        1111  -2604.1816597000993     
        1112  -2539.3724550358497     
        1113  -2538.3588375732975     
        1114  -2565.6132998283369     
        1115  -2585.0969530186462     
        1116  -2558.7481600462970     
        1117  -2541.6278911629315     
        1118  -2567.2651449564514     
        1119  -2539.1895271186563     
        1120  -2492.6666837336033     
        1121  -2494.4894099622356     
        1122  -2560.9011293532144     
        1123  -2552.1217873292221     
        1124  -2561.5874824201314     
        1125  -2559.1460375736010     
        1126  -2585.9749751690615     
        1127  -2620.2139805170905     
        1128  -2594.9155038097706     
        1129  -2641.2502120256431     
        1130  -2657.8825728368156     
        1131  -2640.5359432312152     
        1132  -2677.8847274648606     
        1133  -2635.7027922026123     
        1134  -2591.0519163442568     
        1135  -2599.1518901610179     
        1136  -2586.9040481647949     
        1137  -2633.1102681706943     
        1138  -2633.2458698466571     
        1139  -2620.4468317482433     
        1140  -2711.2791375263132     
        1141  -2635.5966925393286     
        1142  -2655.1234100955903     
        1143  -2668.2084961135338     
        1144  -2639.4875864328642     
        1145  -2628.9370945464802     
        1146  -2602.3549332171019     
        1147  -2592.5655572931983     
        1148  -2581.3795406508243     
        1149  -2626.5988972715772     
        1150  -2608.3905579101875     
        1151  -2594.3604453317657     
        1152  -2587.6732118292275     
        1153  -2580.6019416587378     
        1154  -2543.9297883612735     
        1155  -2607.2276176796881     
        1156  -2613.6171102320559     
        1157  -2620.0160675997749     
        1158  -2578.7372379539911     
        1159  -2609.4994786366228     
        1160  -2558.7760720777310     
        1161  -2542.7191096445863     
        1162  -2536.8620496355702     
        1163  -2574.9632108138385     
        1164  -2560.1489451145871     
        1165  -2649.2062697245160     
        1166  -2643.4883827549729     
        1167  -2688.2328854495577     
        1168  -2662.6654582469337     
        1169  -2637.8308206872694     
        1170  -2673.6623886196462     
        1171  -2615.2261178731869     
        1172  -2609.8659660584876     
        1173  -2602.5477935713711     
        1174  -2643.9983196517319     
        1175  -2621.9027467458181     
        1176  -2640.4987413249514     
        1177  -2655.8634700442094     
        1178  -2612.8647428602230     
        1179  -2622.0259938113295     
        1180  -2628.6428669116390     
        1181  -2612.0861745518987     
        1182  -2626.2812486935090     
        1183  -2641.8801438877963     
        1184  -2649.1952633772053     
        1185  -2626.7862771299324     
        1186  -2636.1400001577026     
        1187  -2633.6685778982664     
        1188  -2600.9940820508300     
        1189  -2578.0030245448593     
        1190  -2592.5919142980993     
        1191  -2542.5528420446067     
        1192  -2555.8289335999716     
        1193  -2529.9638879110212     
        1194  -2560.0104918233478     
        1195  -2558.1066355436337     
        1196  -2592.9936419988576     
        1197  -2591.2726983191833     
        1198  -2594.4805483490400     
        1199  -2595.2011351064375     
        1200  -2597.0283110850510     
        1201  -2575.8748360583249     
        1202  -2591.5716778173633     
        1203  -2555.8898202716582     
        1204  -2649.8355103717390     
        1205  -2633.5181116046497     
        1206  -2578.2549548701363     
        1207  -2572.0825743702644     
        1208  -2649.2323464841379     
        1209  -2660.9183828401942     
        1210  -2675.4411342685553     
        1211  -2664.9319725472874     
        1212  -2644.4298125098762     
        1213  -2632.4732349395917     
        1214  -2606.6116842751567     
        1215  -2554.2645600554920     
        1216  -2534.6785890412302     
        1217  -2511.3338247154343     
        1218  -2575.3473881554783     
        1219  -2551.9845169776586     
        1220  -2579.4536575921784     
        1221  -2619.9166538980435     
        1222  -2617.4701945235947     
        1223  -2613.9631713544736     
        1224  -2647.4991763986095     
        1225  -2656.0062515035052     
        1226  -2628.6908977216553     
        1227  -2644.6410400162586     
        1228  -2644.0323259084284     
        1229  -2597.6400214818605     
        1230  -2598.2103205258954     
        1231  -2599.8844364683705     
        1232  -2587.0767672557636     
        1233  -2552.5630047157356     
        1234  -2543.9696444682054     
        1235  -2490.9095141437497     
        1236  -2617.7828040173004     
        1237  -2568.9244113464310     
        1238  -2610.0115968087762     
        1239  -2584.8350803023604     
        1240  -2574.3723268093518     
        1241  -2624.9882345513711     
        1242  -2642.2928932687032     
        1243  -2667.1228061163333     
        1244  -2622.3540866891199     
        1245  -2626.4913944910177     
        1246  -2595.5719574906329     
        1247  -2685.6825176800071     
        1248  -2643.5979199725894     
        1249  -2625.7823455359276     
        1250  -2627.0958529922659     
        1251  -2612.2522307721720     
        1252  -2584.1184549288701     
        1253  -2564.3780137621843     
        1254  -2557.5723446763150     
        1255  -2574.1710799216658     
        1256  -2617.2785846343386     
        1257  -2624.0084910039759     
        1258  -2650.9906140059807     
        1259  -2648.6475415251812     
        1260  -2666.0054510337550     
        1261  -2651.4612578097513     
        1262  -2680.8735330328641     
        1263  -2636.2121379295418     
        1264  -2616.8682842428411     
        1265  -2630.8372048715150     
        1266  -2587.6172670895348     
        1267  -2690.8264465088118     
        1268  -2643.4010546826853     
        1269  -2674.3393298413689     
        1270  -2674.6391321039487     
        1271  -2684.0698722778652     
        1272  -2657.5723637263427     
        1273  -2658.4360968822662     
        1274  -2625.2714929605522     
        1275  -2634.1280012680863     
        1276  -2608.3170330120479     
        1277  -2615.1207585778252     
        1278  -2620.2281039483396     
        1279  -2654.6439476680684     
        1280  -2621.6614087367479     
        1281  -2632.3413415708437     
        1282  -2651.8687321631692     
        1283  -2650.2927045496522     
        1284  -2611.5342762494333     
        1285  -2631.1166056077327     
        1286  -2601.6460440488490     
        1287  -2613.3665936175685     
        1288  -2602.2097057352121     
        1289  -2607.8691939088717     
        1290  -2590.5722270065517     
        1291  -2586.1424102182086     
        1292  -2621.0328363571061     
        1293  -2638.7768615180830     
        1294  -2608.4473302919400     
        1295  -2575.3272535662240     
        1296  -2595.4272216661916     
        1297  -2649.7105734875931     
        1298  -2636.1110784781390     
        1299  -2635.5170313573421     
        1300  -2609.6529611979781     
        1301  -2587.3890287441654     
        1302  -2606.5967326953246     
        1303  -2629.8978199476128     
        1304  -2639.7779201757371     
        1305  -2636.9634392070502     
        1306  -2585.8231256519207     
        1307  -2620.4145006293402     
        1308  -2597.5945031276315     
        1309  -2556.1411472835180     
        1310  -2649.2038329717234     
        1311  -2647.7094952827388     
        1312  -2611.3258286552023     
        1313  -2623.0445201877683     
        1314  -2561.1474933357727     
        1315  -2589.6890006883750     
        1316  -2597.1058816766790     
        1317  -2540.6340871742382     
        1318  -2583.6511197490549     
        1319  -2589.3825785657400     
        1320  -2565.3453972452139     
        1321  -2545.2612967888999     
        1322  -2631.0215800097417     
        1323  -2624.0001906580264     
        1324  -2624.4504087331275     
        1325  -2545.2301997343707     
        1326  -2533.3612894831986     
        1327  -2602.6026741746969     
        1328  -2571.1278701755450     
        1329  -2551.4081202609277     
        1330  -2569.7405335529284     
        1331  -2565.4933152776262     
        1332  -2549.3733332123275     
        1333  -2569.6564948832702     
        1334  -2567.5290181379623     
        1335  -2635.5695754621634     
        1336  -2629.2013484609793     
        1337  -2645.7818589999029     
        1338  -2627.1449827321280     
        1339  -2596.8380554667515     
        1340  -2586.5409996080211     
        1341  -2652.2385671196257     
        1342  -2589.5643270255550     
        1343  -2584.7108144419267     
        1344  -2596.1897243437593     
        1345  -2629.5553973066585     
        1346  -2626.7279554765041     
        1347  -2611.5483358048587     
        1348  -2622.6262084919445     
        1349  -2589.0746299830616     
        1350  -2586.7079004621692     
        1351  -2642.6665448104118     
        1352  -2578.0638573949341     
        1353  -2576.9556620624053     
        1354  -2570.7784603318632     
        1355  -2551.4192963996425     
        1356  -2629.4511109692257     
        1357  -2562.5741050184192     
        1358  -2572.5926670534882     
        1359  -2554.0987374041833     
        1360  -2590.7092320944121     
        1361  -2526.9935568051023     
        1362  -2531.6014506167048     
        1363  -2533.2093353731639     
        1364  -2609.2648300345977     
        1365  -2578.1781064006273     
        1366  -2504.1960442577997     
        1367  -2587.6727871716635     
        1368  -2567.2115760126717     
        1369  -2610.2721807802432     
        1370  -2654.0811432928099     
        1371  -2585.6961548225327     
        1372  -2591.1116144773709     
        1373  -2583.6238095568524     
        1374  -2658.0589869949390     
        1375  -2625.5548304303275     
        1376  -2621.7523332448327     
        1377  -2558.3571226016697     
        1378  -2611.8318952888494     
        1379  -2567.8264963375682     
        1380  -2535.3421828879550     
        1381  -2561.4241005135409     
        1382  -2518.9894387178447     
        1383  -2492.8710422010331     
        1384  -2483.6332545396040     
        1385  -2519.2979801285260     
        1386  -2500.4781496864243     
        1387  -2554.1764962571833     
        1388  -2549.2332366500727     
        1389  -2568.1610845070722     
        1390  -2569.6224368610006     
        1391  -2584.0548889345873     
        1392  -2566.8305376885087     
        1393  -2573.8688650765948     
        1394  -2537.8042804113088     
        1395  -2548.9842514776014     
        1396  -2573.2116221632900     
        1397  -2473.7574895216048     
        1398  -2534.0456461978092     
        1399  -2547.8453129385639     
        1400  -2617.2262232505686     
        1401  -2595.5924055172418     
        1402  -2562.2427864203360     
        1403  -2514.2156163459003     
        1404  -2547.5251095728358     
        1405  -2546.7596306014038     
        1406  -2525.0125505652754     
        1407  -2511.1563440854288     
        1408  -2560.2667941328532     
        1409  -2599.3502425372344     
        1410  -2574.1795692912574     
        1411  -2565.0101957927145     
        1412  -2578.6686044687804     
        1413  -2574.8336592767523     
        1414  -2580.4143193952100     
        1415  -2578.3434629401600     
        1416  -2548.2115803990923     
        1417  -2634.6822727976673     
        1418  -2633.4445035331082     
        1419  -2612.2993878684183     
        1420  -2597.2373586307353     
        1421  -2581.1388057267677     
        1422  -2586.8360663820449     
        1423  -2579.4152637668112     
        1424  -2602.5426616555505     
        1425  -2553.1688913634262     
        1426  -2566.7809230490689     
        1427  -2572.4221877908726     
        1428  -2579.9342771101201     
        1429  -2623.2913741183638     
        1430  -2610.6433390086981     
        1431  -2587.2436191509860     
        1432  -2512.7537168796043     
        1433  -2539.6442556310217     
        1434  -2542.2101693277777     
        1435  -2554.9303754373609     
        1436  -2556.3279440457677     
        1437  -2635.3727243604026     
        1438  -2631.0268809823388     
        1439  -2550.8677856596928     
        1440  -2595.9113934222623     
        1441  -2561.4772158419737     
        1442  -2578.4661285018879     
        1443  -2582.7962495324914     
        1444  -2550.9751526902533     
        1445  -2606.7012741684880     
        1446  -2590.3414984849269     
        1447  -2544.1290158200477     
        1448  -2510.4617213092852     
        1449  -2537.0557890991031     
        1450  -2564.1409957573628     
        1451  -2634.9801916746478     
        1452  -2644.9929965231786     
        1453  -2636.0890656978499     
        1454  -2568.8734843869797     
        1455  -2561.3086772986867     
        1456  -2588.6904946393015     
        1457  -2612.6228269379358     
        1458  -2559.3618174311614     
        1459  -2582.3984459260364     
        1460  -2584.7202313221101     
        1461  -2595.4080821721986     
        1462  -2584.5125298675462     
        1463  -2575.2602761800003     
        1464  -2587.3303920585054     
        1465  -2540.8812177788782     
        1466  -2577.6431194543593     
        1467  -2509.7984193115581     
        1468  -2561.2284402724295     
        1469  -2563.1005883477828     
        1470  -2611.8434736705208     
        1471  -2590.1840889313366     
        1472  -2588.6543007329719     
        1473  -2610.1044870960836     
        1474  -2634.8044603849517     
        1475  -2592.6393611400495     
        1476  -2591.3506576908803     
        1477  -2627.3305958592282     
        1478  -2653.8339809503927     
        1479  -2650.0149419718227     
        1480  -2662.6113669440642     
        1481  -2701.4140106390346     
        1482  -2693.5176236135771     
        1483  -2678.2276185245564     
        1484  -2660.5117869879268     
        1485  -2594.6170418573661     
        1486  -2597.3569831293494     
        1487  -2566.5549667951382     
        1488  -2574.6650642681461     
        1489  -2586.2122090537091     
        1490  -2563.8928901762524     
        1491  -2597.7554682298392     
        1492  -2602.9318517815436     
        1493  -2635.8907397369603     
        1494  -2612.9907941268552     
        1495  -2615.9888727943762     
        1496  -2635.3369903826160     
        1497  -2609.2527409988957     
        1498  -2565.4363460034810     
        1499  -2565.3111144028499     
        1500  -2570.0644235214809     
        1501  -2564.5486584810519     
        1502  -2563.6548571900785     
        1503  -2544.0834065087583     
        1504  -2535.1593530200557     
        1505  -2588.0572558152571     
        1506  -2602.9225281801355     
        1507  -2626.2796273795079     
        1508  -2579.6480267232955     
        1509  -2550.0286536515264     
        1510  -2563.8594629502463     
        1511  -2570.7743082448137     
        1512  -2561.4630442231492     
        1513  -2597.7390509038028     
        1514  -2620.3947682613898     
        1515  -2620.4992420665994     
        1516  -2626.9809105760046     
        1517  -2627.0546409032945     
        1518  -2627.5360338996616     
        1519  -2621.7519452749752     
        1520  -2600.3868249253146     
        1521  -2548.9894511196094     
        1522  -2616.4163727854839     
        1523  -2584.6225241315860     
        1524  -2636.3808380440350     
        1525  -2620.7936237624308     
        1526  -2574.3952328787586     
        1527  -2562.0042675765094     
        1528  -2623.0655080120709     
        1529  -2629.1137392644705     
        1530  -2646.0775566968859     
        1531  -2681.4171603605141     
        1532  -2636.7821836795101     
        1533  -2628.6721157071447     
        1534  -2638.2911852975453     
        1535  -2611.2221480830708     
        1536  -2622.8058417831230     
        1537  -2608.1992403369827     
        1538  -2654.2546968828919     
        1539  -2632.2376097855981     
        1540  -2606.3638295029496     
        1541  -2680.2331224457125     
        1542  -2672.2669767863508     
        1543  -2692.4232374698308     
        1544  -2689.2096390483421     
        1545  -2739.2654921722615     
        1546  -2712.4234549805328     
        1547  -2651.3270588403770     
        1548  -2665.1912855224900     
        1549  -2601.9589029476169     
        1550  -2605.9872452464624     
        1551  -2590.3683423492380     
        1552  -2597.4826536573996     
        1553  -2633.2930798497869     
        1554  -2645.1725159452599     
        1555  -2591.4134132950494     
        1556  -2611.5944259257922     
        1557  -2624.8470168224085     
        1558  -2721.9749811171923     
        1559  -2641.3056323543228     
        1560  -2647.5569812314916     
        1561  -2648.6227147852596     
        1562  -2650.5703480827619     
        1563  -2624.5527592344388     
        1564  -2616.5047123298909     
        1565  -2629.2919590509800     
        1566  -2650.6027476589834     
        1567  -2643.7093408924552     
        1568  -2593.5207361886823     
        1569  -2610.4093458327652     
        1570  -2598.6443455461435     
        1571  -2650.0289304521739     
        1572  -2541.0931181105889     
        1573  -2614.3039224503264     
        1574  -2610.4211432743282     
        1575  -2574.4078270819687     
        1576  -2591.9355207423469     
        1577  -2602.5928825729634     
        1578  -2598.5237782142599     
        1579  -2572.4674965949534     
        1580  -2569.2770076525039     
        1581  -2579.5386348691127     
        1582  -2597.2455641511428     
        1583  -2594.4522482996558     
        1584  -2585.2476901671544     
        1585  -2597.0464336018581     
        1586  -2656.2080553196461     
        1587  -2630.4841886080362     
        1588  -2641.3996899270160     
        1589  -2658.6405743208238     
        1590  -2620.0806537197159     
        1591  -2636.3045014985564     
        1592  -2650.2498546440725     
        1593  -2620.6645616283699     
        1594  -2651.0341544644857     
        1595  -2623.3778077850448     
        1596  -2629.3325963117682     
        1597  -2646.9537641698339     
        1598  -2682.4519595059569     
        1599  -2609.1733016633912     
        1600  -2608.4140033173694     
        1601  -2546.8452135033172     
        1602  -2595.6293541912237     
        1603  -2602.1484150832571     
        1604  -2594.7430628946154     
        1605  -2674.8897268525857     
        1606  -2638.8536872882896     
        1607  -2607.1893094061297     
        1608  -2568.4535261480473     
        1609  -2549.6153862373417     
        1610  -2563.4227864030167     
        1611  -2619.5163758898898     
        1612  -2668.2017665677840     
        1613  -2662.1311964466936     
        1614  -2624.2042415121327     
        1615  -2591.5692556021531     
        1616  -2518.6094977192893     
        1617  -2544.6617246953306     
        1618  -2565.2029869666599     
        1619  -2601.0420963349384     
        1620  -2658.3638456366871     
        1621  -2659.1000152102370     
        1622  -2666.7918162102633     
        1623  -2710.3419609406533     
        1624  -2712.4765856641293     
        1625  -2636.6903396211510     
        1626  -2642.7157964676799     
        1627  -2628.2500277620661     
        1628  -2637.2205820968420     
        1629  -2617.8328440380242     
        1630  -2608.8042102006839     
        1631  -2638.0824238543487     
        1632  -2635.3738323399421     
        1633  -2607.2603249760746     
        1634  -2606.3334509740648     
        1635  -2635.2139491344105     
        1636  -2630.6162827127687     
        1637  -2624.3057869745439     
        1638  -2611.3536755234600     
        1639  -2652.3845983817732     
        1640  -2605.3341835717611     
        1641  -2665.3411887683242     
        1642  -2615.9290373892454     
        1643  -2682.4817717747928     
        1644  -2645.2692334592334     
        1645  -2605.2270050539109     
        1646  -2590.1012675200714     
        1647  -2648.4498082249847     
        1648  -2630.4345221297945     
        1649  -2634.4137464275964     
        1650  -2634.4731356605357     
        1651  -2588.3549073290856     
        1652  -2592.4592053699403     
        1653  -2604.4596376685663     
        1654  -2601.9099899624375     
        1655  -2571.3994721992885     
        1656  -2651.2253063009348     
        1657  -2598.9868276499565     
        1658  -2559.5361810785257     
        1659  -2575.7993796892097     
        1660  -2622.0594016681457     
        1661  -2623.6494123195112     
        1662  -2569.4585358657091     
        1663  -2557.0343283783186     
        1664  -2582.2729106560569     
        1665  -2593.9188671144616     
        1666  -2628.2811661822193     
        1667  -2604.6571747947414     
        1668  -2591.0289049666380     
        1669  -2633.4773958076130     
        1670  -2637.9410895463948     
        1671  -2599.8013120008577     
        1672  -2604.9018828954058     
        1673  -2613.4469615735607     
        1674  -2630.5578188432123     
        1675  -2615.6191656996571     
        1676  -2649.9613482071959     
        1677  -2646.8081435009840     
        1678  -2664.8276819718430     
        1679  -2641.8004480578843     
        1680  -2674.7626832264282     
        1681  -2637.7996609190768     
        1682  -2654.5308156871811     
        1683  -2634.2642935250215     
        1684  -2577.9452280126798     
        1685  -2580.0468534723732     
        1686  -2652.0928829519685     
        1687  -2625.5321413374609     
        1688  -2615.0343533973614     
        1689  -2641.3232267021826     
        1690  -2688.4477383522062     
        1691  -2602.6651486691003     
        1692  -2616.5505060497617     
        1693  -2723.6749883942475     
        1694  -2696.2813307407978     
        1695  -2731.3173027809494     
        1696  -2711.4777361683668     
        1697  -2716.0177396769759     
        1698  -2646.2276088802296     
        1699  -2623.7926015279081     
        1700  -2670.1512925591765     
        1701  -2666.0579398359714     
        1702  -2668.3382429022108     
        1703  -2721.0995363579918     
        1704  -2729.6262260327339     
        1705  -2681.1870279295240     
        1706  -2673.7449093117975     
        1707  -2715.2570747501572     
        1708  -2710.2342717929514     
        1709  -2601.0519585976740     
        1710  -2703.1826802726723     
        1711  -2614.9608415355606     
        1712  -2614.7300589865299     
        1713  -2643.3024688492897     
        1714  -2632.2510252732118     
        1715  -2582.2229371059029     
        1716  -2589.0358454834327     
        1717  -2644.5369729371896     
        1718  -2638.2636336676460     
        1719  -2672.9462870178349     
        1720  -2600.3740408555095     
        1721  -2684.0387131476227     
        1722  -2692.9775696395441     
        1723  -2685.7799438060620     
        1724  -2678.5587558525372     
        1725  -2721.9792115286496     
        1726  -2725.8639170601227     
        1727  -2705.4890216460258     
        1728  -2706.2051688807387     
        1729  -2699.5292627184276     
        1730  -2715.5010026088844     
        1731  -2653.3201814977356     
        1732  -2648.3261832504918     
        1733  -2650.8134975461971     
        1734  -2612.7643607569808     
        1735  -2613.2934659359398     
        1736  -2602.6969066149913     
        1737  -2599.6386642609859     
        1738  -2636.5803320990890     
        1739  -2648.0129192580830     
        1740  -2620.8019751163347     
        1741  -2690.9907614390804     
        1742  -2685.0107500925815     
        1743  -2638.5578796103118     
        1744  -2608.9363953904135     
        1745  -2612.5116424855228     
        1746  -2550.1280143478853     
        1747  -2579.3783783464410     
        1748  -2599.8866460060508     
        1749  -2554.9065218549040     
        1750  -2565.6717254547016     
        1751  -2617.9540532081501     
        1752  -2590.8053698883027     
        1753  -2656.0292161966627     
        1754  -2624.5219171616745     
        1755  -2587.7629321299355     
        1756  -2604.8251129539717     
        1757  -2627.3554891835620     
        1758  -2606.7605303394917     
        1759  -2713.7802045304734     
        1760  -2660.1460579232753     
        1761  -2652.2902284662910     
        1762  -2668.8204820494880     
        1763  -2633.3014760794226     
        1764  -2648.7592348384833     
        1765  -2633.2561798806846     
        1766  -2566.0538091446538     
        1767  -2645.6154896229373     
        1768  -2665.4019170445217     
        1769  -2700.5160685589603     
        1770  -2697.8766536668700     
        1771  -2670.2469008208427     
        1772  -2654.4459095948596     
        1773  -2656.6954792881902     
        1774  -2620.2507372992623     
        1775  -2602.4716075181873     
        1776  -2574.5362045026213     
        1777  -2563.2632030724435     
        1778  -2501.1598804695500     
        1779  -2553.4572782942796     
        1780  -2586.4545880913124     
        1781  -2646.0954661670544     
        1782  -2628.7124852445836     
        1783  -2623.4991208099582     
        1784  -2600.7803249988879     
        1785  -2585.0089040321404     
        1786  -2607.5091542482724     
        1787  -2637.6117167042721     
        1788  -2655.6203508073368     
        1789  -2620.3429311784912     
        1790  -2573.0861545626926     
        1791  -2637.5219667352630     
        1792  -2609.7034010692291     
        1793  -2665.7068134898723     
        1794  -2620.3213403072946     
        1795  -2655.7212344392160     
        1796  -2622.1767051593010     
        1797  -2571.3274915381285     
        1798  -2637.2601672691085     
        1799  -2690.2814711751671     
        1800  -2693.1153993632329     
        1801  -2637.9985972011568     
        1802  -2627.3894849224648     
        1803  -2671.5456185007079     
        1804  -2648.6613530379095     
        1805  -2625.2191103312689     
        1806  -2571.6978076452747     
        1807  -2656.7419637594812     
        1808  -2675.8209452627248     
        1809  -2623.6721679427042     
        1810  -2636.0458995876743     
        1811  -2690.2372385888116     
        1812  -2678.9295689683431     
        1813  -2656.9369078475825     
        1814  -2654.8660275359839     
        1815  -2653.3250386058603     
        1816  -2659.2453652651807     
        1817  -2712.2789475042960     
        1818  -2629.1998905020905     
        1819  -2645.1941132792467     
        1820  -2608.0268747360406     
        1821  -2622.0526109946500     
        1822  -2688.1492080263938     
        1823  -2624.8542777497973     
        1824  -2646.5612201987715     
        1825  -2652.6137922580069     
        1826  -2673.4404984290873     
        1827  -2617.1541827967394     
        1828  -2615.5076127554521     
        1829  -2645.6740941228936     
        1830  -2600.8669001760127     
        1831  -2607.1629310977410     
        1832  -2660.6902524841071     
        1833  -2661.6979813192088     
        1834  -2624.4773144032897     
        1835  -2631.6236370902056     
        1836  -2630.8532982486013     
        1837  -2603.4133090384476     
        1838  -2631.6329292269793     
        1839  -2609.9806435889641     
        1840  -2597.5428376673012     
        1841  -2652.2476223692415     
        1842  -2613.3345083714380     
        1843  -2637.0905902703662     
        1844  -2613.3161801012725     
        1845  -2623.3019743876412     
        1846  -2663.5553447488655     
        1847  -2666.9803860064544     
        1848  -2681.4364305359741     
        1849  -2615.1486741446324     
        1850  -2659.0805586091169     
        1851  -2615.5929798709303     
        1852  -2625.8798708519003     
        1853  -2634.1587381315203     
        1854  -2641.8998118958016     
        1855  -2624.7609739311170     
        1856  -2609.2301264462353     
        1857  -2601.5222352155984     
        1858  -2638.0423469752218     
        1859  -2637.5332766447345     
        1860  -2621.5912530195856     
        1861  -2644.5112372662320     
        1862  -2641.6220594287238     
        1863  -2663.9503790725867     
        1864  -2628.5385120764431     
        1865  -2620.4346887780507     
        1866  -2609.2229822760632     
        1867  -2628.8900088147120     
        1868  -2597.6893401183420     
        1869  -2582.8896407493780     
        1870  -2612.0245723276012     
        1871  -2612.9453224355157     
        1872  -2586.2554114543796     
        1873  -2576.1279280645495     
        1874  -2585.0529633394763     
        1875  -2618.5131044909563     
        1876  -2597.6653013094510     
        1877  -2583.6536697260749     
        1878  -2570.4615544508906     
        1879  -2630.4916120209637     
        1880  -2633.4228745196356     
        1881  -2617.3397503944439     
        1882  -2620.4514765275899     
        1883  -2663.3858658042514     
        1884  -2631.0256235783231     
        1885  -2566.1427736819801     
        1886  -2577.9065225420350     
        1887  -2587.9048769614474     
        1888  -2541.3714003414943     
        1889  -2541.2734378396644     
        1890  -2549.3811677739386     
        1891  -2559.8877791271038     
        1892  -2599.8588835505529     
        1893  -2568.3598801474773     
        1894  -2622.9348368900492     
        1895  -2593.8510962661348     
        1896  -2602.0161871306291     
        1897  -2626.2104090339840     
        1898  -2598.8302298571357     
        1899  -2627.4688473582992     
        1900  -2640.8656815656918     
        1901  -2611.9099367685681     
        1902  -2632.8944596969054     
        1903  -2644.8923895478279     
        1904  -2604.5138668731342     
        1905  -2635.8838877567428     
        1906  -2588.6844282987399     
        1907  -2642.2780375853599     
        1908  -2621.1323300016593     
        1909  -2594.0787381300897     
        1910  -2532.3313446045340     
        1911  -2612.0673431969335     
        1912  -2601.5734819890163     
        1913  -2572.9076895825146     
        1914  -2536.0075128938106     
        1915  -2575.3606861587764     
        1916  -2644.7982021320777     
        1917  -2648.0693321330405     
        1918  -2627.5207012777632     
        1919  -2574.2063499540200     
        1920  -2597.3661966070372     
        1921  -2569.8674171967887     
        1922  -2593.6864632354605     
        1923  -2610.5866943965680     
        1924  -2606.4706941373011     
        1925  -2599.1906245968212     
        1926  -2597.0233098268418     
        1927  -2571.7356319810578     
        1928  -2579.3020494201742     
        1929  -2601.8269474756416     
        1930  -2604.2291575373110     
        1931  -2589.1117510086401     
        1932  -2557.0132930273030     
        1933  -2600.5683024377622     
        1934  -2600.4415708416573     
        1935  -2587.2242715634293     
        1936  -2607.9522048098893     
        1937  -2663.6405318180878     
        1938  -2609.7326446419970     
        1939  -2550.8506250893852     
        1940  -2630.2501661569145     
        1941  -2569.0846341606011     
        1942  -2571.1974835551068     
        1943  -2610.1020320708171     
        1944  -2584.9684443131773     
        1945  -2586.7857658417233     
        1946  -2611.8477094888876     
        1947  -2600.4034349795529     
        1948  -2572.3005490794626     
        1949  -2559.0455985894300     
        1950  -2584.8907104871610     
        1951  -2609.2729827654689     
        1952  -2596.0647348276375     
        1953  -2618.5915530425027     
        1954  -2599.8361402736309     
        1955  -2606.6830032869957     
        1956  -2636.6521000543153     
        1957  -2576.6166492360421     
        1958  -2579.0496815940778     
        1959  -2547.4390369916641     
        1960  -2624.1370376840837     
        1961  -2611.7596044838988     
        1962  -2656.1005801158976     
        1963  -2638.3822913378790     
        1964  -2636.6072531919040     
        1965  -2676.2088296449424     
        1966  -2685.1091271791415     
        1967  -2695.8951536110480     
        1968  -2625.6858548567006     
        1969  -2603.1341269970217     
        1970  -2576.6285250592637     
        1971  -2670.7694943228094     
        1972  -2615.2849138068905     
        1973  -2623.7863834616364     
        1974  -2606.7769103363021     
        1975  -2624.7903514429495     
        1976  -2646.4584708425314     
        1977  -2621.2232591091274     
        1978  -2605.9972491944468     
        1979  -2564.0481332186914     
        1980  -2561.8372247894758     
        1981  -2629.6914217654044     
        1982  -2605.9992076947365     
        1983  -2575.1655394810255     
        1984  -2621.1125184409038     
        1985  -2619.3142706690719     
        1986  -2619.2948478509657     
        1987  -2624.6760688197082     
        1988  -2587.2792322148498     
        1989  -2551.1061177654001     
        1990  -2565.5054520442745     
        1991  -2542.5511733223875     
        1992  -2622.9880027744675     
        1993  -2609.7392381961813     
        1994  -2585.4017359168110     
        1995  -2583.7963098469081     
        1996  -2622.3868550188995     
        1997  -2597.0030742256590     
        1998  -2586.8369745043242     
        1999  -2562.4813807733822     
        2000  -2547.7297696633973     
