 SAMPLE,  ENERGY
           1  -2603.3935408351349     
           2  -2618.9260160935405     
           3  -2570.9171096134842     
           4  -2595.4205653662721     
           5  -2605.8067282893221     
           6  -2595.6114045974982     
           7  -2505.1865038519782     
           8  -2468.4768175832851     
           9  -2570.0657126376527     
          10  -2582.2272015375797     
          11  -2577.7829974407737     
          12  -2591.6786220118806     
          13  -2580.0197814066350     
          14  -2578.5396675306356     
          15  -2584.5881108313574     
          16  -2600.5254574298042     
          17  -2616.9980599537521     
          18  -2605.1961459862850     
          19  -2583.1366831956047     
          20  -2585.9162486244650     
          21  -2530.5476912019703     
          22  -2495.9769625449831     
          23  -2550.8181434235421     
          24  -2553.0730393482872     
          25  -2524.9022199847491     
          26  -2558.0128856297310     
          27  -2551.2563819617212     
          28  -2588.1194286126160     
          29  -2650.2089296713762     
          30  -2589.1543068204337     
          31  -2565.9119669172778     
          32  -2515.9865810546021     
          33  -2600.1960323148551     
          34  -2582.1549635084525     
          35  -2576.8530728576816     
          36  -2597.7206129267042     
          37  -2573.2144490076848     
          38  -2652.4703036380297     
          39  -2645.6668921912396     
          40  -2602.5215158732744     
          41  -2629.3997589157761     
          42  -2601.3237633015697     
          43  -2539.4881918504334     
          44  -2528.6063988395590     
          45  -2643.4668696476178     
          46  -2596.7002634087362     
          47  -2577.4302958436956     
          48  -2548.0658922816915     
          49  -2497.3701572738014     
          50  -2517.8345401912425     
          51  -2564.7412450836860     
          52  -2576.3195432675557     
          53  -2523.0194540872631     
          54  -2532.8200300323024     
          55  -2561.2452601963441     
          56  -2573.4061650412063     
          57  -2583.0710862413243     
          58  -2585.3680608701766     
          59  -2562.0915547645959     
          60  -2566.2220525976381     
          61  -2576.2613835755751     
          62  -2543.0648308130544     
          63  -2514.1453769165246     
          64  -2517.9326360670125     
          65  -2464.2385207878615     
          66  -2519.3291673455915     
          67  -2601.7562835547674     
          68  -2532.0229326978806     
          69  -2525.9719085365373     
          70  -2523.2837110706587     
          71  -2509.4609750552117     
          72  -2517.7686147434365     
          73  -2495.0135050955305     
          74  -2507.6768809010987     
          75  -2532.1515756132608     
          76  -2523.8991391618442     
          77  -2476.2490378231810     
          78  -2596.4572354132092     
          79  -2607.6020227632916     
          80  -2558.0352309055152     
          81  -2610.0838800165334     
          82  -2573.5071927888598     
          83  -2609.1089602245356     
          84  -2543.6739240653969     
          85  -2605.7767973385771     
          86  -2563.5647985374126     
          87  -2604.6009419568513     
          88  -2582.3565099394586     
          89  -2568.6399824937321     
          90  -2596.6377976365402     
          91  -2598.4059104473727     
          92  -2597.3972770299151     
          93  -2563.8014027741415     
          94  -2532.6278275629625     
          95  -2544.3057298667441     
          96  -2558.0534298198490     
          97  -2595.6022518588825     
          98  -2587.0773713674052     
          99  -2562.8790767485648     
         100  -2538.2263111953525     
         101  -2519.6102116589482     
         102  -2562.2444511415674     
         103  -2581.2071464339779     
         104  -2501.6444640531536     
         105  -2563.9340845157635     
         106  -2570.9385428072305     
         107  -2583.5061356168949     
         108  -2577.1451803037844     
         109  -2545.4642089959289     
         110  -2590.3398000218240     
         111  -2608.3786352318789     
         112  -2607.1754773235207     
         113  -2594.5743402036192     
         114  -2586.5532831911278     
         115  -2582.2999038103044     
         116  -2579.0257616125868     
         117  -2595.1072374280752     
         118  -2579.5770008256904     
         119  -2540.8445337416842     
         120  -2565.2231456355617     
         121  -2565.6420353932094     
         122  -2551.7645743051039     
         123  -2615.2373715703116     
         124  -2640.8024294476440     
         125  -2636.1068466875436     
         126  -2604.8113011392616     
         127  -2558.8429524900489     
         128  -2560.7842066609005     
         129  -2490.9172438094265     
         130  -2501.7580994072346     
         131  -2542.3773008377757     
         132  -2525.9618798424708     
         133  -2574.3964119010966     
         134  -2535.1121550399589     
         135  -2549.9153459261051     
         136  -2576.8301531153206     
         137  -2507.7348449901801     
         138  -2530.5277006217248     
         139  -2544.0827037136914     
         140  -2517.3862490640959     
         141  -2520.0703206017747     
         142  -2505.1311887713491     
         143  -2515.1737431139068     
         144  -2516.8190946467703     
         145  -2553.3796093335013     
         146  -2544.8823329835714     
         147  -2618.3478556713562     
         148  -2531.8222039043590     
         149  -2558.3547168998562     
         150  -2608.3156929106167     
         151  -2531.3593994532980     
         152  -2523.0764385626867     
         153  -2544.1026434786886     
         154  -2538.6726668855254     
         155  -2546.3108643514474     
         156  -2534.1569575913622     
         157  -2531.8837122820228     
         158  -2588.2370743152719     
         159  -2560.7516978778594     
         160  -2551.1020313257527     
         161  -2562.8898273025611     
         162  -2583.8763746226382     
         163  -2523.0406414743843     
         164  -2649.0999422541609     
         165  -2642.2589839589295     
         166  -2567.2597039573220     
         167  -2578.0049531705577     
         168  -2561.5245060638513     
         169  -2594.5645016821077     
         170  -2623.8851922662620     
         171  -2496.7060951768040     
         172  -2511.8158525479321     
         173  -2604.1802014687232     
         174  -2568.5379159828562     
         175  -2572.4656156274932     
         176  -2557.1413059759366     
         177  -2558.3047607198710     
         178  -2563.7673110582455     
         179  -2521.5910014046276     
         180  -2559.2181838282327     
         181  -2596.2114221574675     
         182  -2554.5232417523462     
         183  -2521.3660929773214     
         184  -2524.6611683180881     
         185  -2542.9898217754849     
         186  -2566.2737832444623     
         187  -2601.1179473282923     
         188  -2596.9574685577368     
         189  -2561.4935627008058     
         190  -2610.0421641376697     
         191  -2615.5789969824814     
         192  -2610.1810418873397     
         193  -2591.0569251493357     
         194  -2607.6423081551320     
         195  -2549.3790518764827     
         196  -2529.7759049474421     
         197  -2512.2311721320812     
         198  -2552.8002296668724     
         199  -2581.2236476456201     
         200  -2616.4941459580318     
         201  -2592.6437248802254     
         202  -2605.5409003779237     
         203  -2582.9727335161288     
         204  -2556.4131731960779     
         205  -2574.9782620934361     
         206  -2641.1449591094865     
         207  -2628.0917718719061     
         208  -2626.2847593688216     
         209  -2642.5550026989313     
         210  -2588.9017657746472     
         211  -2548.9199703619420     
         212  -2589.0859273233441     
         213  -2577.1079298556392     
         214  -2562.0845125222522     
         215  -2554.0665020104875     
         216  -2562.0324367638545     
         217  -2544.1443788591350     
         218  -2601.8686377015847     
         219  -2584.0013433618674     
         220  -2550.1813250935465     
         221  -2543.5897297271545     
         222  -2668.2662745856655     
         223  -2650.5226374465824     
         224  -2546.0710799537383     
         225  -2593.1502842456512     
         226  -2632.3133591329579     
         227  -2617.3576162017484     
         228  -2570.7174851752143     
         229  -2595.9731577105431     
         230  -2573.8190913048093     
         231  -2561.0543077548787     
         232  -2577.6532204952919     
         233  -2559.9245187370861     
         234  -2580.3048904125258     
         235  -2639.9625705821227     
         236  -2649.0086214011494     
         237  -2515.1076823322092     
         238  -2559.9947128968615     
         239  -2599.5244915840922     
         240  -2587.5180112290041     
         241  -2580.5809723810198     
         242  -2584.6472889986603     
         243  -2556.5303658708463     
         244  -2567.6919150837889     
         245  -2620.3226664873287     
         246  -2590.6784669199151     
         247  -2611.7864716887302     
         248  -2563.9802873234739     
         249  -2560.5005827455047     
         250  -2613.2769378710846     
         251  -2633.7035985455095     
         252  -2589.7846656513498     
         253  -2578.1681664110856     
         254  -2610.4379121548195     
         255  -2560.7587066803021     
         256  -2526.9238486696945     
         257  -2535.8603496981386     
         258  -2574.7155749078415     
         259  -2625.5519893063542     
         260  -2567.7879118087799     
         261  -2578.7572594353005     
         262  -2536.8952141958921     
         263  -2583.1442462748373     
         264  -2594.3514156766273     
         265  -2593.3137905223730     
         266  -2536.6126103048787     
         267  -2569.2797488362057     
         268  -2568.7340661953817     
         269  -2622.3532769795565     
         270  -2624.8271169395521     
         271  -2630.6744086267145     
         272  -2629.4906564679113     
         273  -2647.6155834057672     
         274  -2568.5794064696374     
         275  -2552.4186132778418     
         276  -2581.8206019119343     
         277  -2647.2419217232855     
         278  -2675.0678458578054     
         279  -2580.3185113523105     
         280  -2625.9697787689538     
         281  -2651.1727267975498     
         282  -2668.3691159783048     
         283  -2669.4836494299393     
         284  -2654.9931631397149     
         285  -2620.2675382700177     
         286  -2613.4067024957794     
         287  -2611.1231402777162     
         288  -2608.2445658749484     
         289  -2579.9490325575607     
         290  -2619.8062870312619     
         291  -2686.3360050091078     
         292  -2659.4208524262485     
         293  -2636.6472948374198     
         294  -2627.9292593272521     
         295  -2601.5381808834595     
         296  -2625.0487327968490     
         297  -2666.0311006308507     
         298  -2671.1427399665936     
         299  -2664.1220442792264     
         300  -2631.6578130508674     
         301  -2577.0392312277827     
         302  -2569.2178321513970     
         303  -2599.6156972339741     
         304  -2610.3647769993950     
         305  -2693.4806408642712     
         306  -2682.9991552069009     
         307  -2617.8878351091803     
         308  -2601.3076987802810     
         309  -2539.0516865799050     
         310  -2547.0818471371067     
         311  -2623.7261939078480     
         312  -2624.4207876850364     
         313  -2597.2449809207715     
         314  -2569.1849366957435     
         315  -2637.1438723746264     
         316  -2653.0650019308905     
         317  -2520.8151458110192     
         318  -2568.8942740553207     
         319  -2582.2737583293597     
         320  -2601.1759048653448     
         321  -2671.1227583521495     
         322  -2695.6132470153270     
         323  -2677.0806480895671     
         324  -2663.1284092008464     
         325  -2684.4336769800784     
         326  -2612.3994238470432     
         327  -2623.4041742521886     
         328  -2609.4803605632105     
         329  -2631.5949634176759     
         330  -2631.6563976005150     
         331  -2604.4520899550639     
         332  -2584.9558897737070     
         333  -2554.0416592427778     
         334  -2683.0720452794553     
         335  -2699.9820157296799     
         336  -2672.7823040990229     
         337  -2673.0005378759843     
         338  -2643.8702489444640     
         339  -2641.1156889775370     
         340  -2615.5543270889848     
         341  -2650.3198838039907     
         342  -2608.7427593876528     
         343  -2601.9472345303548     
         344  -2648.9753550944870     
         345  -2643.4534937269777     
         346  -2606.4670438007438     
         347  -2615.1494386820996     
         348  -2569.9424528689838     
         349  -2598.7307550328514     
         350  -2563.8306076723102     
         351  -2597.4841755861185     
         352  -2558.5424260368491     
         353  -2591.0634891295590     
         354  -2590.5665254541095     
         355  -2623.3794882865500     
         356  -2608.4196401607192     
         357  -2590.1610412085056     
         358  -2589.2649884983957     
         359  -2570.9149701045139     
         360  -2515.6912565126036     
         361  -2594.2350655274008     
         362  -2578.6628227726628     
         363  -2580.3839840577907     
         364  -2551.4454719595205     
         365  -2553.9092804673087     
         366  -2583.9808700709973     
         367  -2563.5133127127892     
         368  -2594.4366290828930     
         369  -2596.0607232330553     
         370  -2580.8844038879820     
         371  -2586.0785011209855     
         372  -2493.6315587126114     
         373  -2553.7960117197645     
         374  -2587.2734449810473     
         375  -2528.9161003203135     
         376  -2584.5337144818518     
         377  -2562.1336580651346     
         378  -2612.8870612730243     
         379  -2647.3485046045857     
         380  -2652.0477920101143     
         381  -2635.5676958563131     
         382  -2613.8903427784062     
         383  -2605.7210535119789     
         384  -2543.7094562729799     
         385  -2559.6500666467955     
         386  -2531.8443097675954     
         387  -2593.0440671315796     
         388  -2580.8113894086991     
         389  -2529.3589253749774     
         390  -2575.3249381040887     
         391  -2585.8934803481980     
         392  -2600.6396495309450     
         393  -2626.7780091997411     
         394  -2615.2797897900305     
         395  -2665.3134672754145     
         396  -2640.2289477733484     
         397  -2586.5446069776649     
         398  -2602.2013391845126     
         399  -2608.4984649062676     
         400  -2642.5736166360321     
         401  -2624.7661445364215     
         402  -2575.1698446840737     
         403  -2564.8058380325074     
         404  -2637.1746972330725     
         405  -2589.5930185268298     
         406  -2658.4201654277608     
         407  -2619.0002781939143     
         408  -2657.2707232796515     
         409  -2635.8387122228505     
         410  -2619.6029839394450     
         411  -2614.4210753728044     
         412  -2565.8991524437083     
         413  -2568.6029543015252     
         414  -2596.2382163828333     
         415  -2566.1318164895965     
         416  -2606.6784625155537     
         417  -2636.8271727412371     
         418  -2622.9015597848434     
         419  -2547.5450560647287     
         420  -2605.9549755836993     
         421  -2608.4003856905956     
         422  -2590.1577590813522     
         423  -2600.7759729047330     
         424  -2582.4267358017551     
         425  -2550.3492587074111     
         426  -2617.7741410421982     
         427  -2587.5025263717744     
         428  -2574.7156487647862     
         429  -2594.4889879435973     
         430  -2610.1267370627229     
         431  -2578.9958876203714     
         432  -2579.0372273475882     
         433  -2536.2999479675118     
         434  -2542.3500711541819     
         435  -2524.6986716026395     
         436  -2564.7356427162813     
         437  -2615.6420796093857     
         438  -2593.8193757783251     
         439  -2569.4520904189658     
         440  -2641.9948807860005     
         441  -2668.4918128417962     
         442  -2646.1855110751253     
         443  -2663.1233588189107     
         444  -2665.8792443698962     
         445  -2653.4473711321307     
         446  -2566.2057073438309     
         447  -2612.6262500631615     
         448  -2622.2293236405844     
         449  -2602.7683164398291     
         450  -2589.9134808926801     
         451  -2616.8413580993815     
         452  -2616.8934957986380     
         453  -2626.2826513687651     
         454  -2593.8486760829719     
         455  -2680.9837146393515     
         456  -2667.5307541951597     
         457  -2634.0028218394432     
         458  -2636.8743985825563     
         459  -2625.8018886808532     
         460  -2634.1933290308716     
         461  -2608.2597240587006     
         462  -2623.3656179296572     
         463  -2667.9035602601739     
         464  -2604.8206998055457     
         465  -2631.0351858221775     
         466  -2601.7691818152425     
         467  -2616.2641420480859     
         468  -2593.5291592106901     
         469  -2526.0149964919883     
         470  -2553.1370106475365     
         471  -2624.8681128041339     
         472  -2607.5741567821556     
         473  -2607.4739109126094     
         474  -2665.6108719923022     
         475  -2693.9754199837153     
         476  -2670.2969047604038     
         477  -2637.2156290721514     
         478  -2569.6159615332758     
         479  -2575.2072402695621     
         480  -2575.6019498902547     
         481  -2525.5935036780534     
         482  -2571.9709485951148     
         483  -2636.1137231822945     
         484  -2601.4735371244483     
         485  -2594.7072405451295     
         486  -2594.2706838768927     
         487  -2650.4488418511305     
         488  -2625.3222203533683     
         489  -2646.8536110183322     
         490  -2632.5860434253332     
         491  -2565.1347398739217     
         492  -2580.9818680654707     
         493  -2552.3750279527121     
         494  -2571.2462852152530     
         495  -2589.1944548047063     
         496  -2597.6803197611957     
         497  -2615.0517433562968     
         498  -2550.0463943002960     
         499  -2583.6627924104228     
         500  -2640.4306366060919     
         501  -2636.3703749475458     
         502  -2585.2684208862738     
         503  -2632.2013160958013     
         504  -2594.7298253233434     
         505  -2580.5309905112363     
         506  -2595.6863324274641     
         507  -2615.6934243585215     
         508  -2674.5462755963804     
         509  -2582.3548331133716     
         510  -2614.6635938608215     
         511  -2603.4521520788303     
         512  -2592.9627098404621     
         513  -2639.3723461644372     
         514  -2573.2443647341834     
         515  -2541.7598172565772     
         516  -2556.9799338922539     
         517  -2609.5679064270998     
         518  -2646.6979878275797     
         519  -2644.5490823741006     
         520  -2623.9102940687876     
         521  -2613.2006596510278     
         522  -2643.7268779715100     
         523  -2602.2922958616095     
         524  -2525.0173085004699     
         525  -2540.9887839072358     
         526  -2554.0160561605526     
         527  -2586.4826387810112     
         528  -2601.6901014486466     
         529  -2599.5789710102399     
         530  -2653.1174525298056     
         531  -2637.6082566283267     
         532  -2644.8679768176585     
         533  -2629.2375362083526     
         534  -2600.6143206559655     
         535  -2692.7063684193249     
         536  -2583.3099557107912     
         537  -2549.7728628890754     
         538  -2561.1537138038716     
         539  -2610.6253328016051     
         540  -2579.3939232690054     
         541  -2588.1560545548209     
         542  -2630.2275536233119     
         543  -2602.6368653075397     
         544  -2588.9407489547407     
         545  -2620.1435705554868     
         546  -2617.5063400465615     
         547  -2598.2366457262447     
         548  -2578.8587944295068     
         549  -2585.6681846413726     
         550  -2623.8486033167455     
         551  -2629.8435020793536     
         552  -2688.0077622179515     
         553  -2679.7573085855911     
         554  -2670.5037479326279     
         555  -2669.3364105059463     
         556  -2692.2657673102976     
         557  -2677.9851633707403     
         558  -2702.9505492421977     
         559  -2558.8213561671150     
         560  -2614.0150905222367     
         561  -2677.8741615110830     
         562  -2697.0023127784357     
         563  -2649.9403929846089     
         564  -2707.9025749781326     
         565  -2689.6826643578570     
         566  -2638.4450657264997     
         567  -2583.6534648424740     
         568  -2633.3255590582194     
         569  -2612.2825856258978     
         570  -2649.2336277854283     
         571  -2667.3226925045574     
         572  -2609.3350680131921     
         573  -2655.3053308955764     
         574  -2621.1570034285824     
         575  -2685.6147025652144     
         576  -2632.5293328851494     
         577  -2564.2735276563212     
         578  -2573.8608047182115     
         579  -2643.7563029031126     
         580  -2531.1790066358144     
         581  -2587.9150132268314     
         582  -2598.1756837136845     
         583  -2623.0890761719616     
         584  -2537.5865776832293     
         585  -2579.1800623459767     
         586  -2610.8585921115127     
         587  -2653.7966803445447     
         588  -2607.4965839520760     
         589  -2640.1495725860286     
         590  -2650.5194925769561     
         591  -2633.5796059872227     
         592  -2618.8586155525318     
         593  -2579.4014839396664     
         594  -2611.1129491590791     
         595  -2603.4462969285914     
         596  -2601.0732834757373     
         597  -2615.1306020734851     
         598  -2545.2852027809017     
         599  -2593.0963611918373     
         600  -2643.7293123610193     
         601  -2619.7358794540942     
         602  -2639.4458215846944     
         603  -2585.4528902906741     
         604  -2543.8063006371208     
         605  -2534.5876599142139     
         606  -2561.9543405777663     
         607  -2610.0321243238614     
         608  -2610.4551314945898     
         609  -2577.4588595002992     
         610  -2582.9737355903103     
         611  -2603.1283049428375     
         612  -2640.0529306967892     
         613  -2557.0258870133757     
         614  -2564.0842678733889     
         615  -2545.2445913164297     
         616  -2574.7809251171379     
         617  -2609.8763343280343     
         618  -2599.2154762418586     
         619  -2628.5149504823889     
         620  -2582.5918690308140     
         621  -2579.6651438605368     
         622  -2586.8342135696871     
         623  -2626.5203108725750     
         624  -2626.3916636720687     
         625  -2613.6228082515386     
         626  -2646.6597775873465     
         627  -2606.9752165339060     
         628  -2562.6040991639247     
         629  -2562.4412665239765     
         630  -2569.9369892483273     
         631  -2552.5994117675205     
         632  -2544.7069762928140     
         633  -2585.3041028768812     
         634  -2553.1392542039889     
         635  -2514.0334466330123     
         636  -2472.6296021642906     
         637  -2588.8261848201432     
         638  -2585.3885512709317     
         639  -2532.3569951055338     
         640  -2500.4286578520614     
         641  -2480.4218545389376     
         642  -2495.5899957231409     
         643  -2524.0957357554794     
         644  -2550.1479504020258     
         645  -2572.6873000556780     
         646  -2566.7418753452639     
         647  -2582.4003545526002     
         648  -2621.1461357357962     
         649  -2587.9975873499429     
         650  -2563.2086044620451     
         651  -2533.1228170032596     
         652  -2542.2247352371287     
         653  -2620.6306012627692     
         654  -2594.3669819557913     
         655  -2597.4761862727146     
         656  -2570.4228755170761     
         657  -2486.2642540122820     
         658  -2497.5161234497486     
         659  -2504.1086449320924     
         660  -2534.1854855433653     
         661  -2481.9099559189103     
         662  -2490.0664400168066     
         663  -2615.1989710636253     
         664  -2499.5909675334178     
         665  -2469.6471545854160     
         666  -2480.3061269947984     
         667  -2514.5824523997426     
         668  -2576.0504319858760     
         669  -2575.4871772608221     
         670  -2634.9731872238744     
         671  -2527.4272726313825     
         672  -2557.0303956235812     
         673  -2553.0227997962675     
         674  -2514.7127804371798     
         675  -2552.1135149119846     
         676  -2614.9807576433500     
         677  -2547.8523537591191     
         678  -2586.4931482948582     
         679  -2620.3558847760469     
         680  -2617.1270519748064     
         681  -2626.0307576341602     
         682  -2576.5641042672592     
         683  -2589.0252244567705     
         684  -2623.4052164348059     
         685  -2613.2679813044570     
         686  -2621.1792343193010     
         687  -2546.3951214870149     
         688  -2617.5563191913034     
         689  -2650.3124516937391     
         690  -2606.7247904258347     
         691  -2641.9239410040932     
         692  -2625.4639049746497     
         693  -2623.5268763520107     
         694  -2542.1901360295810     
         695  -2541.6448615735649     
         696  -2538.0466951082781     
         697  -2600.3512381035202     
         698  -2560.9526679991013     
         699  -2543.0484805741603     
         700  -2644.3333437019414     
         701  -2584.0217156569188     
         702  -2558.1539100586119     
         703  -2547.6471489206419     
         704  -2566.5577109244082     
         705  -2552.7117336217430     
         706  -2526.3226131941842     
         707  -2598.4931916298688     
         708  -2561.9224312862593     
         709  -2493.0634552787028     
         710  -2538.8573293480208     
         711  -2548.0170765187077     
         712  -2604.6104345304084     
         713  -2570.3781274380481     
         714  -2537.9423852189302     
         715  -2539.2748177973917     
         716  -2547.3428075167994     
         717  -2520.2390880747089     
         718  -2550.9540247361015     
         719  -2553.5080808477610     
         720  -2443.2934626797769     
         721  -2474.9355070850484     
         722  -2473.0819319584871     
         723  -2500.9784907747057     
         724  -2523.8318696296815     
         725  -2609.1178137498960     
         726  -2620.7525374786705     
         727  -2605.0641536201670     
         728  -2606.0959079853224     
         729  -2540.9381158995620     
         730  -2565.3345046396889     
         731  -2536.8244040602008     
         732  -2534.2193700815351     
         733  -2586.8454075961445     
         734  -2557.8391571482539     
         735  -2616.8210764596770     
         736  -2618.3082729036050     
         737  -2574.7184385255468     
         738  -2559.2702488562195     
         739  -2545.9817613751288     
         740  -2544.5251874452697     
         741  -2568.6720897741884     
         742  -2577.7978074272505     
         743  -2513.9164498002033     
         744  -2502.9290032960553     
         745  -2579.7751450435567     
         746  -2533.7325428320714     
         747  -2586.0592962996784     
         748  -2519.6978304175968     
         749  -2525.2999286013314     
         750  -2588.2873622518373     
         751  -2565.7226408312222     
         752  -2559.4507399301133     
         753  -2545.4502715139629     
         754  -2548.8301152607110     
         755  -2578.8973129173864     
         756  -2617.7324997635292     
         757  -2595.0035716509333     
         758  -2621.3112840758527     
         759  -2609.5049959087551     
         760  -2635.9231659126517     
         761  -2611.9775041944035     
         762  -2627.9777493218685     
         763  -2668.0248704650276     
         764  -2623.6627573594155     
         765  -2622.1938344854884     
         766  -2630.2560056471270     
         767  -2625.8232665351984     
         768  -2615.9307020524802     
         769  -2627.6244629929261     
         770  -2609.8725085072315     
         771  -2571.9299988864877     
         772  -2565.5092068824006     
         773  -2547.5731273888873     
         774  -2529.2137078529449     
         775  -2544.4472310449228     
         776  -2534.1773407750870     
         777  -2563.1756528988353     
         778  -2525.8808084134316     
         779  -2496.9095493066075     
         780  -2581.8773871449844     
         781  -2592.2235783494216     
         782  -2546.1961353650981     
         783  -2540.5958930881238     
         784  -2579.2406449164455     
         785  -2571.2902878489676     
         786  -2539.7917861327101     
         787  -2495.7867464338674     
         788  -2587.1103367400001     
         789  -2570.6421544711161     
         790  -2605.0730623588784     
         791  -2576.2646782966813     
         792  -2579.2195190372804     
         793  -2544.9548762258441     
         794  -2513.9302068566958     
         795  -2534.5326823645469     
         796  -2556.2905583006950     
         797  -2503.9543638843356     
         798  -2595.0657876920982     
         799  -2599.3332840811509     
         800  -2523.9380302205709     
         801  -2631.2626636768068     
         802  -2614.1886124754974     
         803  -2669.6172027994244     
         804  -2664.1850904145285     
         805  -2589.9577100499509     
         806  -2555.3537964166503     
         807  -2520.7005244953416     
         808  -2534.9201436173284     
         809  -2569.3512124320887     
         810  -2526.5481906563373     
         811  -2478.1418089138015     
         812  -2502.6740586803635     
         813  -2434.2582370813520     
         814  -2524.6088923912607     
         815  -2594.4024000455170     
         816  -2500.1320185346153     
         817  -2536.4731172256188     
         818  -2547.0445461284157     
         819  -2543.5951961052260     
         820  -2495.2590633191435     
         821  -2537.0263672718861     
         822  -2553.0907592319259     
         823  -2573.9473042907557     
         824  -2542.7581316482551     
         825  -2507.7190510685650     
         826  -2483.8070151237825     
         827  -2512.2891481046599     
         828  -2533.9455524581313     
         829  -2509.6835284058848     
         830  -2539.8612152553101     
         831  -2550.0463949723371     
         832  -2577.1584694709386     
         833  -2586.5227013404151     
         834  -2584.9844324951637     
         835  -2574.3498568613973     
         836  -2523.7937430018837     
         837  -2558.6335991817091     
         838  -2582.2151910019584     
         839  -2514.6781170539107     
         840  -2557.6022092988428     
         841  -2557.7091191229902     
         842  -2527.6594186242528     
         843  -2515.3541636968243     
         844  -2553.5375460004498     
         845  -2547.0118235165005     
         846  -2490.5679825037496     
         847  -2487.2955755204121     
         848  -2526.3944918824354     
         849  -2556.0584650666506     
         850  -2511.8894242319961     
         851  -2549.5483281857742     
         852  -2518.0102198673467     
         853  -2496.4103643218141     
         854  -2471.2704270472136     
         855  -2511.0151247611393     
         856  -2532.3877915754720     
         857  -2548.1195782386990     
         858  -2562.2290085135842     
         859  -2522.0912299766419     
         860  -2513.3329783078752     
         861  -2552.6747388269555     
         862  -2546.1078636520019     
         863  -2549.2268212308882     
         864  -2551.2131181688887     
         865  -2556.9363414909394     
         866  -2522.2837394677290     
         867  -2557.1670037832864     
         868  -2573.4028285782956     
         869  -2544.0701962044850     
         870  -2634.4312988921797     
         871  -2612.8727064872805     
         872  -2632.7194515730926     
         873  -2614.1381147219586     
         874  -2610.1245688649137     
         875  -2524.6645257504128     
         876  -2528.6234832652763     
         877  -2597.5565542038175     
         878  -2576.0542752123433     
         879  -2535.5213274240291     
         880  -2555.9962865274979     
         881  -2570.5661848920695     
         882  -2515.3668965605038     
         883  -2529.1309837490558     
         884  -2574.9635678147292     
         885  -2607.2786854699220     
         886  -2529.4093711979754     
         887  -2524.4190635339869     
         888  -2589.1267849026099     
         889  -2542.5382890398191     
         890  -2555.4366343386778     
         891  -2551.3036330738205     
         892  -2567.2736488686596     
         893  -2551.1651532169053     
         894  -2492.4484341681573     
         895  -2570.2042896400508     
         896  -2589.4664579727100     
         897  -2590.3698824768512     
         898  -2602.9050506905942     
         899  -2589.4904298902784     
         900  -2564.0625460320434     
         901  -2610.4732711939055     
         902  -2574.6725728679357     
         903  -2643.9259429631361     
         904  -2611.2672215241405     
         905  -2616.3344732114269     
         906  -2607.3993094609195     
         907  -2578.9802133496532     
         908  -2606.1221429694574     
         909  -2610.1787510568724     
         910  -2608.5986952370768     
         911  -2574.0294526522707     
         912  -2620.2996045277382     
         913  -2558.7595598570342     
         914  -2585.8464273334321     
         915  -2588.1529732898680     
         916  -2629.4980497202596     
         917  -2626.4323402966434     
         918  -2608.3056124433506     
         919  -2564.6593167480214     
         920  -2516.6349649575823     
         921  -2558.6962499456135     
         922  -2629.1760728086224     
         923  -2594.6870319560740     
         924  -2595.6665933862332     
         925  -2625.8565962631178     
         926  -2572.3567681778441     
         927  -2587.3785140159789     
         928  -2575.4277074116485     
         929  -2581.3788924023943     
         930  -2512.5100062931670     
         931  -2467.6103184469384     
         932  -2548.7515359143490     
         933  -2578.7164739993709     
         934  -2573.5611299660782     
         935  -2590.0790306404378     
         936  -2591.6443835119458     
         937  -2608.5239393340244     
         938  -2617.4677907716145     
         939  -2576.9884692169812     
         940  -2596.9910211772149     
         941  -2566.4246081398114     
         942  -2564.9038607287557     
         943  -2596.3421870052503     
         944  -2552.2106191493881     
         945  -2608.3578901449846     
         946  -2621.1241172641189     
         947  -2651.3428298975809     
         948  -2662.7327954618559     
         949  -2604.0638409434705     
         950  -2609.2209637672545     
         951  -2618.1858604245340     
         952  -2600.3554111330486     
         953  -2530.9460237036396     
         954  -2653.0651185680913     
         955  -2625.3218812784803     
         956  -2620.4985144953489     
         957  -2575.7234226876053     
         958  -2589.0637757903251     
         959  -2564.5022967690243     
         960  -2591.7087751469035     
         961  -2580.5267981149441     
         962  -2584.1406558503468     
         963  -2619.4055284404149     
         964  -2576.6059380673528     
         965  -2558.0581003081425     
         966  -2563.1726941981792     
         967  -2595.9840088667083     
         968  -2597.7415470197548     
         969  -2610.0816276531514     
         970  -2638.6224038958785     
         971  -2611.9103847280344     
         972  -2515.1309727452044     
         973  -2531.3681451035691     
         974  -2454.5189939903862     
         975  -2515.8025547931179     
         976  -2556.6283806422739     
         977  -2576.1299071235353     
         978  -2607.3787935333544     
         979  -2567.1798269011251     
         980  -2578.6704825752618     
         981  -2582.3165590827957     
         982  -2610.6161438381350     
         983  -2628.7759914761923     
         984  -2622.7352250457716     
         985  -2604.7908903070138     
         986  -2568.3642228283679     
         987  -2550.7492845290012     
         988  -2577.4557740898454     
         989  -2577.8227905125227     
         990  -2602.2942059781653     
         991  -2616.7430235526494     
         992  -2613.6744371439427     
         993  -2569.5729592762941     
         994  -2634.9170762579938     
         995  -2660.6295661832332     
         996  -2616.6185952220744     
         997  -2626.4315810066496     
         998  -2593.2451449693053     
         999  -2611.5547078170416     
        1000  -2562.3683907528548     
        1001  -2610.5230136910645     
        1002  -2596.6081322092477     
        1003  -2633.0482540179514     
        1004  -2655.6160824969606     
        1005  -2657.6962728419999     
        1006  -2601.9639294851249     
        1007  -2599.7358493603579     
        1008  -2658.5404650803212     
        1009  -2625.8484477974421     
        1010  -2611.7060523943069     
        1011  -2671.4234403200662     
        1012  -2590.4992992761308     
        1013  -2613.1349176080826     
        1014  -2634.1894505894097     
        1015  -2632.8579205654501     
        1016  -2650.1153425715138     
        1017  -2638.2080573372318     
        1018  -2615.3604030168726     
        1019  -2639.0452240784880     
        1020  -2650.1519088064174     
        1021  -2619.1051357302395     
        1022  -2626.7702244663874     
        1023  -2628.6015781336228     
        1024  -2593.8522976426266     
        1025  -2608.5443294564893     
        1026  -2605.4221622280866     
        1027  -2627.5591004926264     
        1028  -2619.0653891505717     
        1029  -2643.2052421555081     
        1030  -2648.0475503512939     
        1031  -2658.3636676079655     
        1032  -2678.9486072440473     
        1033  -2736.5920954161306     
        1034  -2733.0524230231194     
        1035  -2621.0495170008712     
        1036  -2629.7651806217455     
        1037  -2610.4302177405589     
        1038  -2583.5884578097935     
        1039  -2648.2440988308117     
        1040  -2640.7466478767137     
        1041  -2654.1865364202408     
        1042  -2654.0490454382839     
        1043  -2708.7453411812694     
        1044  -2723.1489453335425     
        1045  -2627.7331370493039     
        1046  -2606.9291736236655     
        1047  -2671.2519255403367     
        1048  -2704.3292267366724     
        1049  -2684.3226284054635     
        1050  -2653.7531406754556     
        1051  -2640.6875243079185     
        1052  -2657.6660832831753     
        1053  -2652.3226248700903     
        1054  -2682.9615306611104     
        1055  -2625.0661066762314     
        1056  -2598.0662267036305     
        1057  -2620.8482845958974     
        1058  -2679.5464021017979     
        1059  -2654.9478266024375     
        1060  -2610.7442543799671     
        1061  -2634.0261849641970     
        1062  -2626.5055151854503     
        1063  -2607.2744751518712     
        1064  -2567.8635127191937     
        1065  -2578.0619747473856     
        1066  -2591.1753872733534     
        1067  -2549.5408318132713     
        1068  -2605.0566778342945     
        1069  -2552.0042882598236     
        1070  -2628.9897248189495     
        1071  -2548.0269439341268     
        1072  -2584.9255211680438     
        1073  -2536.1137497046125     
        1074  -2588.5344188594931     
        1075  -2559.8490328544385     
        1076  -2577.3758135709022     
        1077  -2598.2029940006987     
        1078  -2597.1019461575311     
        1079  -2617.5284298854544     
        1080  -2609.4205290910168     
        1081  -2633.0787915286587     
        1082  -2649.2542245879508     
        1083  -2579.4268036058120     
        1084  -2558.5237532797582     
        1085  -2513.2431211960193     
        1086  -2609.0598634833532     
        1087  -2607.3511783293125     
        1088  -2629.0474512591391     
        1089  -2711.6731480374710     
        1090  -2583.2663273154694     
        1091  -2635.4985001923319     
        1092  -2625.9286747078395     
        1093  -2661.7204029375494     
        1094  -2658.0209207751777     
        1095  -2663.0444148587608     
        1096  -2661.1620053931060     
        1097  -2736.3137680941995     
        1098  -2727.8308533487884     
        1099  -2718.1408421839219     
        1100  -2729.3348340311113     
        1101  -2674.9861271296277     
        1102  -2655.0820534613467     
        1103  -2656.8193878059219     
        1104  -2635.0309230470475     
        1105  -2636.4703185484400     
        1106  -2642.9425202576376     
        1107  -2627.4716944115762     
        1108  -2630.4086809737191     
        1109  -2618.7838877362196     
        1110  -2659.2910169911461     
        1111  -2658.9517908884868     
        1112  -2622.1123320118390     
        1113  -2643.2920301233089     
        1114  -2562.3765642164926     
        1115  -2550.8156265667481     
        1116  -2592.3978931163351     
        1117  -2666.0195780527470     
        1118  -2672.2178295175913     
        1119  -2657.2950769029412     
        1120  -2676.4381061789763     
        1121  -2629.3763423386749     
        1122  -2612.7326276756785     
        1123  -2675.7890227289504     
        1124  -2606.0115324311919     
        1125  -2643.5755578432781     
        1126  -2621.7683946256170     
        1127  -2624.3101972937698     
        1128  -2620.0690959807830     
        1129  -2626.3020153149978     
        1130  -2662.7946796172978     
        1131  -2655.2462093199410     
        1132  -2594.4044222880821     
        1133  -2567.6177640914748     
        1134  -2580.5833374364065     
        1135  -2596.3741159578840     
        1136  -2549.0510913929984     
        1137  -2520.7255896774195     
        1138  -2579.9198768325205     
        1139  -2608.0553051590864     
        1140  -2602.6079020608640     
        1141  -2601.2165117019745     
        1142  -2580.4774676294078     
        1143  -2532.5980718971814     
        1144  -2506.6558471109761     
        1145  -2542.5598567482921     
        1146  -2576.9346665104163     
        1147  -2622.0987224219725     
        1148  -2621.0909117162132     
        1149  -2629.6951568791555     
        1150  -2624.7529173651847     
        1151  -2634.6691966517574     
        1152  -2575.0887308376145     
        1153  -2606.8017155303869     
        1154  -2583.5213241177871     
        1155  -2604.0630221692013     
        1156  -2574.0612924561287     
        1157  -2552.8427067625416     
        1158  -2591.6877414919022     
        1159  -2616.4801687739664     
        1160  -2592.8269259651042     
        1161  -2563.8573828704161     
        1162  -2520.9488357275354     
        1163  -2530.5566406207431     
        1164  -2596.8175408401453     
        1165  -2566.2526397770694     
        1166  -2644.2952738334234     
        1167  -2603.7758242680447     
        1168  -2608.1698169781826     
        1169  -2607.5509664703445     
        1170  -2590.1652198743627     
        1171  -2613.0609145901412     
        1172  -2581.4701588454632     
        1173  -2594.2240305041441     
        1174  -2581.3817705662614     
        1175  -2615.9370190177501     
        1176  -2594.9607071597038     
        1177  -2596.7231544876904     
        1178  -2584.3651881233600     
        1179  -2525.8842133952321     
        1180  -2571.9650585669583     
        1181  -2582.6547831252087     
        1182  -2655.5364185683402     
        1183  -2616.9149660142662     
        1184  -2598.6326521089436     
        1185  -2527.1296431613910     
        1186  -2588.3273811469817     
        1187  -2542.6582413283340     
        1188  -2503.3740083134785     
        1189  -2541.7808412638969     
        1190  -2528.8874245903589     
        1191  -2642.9003880168489     
        1192  -2619.7701881057978     
        1193  -2602.9897778903933     
        1194  -2571.2915852302344     
        1195  -2583.8728850345369     
        1196  -2546.1896616946265     
        1197  -2627.3040353952601     
        1198  -2652.3711004646807     
        1199  -2627.5974948412977     
        1200  -2610.6522286278096     
        1201  -2622.0371762589443     
        1202  -2547.7712360699934     
        1203  -2542.2537347136622     
        1204  -2573.4365418172265     
        1205  -2530.8786639983819     
        1206  -2563.5777728663679     
        1207  -2550.2412080343306     
        1208  -2600.3913114600905     
        1209  -2592.5463299750254     
        1210  -2593.0991387580448     
        1211  -2617.5397605673720     
        1212  -2619.1857105534114     
        1213  -2539.2062208638013     
        1214  -2586.5545179766063     
        1215  -2554.5937213332468     
        1216  -2607.6775711737641     
        1217  -2609.1625742587025     
        1218  -2619.5150002471405     
        1219  -2613.2342655123316     
        1220  -2564.0262007638112     
        1221  -2562.6577988737677     
        1222  -2485.1476271995116     
        1223  -2597.7062361959265     
        1224  -2586.5406307821099     
        1225  -2639.8752277559247     
        1226  -2610.8931122954600     
        1227  -2645.5912193192039     
        1228  -2605.4536307200106     
        1229  -2563.4806074360913     
        1230  -2621.9014240786396     
        1231  -2545.7606218317778     
        1232  -2561.9863505309390     
        1233  -2536.3117241852287     
        1234  -2595.4802411493852     
        1235  -2614.8024652524841     
        1236  -2598.4107418059561     
        1237  -2610.7427574891872     
        1238  -2666.9903296526818     
        1239  -2718.5985938633198     
        1240  -2682.3279232909772     
        1241  -2618.6453199442294     
        1242  -2586.9004579997750     
        1243  -2597.0742487238313     
        1244  -2571.1853073830698     
        1245  -2558.2320592519332     
        1246  -2592.9242850618753     
        1247  -2549.4878425224970     
        1248  -2574.8072225841083     
        1249  -2574.3598916260239     
        1250  -2624.5456208344867     
        1251  -2592.0329925769138     
        1252  -2599.3053370811845     
        1253  -2598.3412791869400     
        1254  -2539.2031138837656     
        1255  -2516.4644950583879     
        1256  -2468.1848523620106     
        1257  -2625.8670393188581     
        1258  -2580.8791875732568     
        1259  -2577.1416019361664     
        1260  -2600.6328457595660     
        1261  -2602.3675201548931     
        1262  -2535.9223496862260     
        1263  -2559.7051862060866     
        1264  -2618.9321622142952     
        1265  -2596.1320117943669     
        1266  -2595.8054238745767     
        1267  -2623.2510968251449     
        1268  -2627.5980655459189     
        1269  -2588.0808019977994     
        1270  -2620.9862957766104     
        1271  -2596.6416850387573     
        1272  -2586.5621810353891     
        1273  -2582.7352654102074     
        1274  -2603.6116509866683     
        1275  -2598.0891595495164     
        1276  -2589.6539781200481     
        1277  -2608.2923174415419     
        1278  -2600.4294760916982     
        1279  -2555.4274805652249     
        1280  -2562.7982645966899     
        1281  -2558.7633043419919     
        1282  -2552.4348774325058     
        1283  -2570.5374891054835     
        1284  -2603.2021896610709     
        1285  -2527.0389654848836     
        1286  -2546.5034829030583     
        1287  -2573.2352631751787     
        1288  -2612.3775385180429     
        1289  -2588.8189118390651     
        1290  -2650.8672014251274     
        1291  -2583.6077469668430     
        1292  -2629.8022311592022     
        1293  -2627.2037400076974     
        1294  -2611.0205962699156     
        1295  -2601.5804848300900     
        1296  -2581.3927561470173     
        1297  -2644.1738674157973     
        1298  -2675.1841956903777     
        1299  -2659.2438253180167     
        1300  -2638.2697782482464     
        1301  -2674.1471034668066     
        1302  -2635.8273851526828     
        1303  -2516.2156336287926     
        1304  -2492.0302296825239     
        1305  -2589.2995155396993     
        1306  -2636.6168794034693     
        1307  -2564.2211008583295     
        1308  -2649.6790162239945     
        1309  -2653.7169144028067     
        1310  -2599.3000089062675     
        1311  -2593.1964439414951     
        1312  -2589.9019504882162     
        1313  -2629.4221711713481     
        1314  -2595.1410460445695     
        1315  -2643.4842504490366     
        1316  -2555.8047130970276     
        1317  -2515.5588181726871     
        1318  -2487.4170227637069     
        1319  -2497.8585307358944     
        1320  -2602.6990438559910     
        1321  -2599.0605209535274     
        1322  -2651.5939283496364     
        1323  -2641.8375583827783     
        1324  -2646.7069835284233     
        1325  -2577.4413430390546     
        1326  -2545.5509184165107     
        1327  -2483.1931221584823     
        1328  -2507.7763490945836     
        1329  -2538.4552283986709     
        1330  -2548.4030688601870     
        1331  -2555.2921990157188     
        1332  -2621.5882023368899     
        1333  -2606.6764743421140     
        1334  -2618.7045883626611     
        1335  -2611.7587190065619     
        1336  -2679.7802805490433     
        1337  -2680.4817659421542     
        1338  -2607.9055846460474     
        1339  -2575.2075607086508     
        1340  -2613.6969109124852     
        1341  -2622.3803952244866     
        1342  -2553.1449298535344     
        1343  -2627.3733740226594     
        1344  -2664.2291268252106     
        1345  -2614.2315316015788     
        1346  -2638.9156449282041     
        1347  -2693.3990878648356     
        1348  -2686.6437679812116     
        1349  -2622.1838022754459     
        1350  -2685.8047438710882     
        1351  -2673.1457846450503     
        1352  -2698.9391521727553     
        1353  -2717.2309960260195     
        1354  -2655.1185420897086     
        1355  -2654.4177757482780     
        1356  -2667.7270074307480     
        1357  -2677.5251834026585     
        1358  -2652.2082198312992     
        1359  -2634.5560581353793     
        1360  -2668.6540680366206     
        1361  -2593.5718378322122     
        1362  -2689.8647593461073     
        1363  -2618.6998180641776     
        1364  -2573.2385493942156     
        1365  -2578.7374280998160     
        1366  -2614.0438842321578     
        1367  -2630.2178456719348     
        1368  -2653.5858625501246     
        1369  -2678.2104305569692     
        1370  -2625.6897921900650     
        1371  -2620.4150433987993     
        1372  -2613.5744404485072     
        1373  -2651.3904863778794     
        1374  -2619.5523619233504     
        1375  -2621.0109178937255     
        1376  -2614.7269486393861     
        1377  -2644.2267516172860     
        1378  -2628.3194510567473     
        1379  -2596.3235665153638     
        1380  -2616.8151469055474     
        1381  -2672.9003484696668     
        1382  -2661.2718464610998     
        1383  -2604.5143486968359     
        1384  -2601.2895937184753     
        1385  -2606.6458988605023     
        1386  -2589.4200143463386     
        1387  -2647.5481383151900     
        1388  -2570.4058682643649     
        1389  -2616.8548973980387     
        1390  -2597.0317470427644     
        1391  -2630.3060975089647     
        1392  -2594.1221610076250     
        1393  -2558.1355039719951     
        1394  -2577.6717445582035     
        1395  -2566.8647321445046     
        1396  -2581.2394808189761     
        1397  -2589.4054433666347     
        1398  -2538.6961848507303     
        1399  -2539.1916863411611     
        1400  -2564.9073508871493     
        1401  -2617.1893489460322     
        1402  -2521.9055230059762     
        1403  -2584.5028909606426     
        1404  -2614.6268384210289     
        1405  -2607.0314114298121     
        1406  -2659.0605668029179     
        1407  -2612.4382591814242     
        1408  -2651.9680317922930     
        1409  -2636.5876410215592     
        1410  -2585.6363800792310     
        1411  -2626.1063711785214     
        1412  -2664.3685975292615     
        1413  -2617.3314736788961     
        1414  -2628.9672910674749     
        1415  -2601.4137400327222     
        1416  -2646.3084002115461     
        1417  -2646.9549348993933     
        1418  -2624.3476236290362     
        1419  -2649.8918951251262     
        1420  -2655.4997206064982     
        1421  -2665.4507922081402     
        1422  -2626.7755967297858     
        1423  -2631.8127325337746     
        1424  -2561.9806812989800     
        1425  -2619.1293583591901     
        1426  -2591.4183689818915     
        1427  -2642.6493466926199     
        1428  -2625.0059644698204     
        1429  -2578.2978890132640     
        1430  -2629.1340851056316     
        1431  -2616.1893302147205     
        1432  -2654.9941088554292     
        1433  -2613.1152917759237     
        1434  -2577.5066500607877     
        1435  -2573.4303861462536     
        1436  -2580.3715171691724     
        1437  -2573.3018134676890     
        1438  -2557.1149606052741     
        1439  -2552.0977702716223     
        1440  -2587.3993957422531     
        1441  -2579.1760041632097     
        1442  -2555.3929203638922     
        1443  -2553.6846986785099     
        1444  -2539.3149171846703     
        1445  -2577.6817767213465     
        1446  -2511.2032743579803     
        1447  -2505.3117484241138     
        1448  -2597.5252133530471     
        1449  -2545.3427434858368     
        1450  -2576.7603344756767     
        1451  -2530.1300301402121     
        1452  -2570.5864607108665     
        1453  -2579.3722680965966     
        1454  -2583.4236818030695     
        1455  -2589.0022272942833     
        1456  -2590.0510050116586     
        1457  -2618.6200603541715     
        1458  -2562.4174623381014     
        1459  -2684.9459939422800     
        1460  -2689.2315157829439     
        1461  -2652.6882169360060     
        1462  -2645.6182946084596     
        1463  -2621.2729848867175     
        1464  -2593.2665600995465     
        1465  -2589.7031458217270     
        1466  -2608.8853125717555     
        1467  -2639.8281471964874     
        1468  -2674.4507181743525     
        1469  -2696.6329036491279     
        1470  -2602.0527311585720     
        1471  -2564.9044475172177     
        1472  -2601.0814362637225     
        1473  -2528.1194629175752     
        1474  -2599.4648734407847     
        1475  -2571.7234451217541     
        1476  -2670.1237885597279     
        1477  -2650.5319140863394     
        1478  -2586.5178502344584     
        1479  -2646.1856813889590     
        1480  -2568.7290094299537     
        1481  -2566.7598573237874     
        1482  -2570.8165521809824     
        1483  -2567.0862542654618     
        1484  -2615.6487471502578     
        1485  -2653.0614249053101     
        1486  -2625.9017029093934     
        1487  -2616.2931291602449     
        1488  -2589.3366391467239     
        1489  -2603.8912630496202     
        1490  -2530.9393276790906     
        1491  -2550.4197515115447     
        1492  -2575.5342663805268     
        1493  -2598.3657651542535     
        1494  -2600.2883141348675     
        1495  -2627.2788978544786     
        1496  -2609.4527712210515     
        1497  -2579.3424484918014     
        1498  -2595.5639140661156     
        1499  -2570.5330089893359     
        1500  -2576.7610575020508     
        1501  -2606.9243290188961     
        1502  -2560.4415796460726     
        1503  -2634.3967446604602     
        1504  -2586.2473562912196     
        1505  -2631.3181802144491     
        1506  -2596.5427168884307     
        1507  -2615.8322480812262     
        1508  -2592.0613075930619     
        1509  -2576.0992949835345     
        1510  -2546.7930424893175     
        1511  -2582.6903598331278     
        1512  -2573.4939217703677     
        1513  -2570.1758513838527     
        1514  -2539.8094816643288     
        1515  -2488.9708162149104     
        1516  -2537.9898185693446     
        1517  -2575.1516129692318     
        1518  -2586.1932731055890     
        1519  -2572.9486941208388     
        1520  -2584.1070577912819     
        1521  -2577.4842039998384     
        1522  -2546.8400780993734     
        1523  -2643.1253532206019     
        1524  -2604.9435063161550     
        1525  -2571.2413007549499     
        1526  -2642.1340148137047     
        1527  -2644.9023507123143     
        1528  -2585.8844573819511     
        1529  -2554.6379360044152     
        1530  -2610.8505211171223     
        1531  -2613.9038228335671     
        1532  -2559.3099522356579     
        1533  -2605.3771059143533     
        1534  -2625.2737192658246     
        1535  -2604.7632112264282     
        1536  -2591.3263182261785     
        1537  -2585.9774104742851     
        1538  -2554.3207777715384     
        1539  -2553.5999584863439     
        1540  -2555.1393387950152     
        1541  -2541.5763141192160     
        1542  -2636.5816341385025     
        1543  -2617.2764569695369     
        1544  -2552.9987121837453     
        1545  -2609.8494034815776     
        1546  -2650.9191311184918     
        1547  -2568.8942980316870     
        1548  -2630.1392397344589     
        1549  -2659.7552239886832     
        1550  -2601.3972974579642     
        1551  -2556.0164768108843     
        1552  -2610.5350290344832     
        1553  -2609.0984896966847     
        1554  -2612.1001147385209     
        1555  -2550.8967566992114     
        1556  -2481.1725996524870     
        1557  -2462.7908219289388     
        1558  -2513.1907434231312     
        1559  -2571.1818173149177     
        1560  -2574.4922175059451     
        1561  -2580.6937005806922     
        1562  -2505.5655439901411     
        1563  -2549.8127910889571     
        1564  -2554.4208294713467     
        1565  -2599.1518953443851     
        1566  -2620.8435150137220     
        1567  -2577.9879234845057     
        1568  -2615.7507846222279     
        1569  -2615.5830481580915     
        1570  -2627.4233326828285     
        1571  -2573.5671048006129     
        1572  -2589.1261120091758     
        1573  -2580.3583738623461     
        1574  -2583.8369670642901     
        1575  -2605.7187966805150     
        1576  -2604.2132693555654     
        1577  -2562.8335059940059     
        1578  -2591.8517046655311     
        1579  -2621.4510626400024     
        1580  -2585.5414537257402     
        1581  -2606.4009106190260     
        1582  -2554.8717938456462     
        1583  -2619.2578397632278     
        1584  -2568.8089358789653     
        1585  -2659.8451668704574     
        1586  -2572.1171671399416     
        1587  -2579.0148362963741     
        1588  -2613.4526888549017     
        1589  -2590.0470348721192     
        1590  -2615.6764493899814     
        1591  -2566.4526869668939     
        1592  -2577.5821557734994     
        1593  -2588.3317828691934     
        1594  -2607.1130430117501     
        1595  -2606.1175909962449     
        1596  -2585.4523712232649     
        1597  -2575.0629656968590     
        1598  -2622.0778010522849     
        1599  -2593.6598453770230     
        1600  -2606.8220698156520     
        1601  -2581.6838170033761     
        1602  -2567.4262877947072     
        1603  -2616.1592160688492     
        1604  -2687.3398775650080     
        1605  -2682.7244164629165     
        1606  -2644.5958464662094     
        1607  -2599.3480769075923     
        1608  -2624.5663273759360     
        1609  -2610.4314108249741     
        1610  -2639.6086609248218     
        1611  -2615.0755327124002     
        1612  -2595.6122916524109     
        1613  -2620.6975785686632     
        1614  -2546.2593794144245     
        1615  -2600.8769025170996     
        1616  -2600.2789602903285     
        1617  -2606.6259167916942     
        1618  -2639.3830578906577     
        1619  -2604.3395981286217     
        1620  -2616.6485005236641     
        1621  -2600.0642012644007     
        1622  -2522.7381651961869     
        1623  -2571.7023348502316     
        1624  -2534.8195540180041     
        1625  -2586.4548145872495     
        1626  -2549.2817774576183     
        1627  -2533.5639769882532     
        1628  -2527.5029400174694     
        1629  -2580.4757611948071     
        1630  -2574.1997889751219     
        1631  -2601.9062850407768     
        1632  -2526.7715894713097     
        1633  -2485.6117252743493     
        1634  -2604.1067984818733     
        1635  -2567.8448049656881     
        1636  -2572.3926114457554     
        1637  -2582.6462687549160     
        1638  -2566.3934625019265     
        1639  -2621.7478201598510     
        1640  -2611.6398455956505     
        1641  -2686.7979270407050     
        1642  -2690.7608867227354     
        1643  -2668.8342845144880     
        1644  -2633.7589702198838     
        1645  -2655.0912862997093     
        1646  -2678.4952435669297     
        1647  -2622.2220488111020     
        1648  -2616.5996383469442     
        1649  -2639.0764652853336     
        1650  -2581.2385644332344     
        1651  -2607.6839814097125     
        1652  -2655.0111580039611     
        1653  -2680.6991432562531     
        1654  -2661.3452715750350     
        1655  -2624.1898487133049     
        1656  -2606.7597619542494     
        1657  -2672.7484574543519     
        1658  -2677.1087143795439     
        1659  -2662.7483379588716     
        1660  -2663.1125086590459     
        1661  -2633.5799908140903     
        1662  -2578.1282613128178     
        1663  -2577.7962923829164     
        1664  -2620.1060728033963     
        1665  -2644.8724555222288     
        1666  -2612.6070911867860     
        1667  -2639.1570416212408     
        1668  -2656.7010591893390     
        1669  -2614.6956968852869     
        1670  -2613.4719807159081     
        1671  -2623.5061877864664     
        1672  -2651.7804264789047     
        1673  -2616.7050069716347     
        1674  -2643.3936263538144     
        1675  -2643.8611880043518     
        1676  -2629.0177206700882     
        1677  -2642.5498750964834     
        1678  -2658.4078803609341     
        1679  -2638.0285327300016     
        1680  -2665.8802846688673     
        1681  -2689.0342878934675     
        1682  -2640.4189615587202     
        1683  -2598.9353001486961     
        1684  -2682.5164801461774     
        1685  -2653.0946842269600     
        1686  -2560.9499875516426     
        1687  -2596.5671682763427     
        1688  -2570.7229714764167     
        1689  -2546.0536114432284     
        1690  -2565.4605102300020     
        1691  -2569.7349079376409     
        1692  -2550.6927191713235     
        1693  -2554.5338286884248     
        1694  -2565.2097064162749     
        1695  -2620.4723274904318     
        1696  -2687.6845914959158     
        1697  -2615.4978784724053     
        1698  -2612.2068877009024     
        1699  -2601.3701050411873     
        1700  -2615.8362759982510     
        1701  -2626.7750431572863     
        1702  -2545.9602096480521     
        1703  -2539.5852012216924     
        1704  -2577.1051374925619     
        1705  -2633.1854758058262     
        1706  -2508.6365646379818     
        1707  -2530.6530361531736     
        1708  -2561.2000078018268     
        1709  -2639.7066475576394     
        1710  -2610.1543130290152     
        1711  -2625.0676828046817     
        1712  -2575.5767200608698     
        1713  -2597.4118986019184     
        1714  -2644.3374133363423     
        1715  -2632.0181722281932     
        1716  -2650.3064424145487     
        1717  -2611.4323768946451     
        1718  -2603.0925473759930     
        1719  -2578.7275641292108     
        1720  -2586.0590725038464     
        1721  -2572.7963481584538     
        1722  -2581.2678577329980     
        1723  -2603.2515909747553     
        1724  -2511.6277945895545     
        1725  -2528.4819377176013     
        1726  -2539.0857459536037     
        1727  -2638.5711933991192     
        1728  -2624.2737506080584     
        1729  -2602.6633218621646     
        1730  -2657.3685923835501     
        1731  -2622.6321010725419     
        1732  -2559.8885488160595     
        1733  -2505.2288193951877     
        1734  -2574.4394079169524     
        1735  -2624.6253720165919     
        1736  -2570.8813074926197     
        1737  -2630.9390242066370     
        1738  -2566.8135556207526     
        1739  -2577.0975296658630     
        1740  -2514.5187996520685     
        1741  -2577.4337512553789     
        1742  -2555.4147100058390     
        1743  -2563.2453649948206     
        1744  -2610.0820062415273     
        1745  -2598.0846707947476     
        1746  -2543.9145786831714     
        1747  -2564.0371708728649     
        1748  -2531.8116622714006     
        1749  -2569.8832294233025     
        1750  -2541.9355506135116     
        1751  -2515.2392076810006     
        1752  -2614.1158399731125     
        1753  -2590.0076907254220     
        1754  -2623.5889320588744     
        1755  -2588.5394053344489     
        1756  -2604.9567435274203     
        1757  -2613.0845120921995     
        1758  -2513.0002819551673     
        1759  -2549.8272163631041     
        1760  -2549.8621857014646     
        1761  -2635.6654889013598     
        1762  -2628.7771943295575     
        1763  -2598.2924876946090     
        1764  -2575.7754281824473     
        1765  -2617.4408041334163     
        1766  -2635.6315767288033     
        1767  -2614.9043610686335     
        1768  -2610.6554808195338     
        1769  -2595.8984880191056     
        1770  -2550.0413885952421     
        1771  -2591.8164654421985     
        1772  -2613.1237156290531     
        1773  -2602.6954202583820     
        1774  -2607.9791733414081     
        1775  -2638.0320350598013     
        1776  -2637.8085051584194     
        1777  -2632.4918789369258     
        1778  -2618.0273639482721     
        1779  -2615.1904215828727     
        1780  -2533.6564280463363     
        1781  -2607.2457011804859     
        1782  -2619.2657173940065     
        1783  -2600.8782397895307     
        1784  -2581.3873392061796     
        1785  -2555.5383562152233     
        1786  -2608.3633202514998     
        1787  -2605.4907843056740     
        1788  -2568.0839485457100     
        1789  -2589.6676905328900     
        1790  -2559.8512893642501     
        1791  -2579.8802319154079     
        1792  -2647.5105668531123     
        1793  -2684.3946872211868     
        1794  -2662.6974612401600     
        1795  -2628.7409510713705     
        1796  -2582.2606671595772     
        1797  -2621.3903780280270     
        1798  -2630.4283261567543     
        1799  -2583.1325455073202     
        1800  -2557.6414374582655     
        1801  -2575.3400158329227     
        1802  -2630.1786385729583     
        1803  -2573.8483122250177     
        1804  -2621.9081529048290     
        1805  -2651.1196708499715     
        1806  -2670.3631627039545     
        1807  -2615.4441885199249     
        1808  -2574.2100320159598     
        1809  -2596.4962963563053     
        1810  -2624.5412468650902     
        1811  -2646.9825111093110     
        1812  -2611.0031318189176     
        1813  -2592.6253380523426     
        1814  -2620.5013114671224     
        1815  -2633.1330137851824     
        1816  -2642.3197956013428     
        1817  -2637.6303168888003     
        1818  -2642.4477765124348     
        1819  -2573.8571186719664     
        1820  -2648.3470939002250     
        1821  -2664.7441119576906     
        1822  -2638.4416408118364     
        1823  -2557.8446520146181     
        1824  -2519.2437888624363     
        1825  -2484.9510542888061     
        1826  -2527.8405653578343     
        1827  -2536.2312498464066     
        1828  -2552.4196885911406     
        1829  -2558.1582642729395     
        1830  -2590.0636442486457     
        1831  -2626.9153179920140     
        1832  -2611.2235215595197     
        1833  -2644.0795971574712     
        1834  -2644.8868681264289     
        1835  -2629.4163020333726     
        1836  -2651.7952600920125     
        1837  -2639.2252162406980     
        1838  -2628.5717301156164     
        1839  -2648.1667519296693     
        1840  -2610.3597220882448     
        1841  -2630.3061797594787     
        1842  -2603.3097578020938     
        1843  -2649.7664530119250     
        1844  -2641.2245877199912     
        1845  -2659.1183757377289     
        1846  -2656.3044204651865     
        1847  -2603.0873202363659     
        1848  -2602.6921232907252     
        1849  -2657.8086736811197     
        1850  -2643.6646127959370     
        1851  -2627.3110717288864     
        1852  -2610.0848563003069     
        1853  -2692.6246444538660     
        1854  -2647.1418512959840     
        1855  -2686.0262246209340     
        1856  -2647.5209574590126     
        1857  -2585.7524408312074     
        1858  -2542.7800487766831     
        1859  -2611.8153875124221     
        1860  -2620.7614500938512     
        1861  -2644.8001564102606     
        1862  -2625.6934395570584     
        1863  -2656.3065493090230     
        1864  -2630.1279312787183     
        1865  -2640.5269043058570     
        1866  -2625.7616529698639     
        1867  -2566.7761293870794     
        1868  -2602.0719557480620     
        1869  -2603.0217106784276     
        1870  -2625.4278184468808     
        1871  -2650.9152952308009     
        1872  -2649.1261590270014     
        1873  -2657.7812826311301     
        1874  -2637.8776854059174     
        1875  -2687.3593636888959     
        1876  -2675.1719918828667     
        1877  -2637.3244883153038     
        1878  -2707.0633837137343     
        1879  -2703.9923411306327     
        1880  -2602.9478876012636     
        1881  -2676.3154165999922     
        1882  -2643.5722863632077     
        1883  -2626.9240459841621     
        1884  -2653.6321909308158     
        1885  -2664.8353264979405     
        1886  -2608.1175416039291     
        1887  -2595.0497776893981     
        1888  -2606.8678924600108     
        1889  -2648.0338162248545     
        1890  -2639.6545752601346     
        1891  -2623.2633061641423     
        1892  -2545.2093241178395     
        1893  -2588.5508444175607     
        1894  -2611.2710880766999     
        1895  -2590.1945111421214     
        1896  -2665.8223750687666     
        1897  -2684.9648615044252     
        1898  -2671.6341569254951     
        1899  -2609.7461211746936     
        1900  -2629.4455642874273     
        1901  -2599.6332862958438     
        1902  -2606.3305465149515     
        1903  -2677.0763664711399     
        1904  -2612.8331536488286     
        1905  -2607.5128601677588     
        1906  -2564.7882996390381     
        1907  -2628.6173101280710     
        1908  -2657.6132034562975     
        1909  -2643.8429417197572     
        1910  -2599.7673838926289     
        1911  -2617.8091372020276     
        1912  -2592.3390713932977     
        1913  -2562.2728765741890     
        1914  -2593.2791488887387     
        1915  -2558.5443295074406     
        1916  -2611.4342383545832     
        1917  -2596.1830359512064     
        1918  -2656.0738774901270     
        1919  -2633.3448475638770     
        1920  -2655.8531909985591     
        1921  -2635.4409135730875     
        1922  -2589.9190474951947     
        1923  -2606.7129139752551     
        1924  -2609.4072483848527     
        1925  -2607.4045178404317     
        1926  -2583.7696056530231     
        1927  -2579.2768638347079     
        1928  -2509.9786278763336     
        1929  -2517.7898464040604     
        1930  -2503.1367736322018     
        1931  -2556.0094639421568     
        1932  -2572.6157988763011     
        1933  -2537.8704199268850     
        1934  -2520.9857045704402     
        1935  -2538.9222915143764     
        1936  -2552.1389949860945     
        1937  -2590.5703681495856     
        1938  -2663.1646201240569     
        1939  -2617.1902807747183     
        1940  -2613.9128984472991     
        1941  -2531.8971569818850     
        1942  -2548.4147341666371     
        1943  -2615.5496881938793     
        1944  -2608.7235950127051     
        1945  -2629.5593545451957     
        1946  -2660.6008212385873     
        1947  -2609.0211037723666     
        1948  -2592.4318959813122     
        1949  -2572.0630402911029     
        1950  -2550.5295593323785     
        1951  -2567.3093214416831     
        1952  -2570.3683149144335     
        1953  -2566.3478551817134     
        1954  -2565.4300600960960     
        1955  -2533.7823162535465     
        1956  -2574.0726543540500     
        1957  -2559.9162969863510     
        1958  -2567.6057879232580     
        1959  -2559.7657235869606     
        1960  -2521.3489445225996     
        1961  -2489.6502780767305     
        1962  -2474.7611750994333     
        1963  -2516.6990738247573     
        1964  -2528.7146832360809     
        1965  -2576.8810826855856     
        1966  -2568.9941896270516     
        1967  -2533.3757027181296     
        1968  -2515.7010889985304     
        1969  -2534.1989510093999     
        1970  -2585.8378715093345     
        1971  -2573.7456066327863     
        1972  -2553.4862874150963     
        1973  -2559.0560736335578     
        1974  -2586.5282513093944     
        1975  -2612.3514152608618     
        1976  -2645.4399478032865     
        1977  -2615.1265022262101     
        1978  -2523.3817658968001     
        1979  -2522.9704057625977     
        1980  -2518.0952053810611     
        1981  -2543.8853573012570     
        1982  -2545.3520837263550     
        1983  -2597.8480680503444     
        1984  -2533.2549642070067     
        1985  -2524.2650451092609     
        1986  -2504.2859555032542     
        1987  -2527.2923746310435     
        1988  -2534.9083636572609     
        1989  -2532.2198392441792     
        1990  -2545.4221000042367     
        1991  -2552.0623109448493     
        1992  -2551.9120074842672     
        1993  -2517.6195561323748     
        1994  -2590.9210073894319     
        1995  -2547.0866253106651     
        1996  -2608.1486437652839     
        1997  -2629.5429276733507     
        1998  -2600.0846832002139     
        1999  -2539.8950902764332     
        2000  -2621.0784620643094     
