 SAMPLE,  ENERGY
           1  -2591.9708481706616     
           2  -2626.9190825547744     
           3  -2575.0165566997939     
           4  -2600.5124918505821     
           5  -2581.0118868822492     
           6  -2552.9800651930213     
           7  -2565.1603396792584     
           8  -2618.8089461550057     
           9  -2632.5621809629538     
          10  -2585.3323894460236     
          11  -2621.1116352950999     
          12  -2620.2366058074672     
          13  -2615.6378371928836     
          14  -2633.0035532222873     
          15  -2665.2042373361905     
          16  -2656.2402029820364     
          17  -2629.0888482630571     
          18  -2567.5847369722828     
          19  -2564.5212044944928     
          20  -2584.3127822568235     
          21  -2589.3693115394453     
          22  -2596.8944165008957     
          23  -2576.3050266487026     
          24  -2551.8792992959861     
          25  -2623.1178066674297     
          26  -2602.0052390318874     
          27  -2650.7970133495737     
          28  -2618.3075744798903     
          29  -2637.3567609644929     
          30  -2639.0082872167727     
          31  -2563.7773374901622     
          32  -2581.2020970775566     
          33  -2620.2896351857257     
          34  -2617.1266058394881     
          35  -2605.8986194914614     
          36  -2587.9351949362081     
          37  -2642.9130301185669     
          38  -2609.1602852986375     
          39  -2550.5131632702728     
          40  -2619.0970544457823     
          41  -2660.0845333712709     
          42  -2637.6628888123496     
          43  -2597.9202058928104     
          44  -2583.1656416790652     
          45  -2585.8926290279396     
          46  -2585.5602101510199     
          47  -2608.7990173729172     
          48  -2558.1860495362248     
          49  -2552.1816565434629     
          50  -2517.1337789083104     
          51  -2491.9451061214340     
          52  -2468.4314494760370     
          53  -2529.7441445648474     
          54  -2499.2204575827886     
          55  -2547.9119453937224     
          56  -2465.4394405450157     
          57  -2512.7899913017154     
          58  -2541.0146653741863     
          59  -2559.2645642224729     
          60  -2545.6008350346524     
          61  -2490.7682555295296     
          62  -2478.8601465648535     
          63  -2514.7572168547649     
          64  -2530.5690017683992     
          65  -2598.9156775718961     
          66  -2521.5540440967720     
          67  -2608.3309431997282     
          68  -2554.6253321977219     
          69  -2544.3680701776038     
          70  -2548.4363818341117     
          71  -2537.4414270680099     
          72  -2573.7141704534192     
          73  -2568.7160804956402     
          74  -2605.8872909736010     
          75  -2639.9429813892248     
          76  -2522.9972908442446     
          77  -2514.7946579928180     
          78  -2545.7060984187428     
          79  -2551.1842390169477     
          80  -2577.2967575230591     
          81  -2521.2808807052670     
          82  -2546.8766842483597     
          83  -2564.5397967865429     
          84  -2635.2112719832248     
          85  -2673.1923845214033     
          86  -2653.6774415935643     
          87  -2602.2306841790405     
          88  -2595.7871640694248     
          89  -2596.9638915496366     
          90  -2577.1498539473832     
          91  -2550.5686093457898     
          92  -2584.8573111758333     
          93  -2571.5186283876715     
          94  -2565.5073356549788     
          95  -2549.1808998569791     
          96  -2533.6584738072165     
          97  -2500.3255659932925     
          98  -2489.5967011016010     
          99  -2519.4545420621166     
         100  -2586.3588536577199     
         101  -2615.5699465513389     
         102  -2629.0747896729736     
         103  -2659.7285481092626     
         104  -2597.6638540250378     
         105  -2637.0535682017098     
         106  -2624.3926496325039     
         107  -2621.2497691140015     
         108  -2549.0055342103678     
         109  -2590.4830666433795     
         110  -2584.7803096257048     
         111  -2587.0156455090141     
         112  -2601.1310389386299     
         113  -2622.1513124692019     
         114  -2577.1169542156345     
         115  -2624.6440590018346     
         116  -2528.6297343693577     
         117  -2593.0560591900048     
         118  -2610.3380221034290     
         119  -2572.8873580393692     
         120  -2605.1166023637970     
         121  -2616.0866720521994     
         122  -2569.8863070601824     
         123  -2555.0992882899968     
         124  -2552.8647086653118     
         125  -2602.1978195838192     
         126  -2621.4597382852999     
         127  -2669.9734054770838     
         128  -2657.2913364840447     
         129  -2641.4887027468476     
         130  -2673.8987380868930     
         131  -2593.8229886683212     
         132  -2598.1952773286307     
         133  -2584.7880080902446     
         134  -2617.3356804476057     
         135  -2618.6311835607007     
         136  -2593.4586315920387     
         137  -2596.7265959938863     
         138  -2595.1319730944651     
         139  -2597.5708790724834     
         140  -2612.5170402260860     
         141  -2589.5628089559200     
         142  -2646.0145639545044     
         143  -2580.4760646665709     
         144  -2574.9133541725487     
         145  -2600.1367984251897     
         146  -2599.1123777057933     
         147  -2573.4119381770479     
         148  -2562.5123020888723     
         149  -2538.1869325241159     
         150  -2550.7546164234682     
         151  -2582.5946918060417     
         152  -2579.0712117966532     
         153  -2622.9766896422348     
         154  -2632.1811861983047     
         155  -2612.4252506590242     
         156  -2585.5427148921526     
         157  -2606.0818194515796     
         158  -2605.1054749068608     
         159  -2600.7850941500460     
         160  -2607.2837947209118     
         161  -2604.3538778657153     
         162  -2565.1134999839755     
         163  -2521.7970916768595     
         164  -2559.0081078867502     
         165  -2590.4130334888928     
         166  -2643.7861598754357     
         167  -2625.9835468953916     
         168  -2603.6062636556003     
         169  -2662.3352635119836     
         170  -2619.8164833451983     
         171  -2571.8448108242610     
         172  -2598.6459650994598     
         173  -2587.5514509370291     
         174  -2575.5968399300787     
         175  -2597.3184069815356     
         176  -2608.4812303006174     
         177  -2586.0838455527569     
         178  -2601.3776506411809     
         179  -2602.5049595486366     
         180  -2660.9825953463765     
         181  -2575.7725507071436     
         182  -2552.7528538404908     
         183  -2561.9142931758897     
         184  -2564.7103444884947     
         185  -2637.9105585770690     
         186  -2591.2368941564600     
         187  -2625.5465644090673     
         188  -2557.1401290612052     
         189  -2560.5552487147556     
         190  -2615.4114446282906     
         191  -2611.8956046753210     
         192  -2586.6414872812265     
         193  -2599.0408888325542     
         194  -2579.3280331415372     
         195  -2606.3285474408963     
         196  -2617.9317323943974     
         197  -2593.0850098972187     
         198  -2663.9447383584225     
         199  -2560.9678386935529     
         200  -2605.6316341358502     
         201  -2620.3518445233121     
         202  -2617.5109783005273     
         203  -2629.2307907668965     
         204  -2619.5127277145466     
         205  -2629.5040792648147     
         206  -2636.4052234226824     
         207  -2648.3385911252358     
         208  -2624.6492876002490     
         209  -2559.3099060146283     
         210  -2576.2329938995144     
         211  -2612.5520391709047     
         212  -2691.9319707389982     
         213  -2649.9884302935129     
         214  -2600.7058728955894     
         215  -2591.4947640475511     
         216  -2511.6322443646309     
         217  -2468.4856458442432     
         218  -2576.2265888062784     
         219  -2607.8838348345657     
         220  -2589.3885106841153     
         221  -2600.2032045460610     
         222  -2561.6231914861255     
         223  -2581.2517457996191     
         224  -2590.8770047190110     
         225  -2588.8251102190529     
         226  -2579.3363248914952     
         227  -2560.2908480420092     
         228  -2587.4160502666919     
         229  -2584.2734475267785     
         230  -2597.8800361811232     
         231  -2573.9818087696844     
         232  -2572.5079847122220     
         233  -2569.2505969258427     
         234  -2565.0888817937439     
         235  -2593.2454184615126     
         236  -2561.3970335995346     
         237  -2531.7408835178398     
         238  -2571.0781735747273     
         239  -2527.6815043344277     
         240  -2581.8255118987026     
         241  -2607.7808488847095     
         242  -2635.3757604241678     
         243  -2658.6361332338893     
         244  -2697.4386688364179     
         245  -2678.1425872232730     
         246  -2690.0553192127654     
         247  -2687.7730206255196     
         248  -2672.6326561029250     
         249  -2664.8746077017622     
         250  -2651.0251856056693     
         251  -2617.4932682560570     
         252  -2621.8730123527007     
         253  -2606.2832736842111     
         254  -2583.9242875474729     
         255  -2687.4068735274714     
         256  -2658.4680155033088     
         257  -2634.3160429234740     
         258  -2584.1949357472199     
         259  -2595.4145508416000     
         260  -2577.4648281621371     
         261  -2569.6007359691071     
         262  -2580.5147647567874     
         263  -2579.8422174632096     
         264  -2616.0071654699364     
         265  -2594.4200286028176     
         266  -2588.4903293117004     
         267  -2559.2729633629974     
         268  -2597.1931244840403     
         269  -2632.9471066371843     
         270  -2673.1209921225900     
         271  -2606.1776794823686     
         272  -2595.6057128702255     
         273  -2600.0416234438439     
         274  -2660.8435855316447     
         275  -2627.1733001434604     
         276  -2634.8945579909323     
         277  -2623.2416395605655     
         278  -2623.4289139028274     
         279  -2634.5792475308622     
         280  -2628.4812887576036     
         281  -2617.2004422548962     
         282  -2579.0173286563409     
         283  -2562.0905081747173     
         284  -2540.7711961692994     
         285  -2579.9372869644685     
         286  -2574.2014775593075     
         287  -2597.3243092305001     
         288  -2595.7350323690530     
         289  -2552.2809688250018     
         290  -2548.8501892317554     
         291  -2595.5993906578988     
         292  -2603.9451069841821     
         293  -2601.4293731134230     
         294  -2584.9959832952345     
         295  -2586.2437528165738     
         296  -2581.3070409185880     
         297  -2538.4674791505040     
         298  -2620.1323164785153     
         299  -2632.6900584731457     
         300  -2563.1808138086044     
         301  -2590.7143150890197     
         302  -2533.0083353511759     
         303  -2552.9465810630650     
         304  -2583.7545489490449     
         305  -2629.2559682232745     
         306  -2649.2330910220676     
         307  -2698.9485961053670     
         308  -2681.3585552182831     
         309  -2665.5152497055251     
         310  -2629.2249230334996     
         311  -2609.6171495902072     
         312  -2590.0144498335758     
         313  -2576.3697441125910     
         314  -2578.2046220425404     
         315  -2576.3660446327385     
         316  -2533.5097215113651     
         317  -2527.6277860406994     
         318  -2543.8978095424977     
         319  -2567.4146204453018     
         320  -2593.4251173983616     
         321  -2567.7762545255537     
         322  -2628.2376207062871     
         323  -2646.8777345892076     
         324  -2641.3608848665290     
         325  -2591.2989336504083     
         326  -2595.8730270663182     
         327  -2532.4978276272664     
         328  -2529.3825445970215     
         329  -2528.7099126751236     
         330  -2579.2988110271567     
         331  -2563.6853992108581     
         332  -2619.8220191764535     
         333  -2629.0445253027542     
         334  -2618.8131049624108     
         335  -2566.1478770951771     
         336  -2574.8091277506846     
         337  -2536.7788918741380     
         338  -2565.5445985745441     
         339  -2538.7495805985841     
         340  -2561.2344757818819     
         341  -2574.7126833897355     
         342  -2633.0748235298101     
         343  -2627.0270824247791     
         344  -2561.2364564149243     
         345  -2612.6356638669486     
         346  -2591.6547294322900     
         347  -2600.6628372362652     
         348  -2607.4509667231000     
         349  -2593.5676801546970     
         350  -2622.7194446751837     
         351  -2638.2115512927044     
         352  -2666.6738229385937     
         353  -2598.9427024714378     
         354  -2555.4024543092050     
         355  -2625.9348842512454     
         356  -2615.2792124913972     
         357  -2604.0202726235934     
         358  -2546.9587613033536     
         359  -2645.2580812853039     
         360  -2597.1229166189555     
         361  -2650.4523041820030     
         362  -2592.6307074158667     
         363  -2611.8480908213651     
         364  -2607.2509743944661     
         365  -2596.7439035015209     
         366  -2631.6376722948198     
         367  -2602.5039002856479     
         368  -2615.4379740385439     
         369  -2582.2328087593351     
         370  -2640.6517632531868     
         371  -2594.8729425674860     
         372  -2620.3259212613066     
         373  -2546.2124025391931     
         374  -2579.3884871052096     
         375  -2557.1155297642749     
         376  -2568.8998276646007     
         377  -2556.4059229186009     
         378  -2567.6025034572090     
         379  -2551.2273033482707     
         380  -2591.8281847957314     
         381  -2676.3529252281323     
         382  -2632.1318591142081     
         383  -2561.1572532090081     
         384  -2601.7462814362275     
         385  -2566.2951132661606     
         386  -2568.8765893820523     
         387  -2573.2332072620561     
         388  -2562.2684660333712     
         389  -2556.7100551707308     
         390  -2577.4546313474084     
         391  -2605.0851306611153     
         392  -2629.1079904963690     
         393  -2586.8511154592215     
         394  -2646.2350332372253     
         395  -2625.0539379975344     
         396  -2663.1226421101874     
         397  -2641.2273533812463     
         398  -2648.5473430567504     
         399  -2606.7669218847386     
         400  -2592.8571270213229     
         401  -2560.5741527457067     
         402  -2593.6995788024537     
         403  -2596.2507522868859     
         404  -2610.1319272842907     
         405  -2609.0293104426610     
         406  -2636.7539836407468     
         407  -2652.9253833435268     
         408  -2657.7333450487390     
         409  -2667.2091485350443     
         410  -2647.7479218704534     
         411  -2644.3428142808061     
         412  -2610.4851802652856     
         413  -2651.1406405816160     
         414  -2679.5469562622079     
         415  -2643.8622054760503     
         416  -2648.8001464548215     
         417  -2643.8571134921790     
         418  -2657.2961629449160     
         419  -2625.9233626014602     
         420  -2663.5397601246141     
         421  -2623.5910744390317     
         422  -2603.9680646408556     
         423  -2502.5950573195405     
         424  -2542.0478748664705     
         425  -2598.8018652152341     
         426  -2619.4913576203498     
         427  -2642.8418227890438     
         428  -2607.4352376092884     
         429  -2637.9603084554856     
         430  -2615.7749423131763     
         431  -2593.3694332684504     
         432  -2629.5335926142229     
         433  -2652.3947045875429     
         434  -2638.4757320500503     
         435  -2641.3845142461787     
         436  -2659.5381245867707     
         437  -2745.7099611406861     
         438  -2646.6107348284277     
         439  -2601.7229421310490     
         440  -2606.0948320608263     
         441  -2571.0398699970747     
         442  -2588.8094228169762     
         443  -2650.5692216765719     
         444  -2621.0487453915230     
         445  -2677.5975083269468     
         446  -2656.4441516218403     
         447  -2636.0726960864085     
         448  -2676.2972776191382     
         449  -2619.6102245602042     
         450  -2621.1214385102880     
         451  -2677.6570902425278     
         452  -2650.4418599519308     
         453  -2650.5720905473700     
         454  -2683.5733338367213     
         455  -2592.4804350712502     
         456  -2622.0811593377302     
         457  -2550.5000929193125     
         458  -2594.3703945973471     
         459  -2644.5835277358010     
         460  -2648.4454258296446     
         461  -2618.8472670492288     
         462  -2598.9420927811684     
         463  -2679.5206315666242     
         464  -2659.3679819518902     
         465  -2651.5223208949724     
         466  -2641.0414690951930     
         467  -2643.9751451513362     
         468  -2614.0321869003915     
         469  -2551.7671170337858     
         470  -2610.9085400735248     
         471  -2624.3345400882877     
         472  -2604.5444561525374     
         473  -2632.2655757569796     
         474  -2637.1021923603853     
         475  -2600.1396266780980     
         476  -2627.2651778927111     
         477  -2672.3573439524644     
         478  -2695.2256528283096     
         479  -2711.8848773116160     
         480  -2634.6952904234172     
         481  -2689.5248983099018     
         482  -2724.4217517035081     
         483  -2646.3784583501897     
         484  -2591.2254378833254     
         485  -2660.7426809342182     
         486  -2671.2050198585398     
         487  -2638.2843864534575     
         488  -2648.6660692475416     
         489  -2686.8146060881604     
         490  -2602.9043977098713     
         491  -2625.2400321125892     
         492  -2630.0393701527951     
         493  -2591.9994319290631     
         494  -2639.3179712081792     
         495  -2623.9572666071290     
         496  -2648.2502785646320     
         497  -2641.9144164076270     
         498  -2611.1438083753242     
         499  -2603.0479454755055     
         500  -2655.9663208424677     
         501  -2698.2612578152061     
         502  -2683.7331441982255     
         503  -2666.4149907944879     
         504  -2628.6983082836468     
         505  -2713.3253283268386     
         506  -2663.1879278480178     
         507  -2624.6895791617112     
         508  -2576.1726900168583     
         509  -2595.0452309206189     
         510  -2632.7217468595941     
         511  -2615.8799104173372     
         512  -2615.7798178317512     
         513  -2637.7307584760824     
         514  -2669.1788660456109     
         515  -2677.5275775771634     
         516  -2690.4010198059987     
         517  -2688.2360297103510     
         518  -2657.3822433953951     
         519  -2651.8139921669540     
         520  -2667.0928390992913     
         521  -2699.0825269831121     
         522  -2706.2205271414891     
         523  -2687.0413222555426     
         524  -2572.0905670811876     
         525  -2636.1930020799118     
         526  -2610.4051753716235     
         527  -2629.7882024534661     
         528  -2593.3050472474101     
         529  -2619.9512578204753     
         530  -2600.5848331871166     
         531  -2625.5475603402042     
         532  -2638.4061757686281     
         533  -2594.3889520230709     
         534  -2630.3640121511612     
         535  -2578.9069511806319     
         536  -2599.2944252528241     
         537  -2610.6018891835361     
         538  -2643.2645244426171     
         539  -2637.0439986943102     
         540  -2639.1707772853624     
         541  -2641.3010241553693     
         542  -2625.6981765936689     
         543  -2617.3694239861211     
         544  -2599.7702006879676     
         545  -2671.4375843147454     
         546  -2648.2215767696630     
         547  -2675.1640622109517     
         548  -2622.4795085227570     
         549  -2605.0429693393430     
         550  -2615.6174504031501     
         551  -2628.9174712674048     
         552  -2625.2574879320377     
         553  -2586.8786397022955     
         554  -2629.9647507365066     
         555  -2655.5808715551311     
         556  -2728.3213281595667     
         557  -2615.7924225469969     
         558  -2626.2964323184310     
         559  -2623.7216279313393     
         560  -2701.4952962077177     
         561  -2651.9203387662396     
         562  -2647.2444980508599     
         563  -2681.2362777640164     
         564  -2642.4066564025693     
         565  -2683.9262192233359     
         566  -2677.7066724462784     
         567  -2650.3167757869605     
         568  -2653.2847568323227     
         569  -2617.0736967027710     
         570  -2644.1911020732655     
         571  -2633.5157541913568     
         572  -2661.3207907391943     
         573  -2709.1954266434818     
         574  -2676.8246451882314     
         575  -2662.9384623705837     
         576  -2687.3920928102502     
         577  -2641.2005334218420     
         578  -2633.3603889592323     
         579  -2617.3412552883510     
         580  -2628.2915479824001     
         581  -2578.7961093483354     
         582  -2616.3384026224521     
         583  -2602.1166030492723     
         584  -2646.6393704303146     
         585  -2644.4277129144921     
         586  -2593.2837576692309     
         587  -2632.1122247292656     
         588  -2672.9755943292075     
         589  -2667.5950361294908     
         590  -2618.7505908586627     
         591  -2661.9710147467717     
         592  -2613.1207737432869     
         593  -2666.9065738046174     
         594  -2657.0655032267500     
         595  -2620.5891026034142     
         596  -2658.3929181037815     
         597  -2626.7004644014428     
         598  -2641.0592912064790     
         599  -2648.5141234268867     
         600  -2652.4630053887768     
         601  -2626.8747522741869     
         602  -2614.5928096145158     
         603  -2634.6197043963880     
         604  -2599.0630860826031     
         605  -2568.3777651557925     
         606  -2623.7287563549280     
         607  -2579.7856267121501     
         608  -2684.6099342494726     
         609  -2660.8383164562442     
         610  -2672.1472737715130     
         611  -2630.6891052155952     
         612  -2633.7506569260313     
         613  -2629.5241033219750     
         614  -2676.8735653018875     
         615  -2676.6403880064881     
         616  -2718.7262596778482     
         617  -2705.2538501722461     
         618  -2671.0791625726965     
         619  -2654.3362235191817     
         620  -2677.7264456668227     
         621  -2690.2472054546138     
         622  -2669.6062548746995     
         623  -2651.9559469891997     
         624  -2645.6151816766387     
         625  -2648.5558669035390     
         626  -2653.1249019377728     
         627  -2677.0459455236128     
         628  -2657.1974908678517     
         629  -2629.1449601568224     
         630  -2601.6306950788648     
         631  -2648.3978658176379     
         632  -2673.5602338181170     
         633  -2648.8999336967659     
         634  -2666.2434806517963     
         635  -2581.6880695583495     
         636  -2596.0091439315634     
         637  -2637.1808223700655     
         638  -2645.0994182269142     
         639  -2586.7685310373286     
         640  -2630.1989614245231     
         641  -2640.8284026437773     
         642  -2557.1022859057116     
         643  -2599.3344030060121     
         644  -2636.3826990883399     
         645  -2671.1588008793378     
         646  -2612.2914072666408     
         647  -2628.7026491207102     
         648  -2626.1476403612155     
         649  -2613.1534929916934     
         650  -2673.0880631705577     
         651  -2639.1822916789606     
         652  -2671.0810127328587     
         653  -2589.1326725122881     
         654  -2635.3115627791262     
         655  -2652.0326907427129     
         656  -2673.5382028953427     
         657  -2603.5429166236895     
         658  -2607.0396487206949     
         659  -2594.7818238594646     
         660  -2621.4035341676440     
         661  -2611.1778327249554     
         662  -2579.4080603433572     
         663  -2603.7082028739028     
         664  -2700.0553409338572     
         665  -2619.0395937554126     
         666  -2586.6687805414290     
         667  -2589.6730632518525     
         668  -2603.0548025239145     
         669  -2597.0134017562482     
         670  -2558.9111627787302     
         671  -2599.1749189533166     
         672  -2597.4751720379941     
         673  -2640.8082443531525     
         674  -2605.2756857249801     
         675  -2584.1507550904976     
         676  -2549.2175434463934     
         677  -2621.8516416550369     
         678  -2550.6064702062513     
         679  -2618.3315225947872     
         680  -2644.9843846521198     
         681  -2645.3709123383414     
         682  -2629.7357834196287     
         683  -2633.7506836122161     
         684  -2647.8057036044993     
         685  -2672.9465670533359     
         686  -2618.9962270290052     
         687  -2618.7146725610432     
         688  -2608.1280857890288     
         689  -2637.8515334154504     
         690  -2619.8545806970455     
         691  -2648.9922197627989     
         692  -2530.9698319652416     
         693  -2517.8322961813783     
         694  -2570.2871833674735     
         695  -2583.7773279394037     
         696  -2605.6995630279225     
         697  -2642.7471506180300     
         698  -2654.2616484352279     
         699  -2677.4992950152828     
         700  -2634.9093252241328     
         701  -2674.3020321872464     
         702  -2605.4736922843258     
         703  -2612.6391925602979     
         704  -2645.8807171151889     
         705  -2600.1615130373971     
         706  -2678.5728933750620     
         707  -2704.7725956174813     
         708  -2616.8163138328155     
         709  -2613.9467273321320     
         710  -2616.7805934147709     
         711  -2525.9672301369192     
         712  -2573.2083925919974     
         713  -2619.9983227985663     
         714  -2628.0947927361781     
         715  -2702.7680764680804     
         716  -2594.2726713350812     
         717  -2605.8819110592653     
         718  -2582.2988293066319     
         719  -2660.0676372531543     
         720  -2630.3623715569361     
         721  -2629.1979652410778     
         722  -2642.2645016901047     
         723  -2649.8983504747257     
         724  -2660.4348891156878     
         725  -2666.5331463308203     
         726  -2581.4711118573241     
         727  -2526.2227860824305     
         728  -2550.4785565625002     
         729  -2602.4010383369287     
         730  -2600.9977054296019     
         731  -2608.8506704708980     
         732  -2673.9890188582281     
         733  -2562.9102602563898     
         734  -2631.2557406545334     
         735  -2616.3898499614170     
         736  -2551.0005209465544     
         737  -2549.6366728225407     
         738  -2540.2752972607695     
         739  -2525.5926572806193     
         740  -2569.3913072677701     
         741  -2526.9644454664294     
         742  -2537.1771376884321     
         743  -2535.7238482908620     
         744  -2613.0784333210040     
         745  -2558.1093765954433     
         746  -2596.1457515965544     
         747  -2559.9241404340678     
         748  -2573.4279384704441     
         749  -2575.1694151363090     
         750  -2582.0481574751748     
         751  -2620.6853659151675     
         752  -2609.6446539885451     
         753  -2645.4953085169186     
         754  -2566.7739983626288     
         755  -2568.6845898530560     
         756  -2604.4642777973377     
         757  -2549.6461907289900     
         758  -2560.3597715388300     
         759  -2585.3526196904027     
         760  -2647.5857586494612     
         761  -2613.5855920240879     
         762  -2594.9332217472293     
         763  -2586.8415567365505     
         764  -2555.7933582611254     
         765  -2604.7503620338452     
         766  -2628.1051960144041     
         767  -2628.9143667555009     
         768  -2629.5113772798809     
         769  -2617.5371860936102     
         770  -2532.2605102278426     
         771  -2554.4710180927636     
         772  -2529.3446666667264     
         773  -2591.4797538943453     
         774  -2587.6577291788258     
         775  -2572.6489016008709     
         776  -2608.3285133977774     
         777  -2590.3870719166980     
         778  -2621.9797591867291     
         779  -2584.5779015859484     
         780  -2605.6732078491023     
         781  -2594.7622309568633     
         782  -2623.2129461535296     
         783  -2599.9536118463320     
         784  -2614.7610994586898     
         785  -2647.9258810255787     
         786  -2559.6469323265696     
         787  -2556.0114860079702     
         788  -2589.9039336037808     
         789  -2540.7753126930502     
         790  -2576.6284516259616     
         791  -2616.6952891182659     
         792  -2615.9008894093931     
         793  -2613.9957071629624     
         794  -2564.3461583242952     
         795  -2538.3484796563739     
         796  -2519.2427037916941     
         797  -2600.0447727977444     
         798  -2555.9020097983994     
         799  -2586.4544712820311     
         800  -2594.9515385295031     
         801  -2584.3889977041094     
         802  -2528.7002748764935     
         803  -2610.5741490235232     
         804  -2594.4699598134503     
         805  -2579.0887750741772     
         806  -2576.6394412237064     
         807  -2585.4084729711358     
         808  -2546.7954825567326     
         809  -2615.2347749068208     
         810  -2575.8633559549548     
         811  -2603.4818989023197     
         812  -2548.2904012474237     
         813  -2531.3508656289509     
         814  -2575.5086334333305     
         815  -2579.6787377333662     
         816  -2674.9456248337228     
         817  -2629.3949399549238     
         818  -2607.7798748232353     
         819  -2652.9005879919646     
         820  -2665.4655258904299     
         821  -2646.2412354041830     
         822  -2658.1964380396385     
         823  -2562.3791998383076     
         824  -2596.5195054978444     
         825  -2599.2379585296176     
         826  -2563.5938719220885     
         827  -2620.1281115594356     
         828  -2635.1647647821037     
         829  -2645.0496425779302     
         830  -2659.2051547230371     
         831  -2601.2904255579215     
         832  -2565.3893876982183     
         833  -2536.0708390612267     
         834  -2561.8785625783134     
         835  -2575.5446620970706     
         836  -2660.4752393057602     
         837  -2670.9069180608290     
         838  -2586.5199227356634     
         839  -2670.0329695909268     
         840  -2686.1456738627617     
         841  -2638.3864393257950     
         842  -2638.4100697046324     
         843  -2649.9517528315805     
         844  -2685.8142023881346     
         845  -2684.4441936229910     
         846  -2676.9098650323272     
         847  -2670.9761439595763     
         848  -2648.9196507138454     
         849  -2605.6439369889372     
         850  -2617.0667002426899     
         851  -2624.9296448328460     
         852  -2641.3929831036780     
         853  -2636.8786175346791     
         854  -2635.3047712930484     
         855  -2603.4986969157130     
         856  -2671.1609732554921     
         857  -2612.6226043929778     
         858  -2631.9348484218763     
         859  -2629.6780545741276     
         860  -2641.3706071417100     
         861  -2705.0686306865027     
         862  -2636.2556932091629     
         863  -2640.1984315352088     
         864  -2652.9455751614942     
         865  -2708.3145627915633     
         866  -2722.2252078490851     
         867  -2641.7629578222022     
         868  -2692.0776846737654     
         869  -2666.9886915922953     
         870  -2654.1710646850520     
         871  -2638.9851923070501     
         872  -2632.6753787659236     
         873  -2679.2395235235990     
         874  -2664.5156536641807     
         875  -2642.0179053551819     
         876  -2667.4626618937364     
         877  -2683.5423218663491     
         878  -2687.0721169102726     
         879  -2671.7265275766845     
         880  -2719.2449597823138     
         881  -2665.2515384956641     
         882  -2696.8415950980866     
         883  -2694.6573060307242     
         884  -2658.0702308251171     
         885  -2650.1407249948561     
         886  -2661.8063645172083     
         887  -2644.3430480608022     
         888  -2693.5454643601420     
         889  -2644.5657451028442     
         890  -2665.0898365786802     
         891  -2679.4827961090054     
         892  -2695.5755182380926     
         893  -2636.7000092220542     
         894  -2669.7701317203991     
         895  -2703.2910364333552     
         896  -2665.7659768730232     
         897  -2661.6854533057262     
         898  -2631.9300004734441     
         899  -2590.3670728250440     
         900  -2598.7336039123425     
         901  -2660.8871889379734     
         902  -2662.1339242839799     
         903  -2658.9602397946710     
         904  -2632.0393338318358     
         905  -2611.3565824929724     
         906  -2593.1154457059033     
         907  -2572.5178375260525     
         908  -2613.4423229866402     
         909  -2595.4813785420411     
         910  -2672.4995622595006     
         911  -2709.0297261835194     
         912  -2762.1836776864570     
         913  -2777.8091963011825     
         914  -2668.1920436500977     
         915  -2672.9689932541619     
         916  -2667.8881607809212     
         917  -2634.1404454198255     
         918  -2593.2054365917747     
         919  -2684.8243815002470     
         920  -2650.1827135475210     
         921  -2621.7545335947880     
         922  -2668.0197596243515     
         923  -2642.8944699091162     
         924  -2657.7580680437832     
         925  -2639.9550524406941     
         926  -2635.3453467382160     
         927  -2635.0737128799997     
         928  -2647.6630614723731     
         929  -2688.7046688020205     
         930  -2645.5127431410456     
         931  -2663.8109674266357     
         932  -2650.8597102240146     
         933  -2684.2097221087479     
         934  -2653.2315104163395     
         935  -2648.6008357945598     
         936  -2689.4682024907015     
         937  -2650.8906650884614     
         938  -2643.4447897859905     
         939  -2669.7825137686759     
         940  -2666.9699124883864     
         941  -2628.6760836699759     
         942  -2627.9071151924882     
         943  -2622.6997524887015     
         944  -2637.0006945535342     
         945  -2613.4244740762560     
         946  -2647.6049504849157     
         947  -2604.0759552464970     
         948  -2515.3610762931162     
         949  -2590.7841992941117     
         950  -2647.5029551435127     
         951  -2656.8304869024550     
         952  -2686.2465637012915     
         953  -2671.6432527074808     
         954  -2564.8634847293397     
         955  -2656.2323391398190     
         956  -2655.9504507210931     
         957  -2633.4464268848360     
         958  -2653.7400728355492     
         959  -2634.9862086207477     
         960  -2634.1210772835898     
         961  -2606.5943987540309     
         962  -2647.1965142196796     
         963  -2557.5622352969913     
         964  -2575.5735241868542     
         965  -2613.7250487106053     
         966  -2663.9877925965093     
         967  -2677.5371879564323     
         968  -2650.0015414559407     
         969  -2650.8786894998402     
         970  -2672.3741214722368     
         971  -2661.0092496465095     
         972  -2645.0974441968265     
         973  -2587.9026277698404     
         974  -2629.4551504405408     
         975  -2612.4342238025883     
         976  -2656.6207235006100     
         977  -2580.2669365205666     
         978  -2563.5406693993264     
         979  -2574.9459670004130     
         980  -2560.9735758794964     
         981  -2603.2447373632936     
         982  -2666.2462856223469     
         983  -2665.0753272855463     
         984  -2599.5645381612917     
         985  -2593.6153335430604     
         986  -2552.8600739410331     
         987  -2579.9090289618271     
         988  -2589.1011161418387     
         989  -2602.2459882463463     
         990  -2581.1228740008114     
         991  -2574.7444563450977     
         992  -2640.5113527758731     
         993  -2585.1896810081394     
         994  -2566.5551055372644     
         995  -2615.8027080976858     
         996  -2633.9575701974677     
         997  -2625.7693482283034     
         998  -2645.1969280923331     
         999  -2588.1102608834299     
        1000  -2578.4771288486049     
        1001  -2598.2849727596072     
        1002  -2565.5908274664921     
        1003  -2606.6042567180243     
        1004  -2638.0535669110759     
        1005  -2577.0503522681479     
        1006  -2611.8197627657478     
        1007  -2603.9304637416540     
        1008  -2621.0250759504347     
        1009  -2646.4221929697501     
        1010  -2620.6823185200333     
        1011  -2597.5745874650988     
        1012  -2663.3654313996035     
        1013  -2616.4202871704824     
        1014  -2580.2740478710225     
        1015  -2589.2220357892893     
        1016  -2524.3934941022294     
        1017  -2597.1703847684817     
        1018  -2682.3465168639964     
        1019  -2627.1711916671411     
        1020  -2599.5111249104070     
        1021  -2580.7817094656907     
        1022  -2666.4146711457770     
        1023  -2639.1131059371837     
        1024  -2633.9690997637717     
        1025  -2640.7029071337479     
        1026  -2632.7630752077425     
        1027  -2661.7725631671947     
        1028  -2654.8404239867104     
        1029  -2584.4048097411815     
        1030  -2614.9867065114249     
        1031  -2690.3065414933271     
        1032  -2655.3774219115912     
        1033  -2666.9961541394055     
        1034  -2654.6638104355679     
        1035  -2649.2650311560383     
        1036  -2608.8660873824447     
        1037  -2632.7270292428884     
        1038  -2606.2601038800876     
        1039  -2611.3751828827285     
        1040  -2632.1823350567925     
        1041  -2596.6242253487248     
        1042  -2556.0942530184598     
        1043  -2551.7759079322595     
        1044  -2546.4160031225529     
        1045  -2536.5839566418645     
        1046  -2526.7682284957782     
        1047  -2532.2785923528095     
        1048  -2643.7799067175720     
        1049  -2617.2658291982648     
        1050  -2582.8585611809272     
        1051  -2630.3494683805002     
        1052  -2648.5985004732638     
        1053  -2648.6646135066649     
        1054  -2567.4570186023370     
        1055  -2583.1882031317300     
        1056  -2601.9773576542716     
        1057  -2622.9793283029940     
        1058  -2619.5331573185031     
        1059  -2649.1011426499599     
        1060  -2616.9326601034322     
        1061  -2611.1278660254516     
        1062  -2633.9039687105637     
        1063  -2637.6418326889716     
        1064  -2616.1316005007952     
        1065  -2620.4574116823251     
        1066  -2610.8279288675835     
        1067  -2648.3530726303202     
        1068  -2589.3259857094849     
        1069  -2572.7952542684429     
        1070  -2559.9951677920444     
        1071  -2591.8328861493774     
        1072  -2540.1586089895363     
        1073  -2543.7022454799894     
        1074  -2554.6866737876212     
        1075  -2558.2777993925129     
        1076  -2589.7970156352562     
        1077  -2567.8198315816012     
        1078  -2554.3478130581107     
        1079  -2577.2921408845659     
        1080  -2565.1646034322407     
        1081  -2534.3229005772296     
        1082  -2603.1686470394848     
        1083  -2561.7249215532365     
        1084  -2574.6686446941089     
        1085  -2618.0700361543772     
        1086  -2596.8846988066762     
        1087  -2632.3930218147234     
        1088  -2648.7965518011611     
        1089  -2607.3746932052795     
        1090  -2591.0713576343951     
        1091  -2640.4694887485343     
        1092  -2624.8230946973858     
        1093  -2592.7067070190019     
        1094  -2633.4048308977749     
        1095  -2602.8973077355008     
        1096  -2590.4818495551531     
        1097  -2519.0961893348535     
        1098  -2548.3381488300088     
        1099  -2522.0885936623940     
        1100  -2488.1168590623697     
        1101  -2492.7467478871304     
        1102  -2532.8108922492020     
        1103  -2536.8849014529005     
        1104  -2537.6675606966533     
        1105  -2520.5031109358024     
        1106  -2578.2843933628533     
        1107  -2577.1440028100478     
        1108  -2556.4232921044791     
        1109  -2572.3458300476182     
        1110  -2621.5195968025378     
        1111  -2585.5318203382640     
        1112  -2543.9188716304061     
        1113  -2564.7231121174450     
        1114  -2618.8216071935799     
        1115  -2532.3808422008433     
        1116  -2533.5992834435706     
        1117  -2625.3918697017316     
        1118  -2606.7279368415848     
        1119  -2587.0199472357554     
        1120  -2600.1621677750209     
        1121  -2562.8617001869056     
        1122  -2555.1043148742365     
        1123  -2549.5663911775405     
        1124  -2611.2984222267787     
        1125  -2620.6664638338725     
        1126  -2606.3042704340555     
        1127  -2580.2169043487461     
        1128  -2637.5046689515184     
        1129  -2627.3177157101777     
        1130  -2618.2825446794523     
        1131  -2656.7837323790509     
        1132  -2635.0017974832626     
        1133  -2622.2879555786071     
        1134  -2564.4297361403324     
        1135  -2621.2436827021393     
        1136  -2542.7078851093138     
        1137  -2526.7377288513117     
        1138  -2523.9853767022246     
        1139  -2604.3542334108374     
        1140  -2526.1724880344850     
        1141  -2597.9268194460096     
        1142  -2571.6276313036537     
        1143  -2606.0995940974112     
        1144  -2646.8835730480723     
        1145  -2617.4824752734571     
        1146  -2587.1140963146145     
        1147  -2571.7210359102564     
        1148  -2554.6014281272228     
        1149  -2585.0048165299909     
        1150  -2647.3629215189931     
        1151  -2646.0796406362456     
        1152  -2647.3739055016067     
        1153  -2582.9257996526658     
        1154  -2580.7519259182441     
        1155  -2616.0684642711371     
        1156  -2635.5557563576135     
        1157  -2649.1508625864426     
        1158  -2577.3937580634865     
        1159  -2623.9736695413221     
        1160  -2597.6072213240286     
        1161  -2660.3515107004632     
        1162  -2610.0759575280613     
        1163  -2695.5112302402272     
        1164  -2641.0514986287299     
        1165  -2625.1021927501374     
        1166  -2611.2345935516842     
        1167  -2678.2541814018168     
        1168  -2579.6722894013110     
        1169  -2573.7583735353164     
        1170  -2598.9972085304157     
        1171  -2612.0682041260407     
        1172  -2619.8743057497472     
        1173  -2605.1998259581715     
        1174  -2548.3134194749650     
        1175  -2449.3842640854077     
        1176  -2552.8466823593672     
        1177  -2620.0573212179715     
        1178  -2643.0098493111755     
        1179  -2591.4089044173033     
        1180  -2590.0862092550078     
        1181  -2630.4328751934404     
        1182  -2591.3450637083129     
        1183  -2596.8186492652981     
        1184  -2606.7433478182970     
        1185  -2638.3784352333905     
        1186  -2620.7053296908248     
        1187  -2611.8827041906534     
        1188  -2608.7562805191060     
        1189  -2617.4926104283995     
        1190  -2637.8166050095178     
        1191  -2630.8327370161296     
        1192  -2630.4885066279207     
        1193  -2589.2120271818462     
        1194  -2561.7065652237702     
        1195  -2593.5087036902378     
        1196  -2599.8547999578491     
        1197  -2562.3614148943921     
        1198  -2523.8542562515113     
        1199  -2519.3502060378032     
        1200  -2595.6533834354368     
        1201  -2619.5756383158746     
        1202  -2639.4473011494147     
        1203  -2619.5489805260131     
        1204  -2578.4413296036787     
        1205  -2579.6623133525309     
        1206  -2620.4235253930469     
        1207  -2603.5935747663789     
        1208  -2600.4757643942376     
        1209  -2653.5684417167995     
        1210  -2627.5355902140554     
        1211  -2660.0041978885320     
        1212  -2626.8271571014343     
        1213  -2582.6395866926769     
        1214  -2600.3596711372411     
        1215  -2614.6672102755119     
        1216  -2675.6017343409862     
        1217  -2692.8436844506491     
        1218  -2648.6971509505656     
        1219  -2632.7948048007247     
        1220  -2626.9453292045132     
        1221  -2625.6259223100078     
        1222  -2597.1412094083271     
        1223  -2571.8585907262864     
        1224  -2595.2124493484184     
        1225  -2561.1133138179466     
        1226  -2607.9645930984962     
        1227  -2554.0326693979991     
        1228  -2623.8696315034372     
        1229  -2647.2000428860842     
        1230  -2613.1469473055963     
        1231  -2630.6009179602975     
        1232  -2617.6062350996194     
        1233  -2649.8244902418533     
        1234  -2619.2142597976035     
        1235  -2628.7658025078499     
        1236  -2628.2682640629023     
        1237  -2645.6749858426761     
        1238  -2677.8878678289848     
        1239  -2602.1265428092129     
        1240  -2657.4420883764192     
        1241  -2701.1645498993498     
        1242  -2678.9954515465088     
        1243  -2600.5510179916200     
        1244  -2589.5071251851614     
        1245  -2599.7923669253273     
        1246  -2628.9723889851994     
        1247  -2659.4489831332598     
        1248  -2615.8150294611651     
        1249  -2614.1599634791742     
        1250  -2592.0139326139838     
        1251  -2585.6643930138434     
        1252  -2629.1789752131940     
        1253  -2621.8602257643283     
        1254  -2600.8062436465252     
        1255  -2654.2908715582407     
        1256  -2622.3239198193037     
        1257  -2671.1001709321563     
        1258  -2658.1130107289196     
        1259  -2624.9786221881859     
        1260  -2699.9290210186564     
        1261  -2637.1269912179328     
        1262  -2577.6737819210216     
        1263  -2562.5456297212977     
        1264  -2622.0764754202114     
        1265  -2593.2635686272379     
        1266  -2598.0962515432084     
        1267  -2585.8829452383366     
        1268  -2565.8751872135563     
        1269  -2566.5835165252979     
        1270  -2544.2683116742405     
        1271  -2591.9258458307809     
        1272  -2645.6899998593690     
        1273  -2611.4941626392101     
        1274  -2649.5570482184135     
        1275  -2573.0841134881107     
        1276  -2579.0443350119740     
        1277  -2558.6868436165214     
        1278  -2573.6656680720112     
        1279  -2606.0509922036858     
        1280  -2630.8968102028025     
        1281  -2593.5458100768647     
        1282  -2614.8846867587558     
        1283  -2611.2230828852626     
        1284  -2606.3372584383960     
        1285  -2590.8201235720439     
        1286  -2584.6211168260184     
        1287  -2676.3099012892608     
        1288  -2622.4746253320036     
        1289  -2627.1085262367778     
        1290  -2647.3760548390014     
        1291  -2597.3520698997545     
        1292  -2610.9200528216729     
        1293  -2604.1996013055559     
        1294  -2615.2334857883698     
        1295  -2571.9135731933748     
        1296  -2587.5098388289030     
        1297  -2604.0196643149061     
        1298  -2657.5315145277850     
        1299  -2619.1456215286753     
        1300  -2597.3050558561308     
        1301  -2578.7088799425055     
        1302  -2582.2049693848426     
        1303  -2582.8104348663237     
        1304  -2554.8818024654993     
        1305  -2499.7585758544769     
        1306  -2538.4466187896924     
        1307  -2553.7869617170486     
        1308  -2514.1839992230875     
        1309  -2528.0386871719579     
        1310  -2541.8450671450914     
        1311  -2526.4501548028952     
        1312  -2610.8529247436177     
        1313  -2619.5694448985082     
        1314  -2578.1755827541415     
        1315  -2588.9615592878240     
        1316  -2541.0199406994566     
        1317  -2580.0104714301815     
        1318  -2609.3274031309761     
        1319  -2620.7294940701145     
        1320  -2551.6469244553773     
        1321  -2527.6895113905762     
        1322  -2579.9913552271942     
        1323  -2580.3160974135417     
        1324  -2570.3482012809350     
        1325  -2566.8905656476431     
        1326  -2587.8434493309041     
        1327  -2572.3197195538428     
        1328  -2605.1968967765188     
        1329  -2527.2074358113246     
        1330  -2533.7280138086899     
        1331  -2554.2739706635552     
        1332  -2601.4653073299050     
        1333  -2604.6499699692145     
        1334  -2611.6019287228355     
        1335  -2585.8307172181558     
        1336  -2595.5645654745358     
        1337  -2615.1772275766875     
        1338  -2587.4361628109823     
        1339  -2565.6713812229659     
        1340  -2567.8489931630402     
        1341  -2609.3072332817228     
        1342  -2599.4603028910756     
        1343  -2621.8886434895230     
        1344  -2606.4915096380400     
        1345  -2613.5277410141393     
        1346  -2644.4289099193820     
        1347  -2655.0800540218852     
        1348  -2545.6305640944315     
        1349  -2610.7837269587158     
        1350  -2655.5952011773998     
        1351  -2654.9321674266666     
        1352  -2677.7208544906271     
        1353  -2679.9699986100386     
        1354  -2650.3335084462378     
        1355  -2593.2567991346959     
        1356  -2630.9810971821626     
        1357  -2633.5323111055909     
        1358  -2632.5557302137822     
        1359  -2652.7348187119292     
        1360  -2624.7150813168419     
        1361  -2572.2801795813493     
        1362  -2598.0041999383848     
        1363  -2604.1935158254541     
        1364  -2565.4228596050052     
        1365  -2585.0928504476506     
        1366  -2567.7013424119054     
        1367  -2609.8280947777062     
        1368  -2606.3245313332536     
        1369  -2591.4120161071182     
        1370  -2626.4495566021033     
        1371  -2612.1000265079342     
        1372  -2632.4960190722486     
        1373  -2659.7729169185523     
        1374  -2638.3720836190623     
        1375  -2653.4182580407260     
        1376  -2639.3996068591418     
        1377  -2671.7955176170012     
        1378  -2589.3419732778580     
        1379  -2650.1432845778331     
        1380  -2541.2815063758439     
        1381  -2644.1141910988890     
        1382  -2575.5567965542928     
        1383  -2532.7654012477574     
        1384  -2580.4970431704110     
        1385  -2610.2722353051927     
        1386  -2651.0770532552124     
        1387  -2548.8389454972785     
        1388  -2582.5549791815215     
        1389  -2599.5976775762992     
        1390  -2564.1792444296711     
        1391  -2547.2099657903918     
        1392  -2601.6135328282589     
        1393  -2625.7186551439554     
        1394  -2628.9751355499384     
        1395  -2588.3853906414051     
        1396  -2558.4301628837775     
        1397  -2544.4792527639497     
        1398  -2615.2810388868070     
        1399  -2587.2567026247470     
        1400  -2627.1387582841135     
        1401  -2617.5558211903181     
        1402  -2602.4250762498746     
        1403  -2523.2220995331963     
        1404  -2523.9351719483784     
        1405  -2550.8984422093154     
        1406  -2581.3424667223580     
        1407  -2599.6455018019874     
        1408  -2590.8004988666726     
        1409  -2523.8921106519583     
        1410  -2518.6185234113127     
        1411  -2601.7967344711101     
        1412  -2592.3641506180734     
        1413  -2600.4920711690420     
        1414  -2606.5368763547704     
        1415  -2559.1790352034363     
        1416  -2596.5342732608751     
        1417  -2595.6655996113413     
        1418  -2633.6299343955384     
        1419  -2585.5334985589893     
        1420  -2580.8263474394394     
        1421  -2595.6150492683951     
        1422  -2535.0231737694762     
        1423  -2548.4517667855016     
        1424  -2524.5391502411753     
        1425  -2530.5152192000646     
        1426  -2594.9616067347060     
        1427  -2567.6419951513631     
        1428  -2519.7247301290913     
        1429  -2536.9520098883913     
        1430  -2500.8244652476642     
        1431  -2500.9425486280129     
        1432  -2472.3097155656696     
        1433  -2518.4505188593612     
        1434  -2573.2839534064160     
        1435  -2551.0265112627494     
        1436  -2523.1258582470409     
        1437  -2554.4036655058453     
        1438  -2526.5969861003805     
        1439  -2537.8622356679498     
        1440  -2522.7292681612457     
        1441  -2475.0762019522208     
        1442  -2451.6172915815914     
        1443  -2575.0109887977128     
        1444  -2537.6204826311814     
        1445  -2542.4200798111247     
        1446  -2601.2434390741219     
        1447  -2560.0108955975829     
        1448  -2556.3383095572080     
        1449  -2557.3058879757027     
        1450  -2537.4537616300800     
        1451  -2552.4595862545866     
        1452  -2532.4902993024612     
        1453  -2561.8358448701683     
        1454  -2532.5078118557476     
        1455  -2568.2625067317408     
        1456  -2565.4342791214685     
        1457  -2576.6474519975313     
        1458  -2549.8266179840675     
        1459  -2559.9675547234851     
        1460  -2513.4908900405999     
        1461  -2481.9389912773768     
        1462  -2498.5388392906061     
        1463  -2586.5427440563712     
        1464  -2586.3185920225310     
        1465  -2484.0513652920831     
        1466  -2550.6882497492866     
        1467  -2568.4757250648622     
        1468  -2595.8973121267095     
        1469  -2559.3895588735159     
        1470  -2553.7853890001147     
        1471  -2569.0065147986456     
        1472  -2587.7536507942086     
        1473  -2590.5998000847208     
        1474  -2571.0516491417320     
        1475  -2604.0830549176826     
        1476  -2544.0848095909073     
        1477  -2524.7162104504487     
        1478  -2548.4717874506800     
        1479  -2514.7403940664417     
        1480  -2523.1608047142286     
        1481  -2532.4242765697054     
        1482  -2551.2101957471509     
        1483  -2547.7233213259860     
        1484  -2528.6028936884036     
        1485  -2541.3571233604571     
        1486  -2572.0708779790866     
        1487  -2564.9800686476356     
        1488  -2564.6455313714628     
        1489  -2523.9038233180695     
        1490  -2549.9693382292144     
        1491  -2525.3729248747700     
        1492  -2550.5169600555309     
        1493  -2539.8244378723257     
        1494  -2575.3641907544966     
        1495  -2580.2003841310320     
        1496  -2623.7559549388461     
        1497  -2562.3823483009610     
        1498  -2590.8936439356276     
        1499  -2545.8947053734255     
        1500  -2562.1642637002019     
        1501  -2506.5579546810591     
        1502  -2517.6793312332311     
        1503  -2522.1988213385262     
        1504  -2531.2373967997942     
        1505  -2537.0473902778103     
        1506  -2528.3064278738193     
        1507  -2542.5965694600077     
        1508  -2576.4294448637925     
        1509  -2581.2723768863266     
        1510  -2575.7487722296946     
        1511  -2499.8940766558112     
        1512  -2532.7952446031700     
        1513  -2563.6462338966217     
        1514  -2544.1914655146329     
        1515  -2539.1131470966243     
        1516  -2558.2863637132332     
        1517  -2536.8254487009863     
        1518  -2504.7525825248654     
        1519  -2559.3686791344699     
        1520  -2568.2376310880918     
        1521  -2632.9179084495026     
        1522  -2594.2730090362074     
        1523  -2561.0429414540044     
        1524  -2641.2742807869945     
        1525  -2501.6140719176628     
        1526  -2583.1370750159795     
        1527  -2573.2251754817166     
        1528  -2588.6610493294752     
        1529  -2618.4250848986580     
        1530  -2587.9406142283974     
        1531  -2555.4323295233999     
        1532  -2586.7396771210470     
        1533  -2604.4730691586064     
        1534  -2607.6760756156245     
        1535  -2568.5890821813587     
        1536  -2551.6977968335414     
        1537  -2577.8799471215029     
        1538  -2590.1568530568675     
        1539  -2610.4219569392026     
        1540  -2624.1437378262390     
        1541  -2635.8285844606980     
        1542  -2645.9772029663100     
        1543  -2593.5901113718928     
        1544  -2563.7697655202433     
        1545  -2568.8598634368527     
        1546  -2640.4410033366689     
        1547  -2605.8000815801865     
        1548  -2514.5238189172419     
        1549  -2576.1028554425393     
        1550  -2570.8252536054697     
        1551  -2549.0842367623868     
        1552  -2574.7383748121151     
        1553  -2549.7100059340123     
        1554  -2561.5321008260580     
        1555  -2590.3783956971224     
        1556  -2593.3324607684754     
        1557  -2500.6995686891705     
        1558  -2609.9980700393257     
        1559  -2612.6391561364007     
        1560  -2577.9789992220790     
        1561  -2620.0952335227512     
        1562  -2632.1242254719155     
        1563  -2592.3195286659293     
        1564  -2548.2387419562947     
        1565  -2613.1193637537549     
        1566  -2631.2951101166086     
        1567  -2534.8478363321778     
        1568  -2572.5536502494247     
        1569  -2565.5636654463638     
        1570  -2634.4770088716900     
        1571  -2586.0642589312242     
        1572  -2636.2791492914930     
        1573  -2625.7694556746847     
        1574  -2583.8311105629914     
        1575  -2610.4564873156369     
        1576  -2633.6395030427188     
        1577  -2624.1746638191812     
        1578  -2633.3139954174144     
        1579  -2580.1459760167199     
        1580  -2577.9834488064093     
        1581  -2629.9270150026500     
        1582  -2588.1634351338062     
        1583  -2601.2761686923391     
        1584  -2618.2532929464774     
        1585  -2539.4886408521984     
        1586  -2595.0749015873234     
        1587  -2526.0876430320104     
        1588  -2559.4583757261362     
        1589  -2534.4278805266354     
        1590  -2649.7659506065597     
        1591  -2616.8635872667269     
        1592  -2581.7885482213565     
        1593  -2594.4125048162846     
        1594  -2582.3774127208180     
        1595  -2611.8480465193215     
        1596  -2587.2662252655346     
        1597  -2555.3429058779011     
        1598  -2585.1603305856820     
        1599  -2521.2555271719516     
        1600  -2538.1265185120769     
        1601  -2580.8505767693609     
        1602  -2599.7838989618735     
        1603  -2579.8910397084360     
        1604  -2570.4793836046706     
        1605  -2622.4889590287871     
        1606  -2569.7021827527733     
        1607  -2570.8225745331961     
        1608  -2564.2560745652881     
        1609  -2632.0775546873606     
        1610  -2600.7327087694080     
        1611  -2606.5669153575850     
        1612  -2591.8246628571187     
        1613  -2605.5497354899935     
        1614  -2559.9457839875813     
        1615  -2544.1196196856140     
        1616  -2564.6145407816180     
        1617  -2599.8591614441425     
        1618  -2614.1203119888469     
        1619  -2580.3050031648249     
        1620  -2621.2708347872308     
        1621  -2571.3189188876904     
        1622  -2553.9725967497047     
        1623  -2605.2299494767112     
        1624  -2550.8374669905156     
        1625  -2622.3644650710953     
        1626  -2608.9831288380256     
        1627  -2617.7000451240683     
        1628  -2651.7889779926204     
        1629  -2657.9476318450688     
        1630  -2519.3452979673220     
        1631  -2620.2757720969621     
        1632  -2612.0755878851778     
        1633  -2574.3695609025508     
        1634  -2561.1443939186865     
        1635  -2561.5073774086909     
        1636  -2584.9754927994991     
        1637  -2593.5974335593396     
        1638  -2548.2784571746893     
        1639  -2597.6286246952413     
        1640  -2646.4742095675524     
        1641  -2651.3924470262796     
        1642  -2566.0360319601896     
        1643  -2602.1147201682002     
        1644  -2647.2029655589804     
        1645  -2633.2665033910266     
        1646  -2648.0741711705614     
        1647  -2626.3299625839727     
        1648  -2643.7526687625673     
        1649  -2585.4932963828287     
        1650  -2585.4857784608826     
        1651  -2581.9475969733817     
        1652  -2643.1106529808048     
        1653  -2624.3350345514423     
        1654  -2588.1429371705599     
        1655  -2606.8520454968416     
        1656  -2575.0222900842778     
        1657  -2583.6024287380633     
        1658  -2548.8379657227360     
        1659  -2551.3249637147283     
        1660  -2581.6729768094910     
        1661  -2586.1668796693361     
        1662  -2596.0704576119224     
        1663  -2512.3629932665831     
        1664  -2498.9921191171475     
        1665  -2551.0601941391224     
        1666  -2570.3777849726484     
        1667  -2575.3451721241545     
        1668  -2587.3515608385283     
        1669  -2582.8553872321613     
        1670  -2608.4857439111315     
        1671  -2568.6092116143827     
        1672  -2589.0734950878073     
        1673  -2622.4732766117663     
        1674  -2568.0446222258997     
        1675  -2588.7423349275277     
        1676  -2567.8106542150590     
        1677  -2605.0876265357556     
        1678  -2653.7891180555957     
        1679  -2652.8672044382879     
        1680  -2621.1822944328628     
        1681  -2646.3719981173590     
        1682  -2567.3815766263529     
        1683  -2557.3306752194690     
        1684  -2536.3491223293649     
        1685  -2600.2448084936514     
        1686  -2540.4375228021704     
        1687  -2576.0867640896731     
        1688  -2562.1292351409775     
        1689  -2568.7297332558446     
        1690  -2638.7705003081255     
        1691  -2626.6093407590074     
        1692  -2629.9408714250835     
        1693  -2573.4954802375792     
        1694  -2611.2714737550859     
        1695  -2591.7675265913249     
        1696  -2631.1316413380437     
        1697  -2605.8707783673435     
        1698  -2605.6072787927483     
        1699  -2593.1718693198382     
        1700  -2588.4239317991237     
        1701  -2644.5937107519189     
        1702  -2578.4799179655915     
        1703  -2611.5145692054621     
        1704  -2627.5400712388596     
        1705  -2549.0789794739740     
        1706  -2550.1733399572149     
        1707  -2584.0463694734503     
        1708  -2630.3626739623510     
        1709  -2647.0178537485544     
        1710  -2664.9243800719369     
        1711  -2586.5743432361073     
        1712  -2600.2830243340995     
        1713  -2570.0107376055985     
        1714  -2604.8120952752115     
        1715  -2580.3735212656593     
        1716  -2613.9076553363179     
        1717  -2647.3855243908019     
        1718  -2666.9527689457323     
        1719  -2646.7606539983685     
        1720  -2601.9677694887969     
        1721  -2584.2482369131767     
        1722  -2541.8191950032547     
        1723  -2573.5594575508021     
        1724  -2502.5079649282648     
        1725  -2536.7204709308585     
        1726  -2538.9877036799398     
        1727  -2571.3477594737415     
        1728  -2563.7355459740156     
        1729  -2566.4207785459653     
        1730  -2553.8133223643440     
        1731  -2553.7992693769652     
        1732  -2548.8893359046351     
        1733  -2552.8142652015044     
        1734  -2539.9168540277356     
        1735  -2505.5879516069981     
        1736  -2503.7390589474530     
        1737  -2494.2709189281723     
        1738  -2541.5399278986320     
        1739  -2487.6170248249150     
        1740  -2522.8544330914215     
        1741  -2555.7943750918771     
        1742  -2555.0611439672816     
        1743  -2652.2778037070066     
        1744  -2648.7323442192678     
        1745  -2597.4965816649915     
        1746  -2587.3549803970868     
        1747  -2665.5672197799918     
        1748  -2661.3505225030422     
        1749  -2649.5278024151862     
        1750  -2665.6754485014039     
        1751  -2646.4525732575012     
        1752  -2592.6703706875396     
        1753  -2611.9288007580249     
        1754  -2636.7117562250646     
        1755  -2627.0127219026399     
        1756  -2597.4395357070352     
        1757  -2612.7253216559970     
        1758  -2619.7783668978677     
        1759  -2620.3361805614036     
        1760  -2616.4142768091529     
        1761  -2590.7251875489055     
        1762  -2583.0596737213086     
        1763  -2608.5929174139555     
        1764  -2658.3700285743162     
        1765  -2685.8699601034996     
        1766  -2659.2633772815457     
        1767  -2576.3012546206128     
        1768  -2618.2306469393698     
        1769  -2596.0245646674575     
        1770  -2618.1092234488392     
        1771  -2592.5579870890710     
        1772  -2581.2939323476080     
        1773  -2597.4567994241334     
        1774  -2608.5467607838555     
        1775  -2644.4229278967450     
        1776  -2641.3556697294480     
        1777  -2667.9082038246074     
        1778  -2604.4241619232416     
        1779  -2588.4025106155800     
        1780  -2667.6312334517847     
        1781  -2676.1827297882028     
        1782  -2629.9824091017476     
        1783  -2641.2372207326912     
        1784  -2658.2541734290244     
        1785  -2621.8865697391016     
        1786  -2628.4514640976909     
        1787  -2659.3127347058567     
        1788  -2696.1997191380538     
        1789  -2710.4146611672259     
        1790  -2649.2089578391765     
        1791  -2626.4838554817184     
        1792  -2644.2245551947831     
        1793  -2653.9526844026364     
        1794  -2626.3846884413515     
        1795  -2616.9682747661313     
        1796  -2637.3769463866620     
        1797  -2651.3130125986559     
        1798  -2649.2066569251060     
        1799  -2632.8429688867946     
        1800  -2641.2530181910179     
        1801  -2606.6391044362758     
        1802  -2591.9260169968284     
        1803  -2587.8792823312810     
        1804  -2646.3352049973842     
        1805  -2648.9557366316917     
        1806  -2625.6781909381934     
        1807  -2599.2888078586898     
        1808  -2634.4640048208380     
        1809  -2655.8069755367233     
        1810  -2585.3143484079487     
        1811  -2599.5241913299274     
        1812  -2637.7832398784549     
        1813  -2679.8199744884537     
        1814  -2626.4721148844010     
        1815  -2648.0858018616109     
        1816  -2536.1634413939287     
        1817  -2558.3902840816477     
        1818  -2630.8683931790970     
        1819  -2632.9730955586165     
        1820  -2628.1187496553021     
        1821  -2636.3369265500560     
        1822  -2624.5605427489941     
        1823  -2634.3536302850403     
        1824  -2652.8971229744579     
        1825  -2654.4198933021398     
        1826  -2662.5064233071603     
        1827  -2627.2361657585720     
        1828  -2653.5959466756899     
        1829  -2625.1488077005233     
        1830  -2640.0661250892417     
        1831  -2648.2559895179274     
        1832  -2627.1910263908590     
        1833  -2685.5018401920752     
        1834  -2587.2528937526122     
        1835  -2618.4301037829932     
        1836  -2640.8277356602471     
        1837  -2549.0765295107817     
        1838  -2598.5551105806453     
        1839  -2603.4827119956731     
        1840  -2610.7721341977995     
        1841  -2639.7296658101186     
        1842  -2617.1487356391358     
        1843  -2653.3801807285358     
        1844  -2603.4725017141568     
        1845  -2636.6595366540314     
        1846  -2647.1989966015499     
        1847  -2628.6888400862690     
        1848  -2576.9466944641968     
        1849  -2543.6815468127825     
        1850  -2543.6764333157603     
        1851  -2603.9011067490487     
        1852  -2556.7064983706041     
        1853  -2573.3622737075334     
        1854  -2581.7816964674871     
        1855  -2579.6224704501342     
        1856  -2538.2482764961674     
        1857  -2594.2513750088438     
        1858  -2591.1492837620417     
        1859  -2569.7687569945792     
        1860  -2538.6288033875844     
        1861  -2590.0298707446900     
        1862  -2526.5629467762469     
        1863  -2537.6723280063766     
        1864  -2549.1801076352517     
        1865  -2613.9574854041171     
        1866  -2612.5666661724781     
        1867  -2613.6022054976879     
        1868  -2596.2465916840133     
        1869  -2641.1682945825141     
        1870  -2547.8444680021403     
        1871  -2537.9969437055256     
        1872  -2607.4412026999603     
        1873  -2533.0201984051978     
        1874  -2562.8711651397280     
        1875  -2585.8402041678114     
        1876  -2571.7094027098565     
        1877  -2584.6550629649655     
        1878  -2559.0195079569726     
        1879  -2575.9500359471076     
        1880  -2603.4045167265522     
        1881  -2553.4625192123367     
        1882  -2588.5609696874349     
        1883  -2651.8487217229767     
        1884  -2669.8555601319945     
        1885  -2646.9240448944129     
        1886  -2643.0823817304940     
        1887  -2644.4493904143151     
        1888  -2662.1644624473852     
        1889  -2659.6380017040460     
        1890  -2637.1818997583196     
        1891  -2626.4589107235256     
        1892  -2591.6948633015377     
        1893  -2618.2962225769961     
        1894  -2614.5291576259551     
        1895  -2573.8456996737541     
        1896  -2625.0938822251524     
        1897  -2607.9411723913827     
        1898  -2633.6147334766401     
        1899  -2635.0056500716537     
        1900  -2668.9061275977015     
        1901  -2596.9214296435816     
        1902  -2622.4386168237838     
        1903  -2635.1705909833167     
        1904  -2623.8569343142199     
        1905  -2536.3003760241972     
        1906  -2537.7019218310447     
        1907  -2570.5397296917940     
        1908  -2582.1047248324485     
        1909  -2614.4809739156135     
        1910  -2587.5535127431872     
        1911  -2614.6170451916446     
        1912  -2614.1660759375695     
        1913  -2664.8937966261633     
        1914  -2605.7837278395200     
        1915  -2651.0465921042537     
        1916  -2601.1240020744281     
        1917  -2592.8385072835522     
        1918  -2572.0483218337290     
        1919  -2541.9037251172599     
        1920  -2552.9980765440187     
        1921  -2639.2114068286464     
        1922  -2653.0063591303647     
        1923  -2666.9644191739230     
        1924  -2607.8991809345366     
        1925  -2606.7980478925574     
        1926  -2606.2940742171868     
        1927  -2564.4377140657807     
        1928  -2594.7024632956363     
        1929  -2630.2913580430532     
        1930  -2608.9407138137935     
        1931  -2629.2619448218547     
        1932  -2636.6569350331652     
        1933  -2626.5215193868530     
        1934  -2623.1532180287199     
        1935  -2668.5000972491421     
        1936  -2649.3096144680894     
        1937  -2670.4406172668723     
        1938  -2619.9914013572188     
        1939  -2606.3272397077167     
        1940  -2644.6536732190743     
        1941  -2650.1602897918451     
        1942  -2642.1568770205263     
        1943  -2608.5118309468999     
        1944  -2614.0579644351415     
        1945  -2610.2751282371360     
        1946  -2641.4638284706039     
        1947  -2634.2704724362507     
        1948  -2649.9763852037536     
        1949  -2662.2795044533636     
        1950  -2656.6720779357083     
        1951  -2641.2343699872536     
        1952  -2677.4720244806517     
        1953  -2623.5649056061557     
        1954  -2646.8608297476112     
        1955  -2657.2054936226732     
        1956  -2666.8170939044153     
        1957  -2638.8277907531665     
        1958  -2618.1377551579976     
        1959  -2541.9410739563459     
        1960  -2573.7935202774847     
        1961  -2606.3746219935965     
        1962  -2618.9634950011127     
        1963  -2617.0964999611983     
        1964  -2635.4823215931988     
        1965  -2617.5000808973691     
        1966  -2603.7773369904703     
        1967  -2600.4186911993374     
        1968  -2601.3008278130069     
        1969  -2607.3985752659187     
        1970  -2662.1955403684656     
        1971  -2618.3982732579229     
        1972  -2586.8343192131251     
        1973  -2571.6312142788011     
        1974  -2623.8115865334507     
        1975  -2587.4734618872867     
        1976  -2597.8552615900267     
        1977  -2612.2938998689515     
        1978  -2619.2586628758490     
        1979  -2650.8399599217682     
        1980  -2561.6848185668509     
        1981  -2620.2220985830113     
        1982  -2632.5996159717552     
        1983  -2627.3509443234298     
        1984  -2583.5596986865321     
        1985  -2592.1955098777266     
        1986  -2621.5594071936275     
        1987  -2590.2580567539876     
        1988  -2659.4927286428351     
        1989  -2541.0729820782831     
        1990  -2593.8671710207009     
        1991  -2546.4002988258480     
        1992  -2576.6788446801688     
        1993  -2538.6853649064806     
        1994  -2571.1021588557510     
        1995  -2554.8394578187704     
        1996  -2542.8491438037727     
        1997  -2575.7939296389027     
        1998  -2561.5825495411195     
        1999  -2559.5079571834062     
        2000  -2677.0159258140470     
