   1.4999999999999999E-002   0.0000000000000000     
   2.5000000000000001E-002   0.0000000000000000     
   3.5000000000000003E-002   0.0000000000000000     
   4.4999999999999998E-002   0.0000000000000000     
   5.5000000000000000E-002   0.0000000000000000     
   6.5000000000000002E-002   0.0000000000000000     
   7.4999999999999997E-002   0.0000000000000000     
   8.5000000000000006E-002   0.0000000000000000     
   9.5000000000000001E-002   0.0000000000000000     
  0.10500000000000000        0.0000000000000000     
  0.11500000000000000        0.0000000000000000     
  0.12500000000000000        0.0000000000000000     
  0.13500000000000001        0.0000000000000000     
  0.14499999999999999        0.0000000000000000     
  0.15500000000000000        0.0000000000000000     
  0.16500000000000001        0.0000000000000000     
  0.17500000000000002        0.0000000000000000     
  0.18500000000000000        0.0000000000000000     
  0.19500000000000001        0.0000000000000000     
  0.20500000000000002        0.0000000000000000     
  0.21500000000000000        0.0000000000000000     
  0.22500000000000001        0.0000000000000000     
  0.23500000000000001        0.0000000000000000     
  0.24500000000000000        0.0000000000000000     
  0.25500000000000000        0.0000000000000000     
  0.26500000000000001        0.0000000000000000     
  0.27500000000000002        0.0000000000000000     
  0.28500000000000003        0.0000000000000000     
  0.29499999999999998        0.0000000000000000     
  0.30499999999999999        0.0000000000000000     
  0.31500000000000000        0.0000000000000000     
  0.32500000000000001        0.0000000000000000     
  0.33500000000000002        0.0000000000000000     
  0.34500000000000003        0.0000000000000000     
  0.35499999999999998        0.0000000000000000     
  0.36499999999999999        0.0000000000000000     
  0.37500000000000000        0.0000000000000000     
  0.38500000000000001        0.0000000000000000     
  0.39500000000000002        0.0000000000000000     
  0.40500000000000003        0.0000000000000000     
  0.41500000000000004        0.0000000000000000     
  0.42499999999999999        0.0000000000000000     
  0.43500000000000000        0.0000000000000000     
  0.44500000000000001        0.0000000000000000     
  0.45500000000000002        0.0000000000000000     
  0.46500000000000002        0.0000000000000000     
  0.47500000000000003        0.0000000000000000     
  0.48499999999999999        0.0000000000000000     
  0.49500000000000000        0.0000000000000000     
  0.50500000000000000        0.0000000000000000     
  0.51500000000000001        0.0000000000000000     
  0.52500000000000002        0.0000000000000000     
  0.53500000000000003        0.0000000000000000     
  0.54500000000000004        0.0000000000000000     
  0.55500000000000005        0.0000000000000000     
  0.56500000000000006        0.0000000000000000     
  0.57500000000000007        0.0000000000000000     
  0.58499999999999996        0.0000000000000000     
  0.59499999999999997        0.0000000000000000     
  0.60499999999999998        0.0000000000000000     
  0.61499999999999999        0.0000000000000000     
  0.62500000000000000        0.0000000000000000     
  0.63500000000000001        0.0000000000000000     
  0.64500000000000002        0.0000000000000000     
  0.65500000000000003        0.0000000000000000     
  0.66500000000000004        0.0000000000000000     
  0.67500000000000004        0.0000000000000000     
  0.68500000000000005        0.0000000000000000     
  0.69500000000000006        0.0000000000000000     
  0.70499999999999996        0.0000000000000000     
  0.71499999999999997        0.0000000000000000     
  0.72499999999999998        0.0000000000000000     
  0.73499999999999999        0.0000000000000000     
  0.74500000000000000        0.0000000000000000     
  0.75500000000000000        0.0000000000000000     
  0.76500000000000001        0.0000000000000000     
  0.77500000000000002        0.0000000000000000     
  0.78500000000000003        0.0000000000000000     
  0.79500000000000004        0.0000000000000000     
  0.80500000000000005        0.0000000000000000     
  0.81500000000000006        0.0000000000000000     
  0.82500000000000007        0.0000000000000000     
  0.83499999999999996        2.1752670306461634E-005
  0.84499999999999997        1.7633997593339350E-004
  0.85499999999999998        7.4692994238851425E-004
  0.86499999999999999        3.3312694383684414E-003
  0.87500000000000000        1.0083509810172590E-002
  0.88500000000000001        2.7341105873115810E-002
  0.89500000000000002        6.0017788268253415E-002
  0.90500000000000003       0.12465695308648959     
  0.91500000000000004       0.21958853891842123     
  0.92500000000000004       0.35356001329225084     
  0.93500000000000005       0.53156654463196018     
  0.94500000000000006       0.73856108444844182     
  0.95500000000000007       0.96531911192169295     
  0.96499999999999997        1.2004819527722153     
  0.97499999999999998        1.4345658684690441     
  0.98499999999999999        1.6556207862595056     
  0.99500000000000000        1.8452821111920132     
   1.0050000000000001        2.0010647736513127     
   1.0150000000000001        2.1356796489945631     
   1.0249999999999999        2.2340299032699349     
   1.0349999999999999        2.2890113548895781     
   1.0449999999999999        2.3344284964449979     
   1.0549999999999999        2.3356549852687061     
   1.0649999999999999        2.3179953937905715     
   1.0750000000000000        2.2999412308464771     
   1.0850000000000000        2.2562578953631349     
   1.0950000000000000        2.2019225652500323     
   1.1050000000000000        2.1377605881003223     
   1.1150000000000000        2.0705239654781615     
   1.1250000000000000        2.0040967411605761     
   1.1350000000000000        1.9291484255708582     
   1.1450000000000000        1.8582480158270112     
   1.1550000000000000        1.7871069495106593     
   1.1650000000000000        1.7188441473910669     
   1.1750000000000000        1.6502911056828284     
   1.1850000000000001        1.5861055787889617     
   1.1950000000000001        1.5183420271486954     
   1.2050000000000001        1.4589502292147321     
   1.2150000000000001        1.4045068062074928     
   1.2250000000000001        1.3466978063178565     
   1.2350000000000001        1.3033915849860842     
   1.2450000000000001        1.2513792719346040     
   1.2550000000000001        1.2072455864290734     
   1.2650000000000001        1.1660168968685043     
   1.2750000000000001        1.1207114098560684     
   1.2849999999999999        1.0875865887790592     
   1.2949999999999999        1.0520935720678488     
   1.3049999999999999        1.0183328794022295     
   1.3149999999999999       0.98963060097417710     
   1.3250000000000000       0.96321268041721575     
   1.3350000000000000       0.93847256434685977     
   1.3450000000000000       0.91220692480782495     
   1.3550000000000000       0.89059379819574225     
   1.3650000000000000       0.87220655478052422     
   1.3750000000000000       0.85087039734697034     
   1.3850000000000000       0.83369674283435835     
   1.3950000000000000       0.81996906015263216     
   1.4050000000000000       0.80410578049853398     
   1.4150000000000000       0.79036356297585719     
   1.4250000000000000       0.77601815744781821     
   1.4350000000000001       0.76426716410684092     
   1.4450000000000001       0.75435366768239387     
   1.4550000000000001       0.74664276884763636     
   1.4650000000000001       0.73728309983730811     
   1.4750000000000001       0.73161806068172286     
   1.4850000000000001       0.72650240165397451     
   1.4950000000000001       0.71987617982843022     
   1.5050000000000001       0.71721549710034249     
   1.5150000000000001       0.71217374575815273     
   1.5250000000000001       0.70735739829322064     
   1.5350000000000001       0.70780638078434899     
   1.5449999999999999       0.70692415071902925     
   1.5549999999999999       0.70327699686836131     
   1.5649999999999999       0.70848488613286298     
   1.5750000000000000       0.70883639139737786     
   1.5850000000000000       0.71284463194414582     
   1.5950000000000000       0.71539678769036341     
   1.6050000000000000       0.71828746639026997     
   1.6150000000000000       0.72459399955942694     
   1.6250000000000000       0.73149318445981615     
   1.6350000000000000       0.73561204072068131     
   1.6450000000000000       0.74319716923924828     
   1.6550000000000000       0.75204399182675752     
   1.6650000000000000       0.76157827579952320     
   1.6750000000000000       0.77008125129917848     
   1.6850000000000001       0.77756694477432653     
   1.6950000000000001       0.78936914405358782     
   1.7050000000000001       0.79988256534281488     
   1.7150000000000001       0.81358880401821965     
   1.7250000000000001       0.82360147493557556     
   1.7350000000000001       0.83603109151768518     
   1.7450000000000001       0.85238997461202792     
   1.7550000000000001       0.86518225416910521     
   1.7650000000000001       0.87694365328948387     
   1.7750000000000001       0.89002621930916836     
   1.7850000000000001       0.90428623879296965     
   1.7949999999999999       0.91861352423971665     
   1.8049999999999999       0.93312966229658845     
   1.8149999999999999       0.94848502522120393     
   1.8250000000000000       0.96293966057175351     
   1.8350000000000000       0.97820307691986530     
   1.8450000000000000       0.99273020630442621     
   1.8550000000000000        1.0099310610533374     
   1.8650000000000000        1.0240053671054838     
   1.8750000000000000        1.0343457489907406     
   1.8850000000000000        1.0500587528193517     
   1.8950000000000000        1.0628431571538273     
   1.9050000000000000        1.0777261868951769     
   1.9150000000000000        1.0911065418111989     
   1.9250000000000000        1.1016089576170258     
   1.9350000000000001        1.1119288250696675     
   1.9450000000000001        1.1254009870182093     
   1.9550000000000001        1.1322744668860576     
   1.9650000000000001        1.1453113206543417     
   1.9750000000000001        1.1492240924820130     
   1.9850000000000001        1.1593995540406294     
   1.9950000000000001        1.1644665207553315     
   2.0049999999999999        1.1672443916363224     
   2.0150000000000001        1.1750662560477414     
   2.0249999999999999        1.1753559259289981     
   2.0350000000000001        1.1780968338893929     
   2.0449999999999999        1.1772694634488881     
   2.0550000000000002        1.1756379250020725     
   2.0649999999999999        1.1735583805573744     
   2.0750000000000002        1.1679088087075453     
   2.0850000000000000        1.1677431204694899     
   2.0950000000000002        1.1623487244019819     
   2.1050000000000000        1.1548876900341465     
   2.1150000000000002        1.1490695045906976     
   2.1250000000000000        1.1430367383502462     
   2.1350000000000002        1.1348092857619165     
   2.1450000000000000        1.1301268689453619     
   2.1550000000000002        1.1184640377882271     
   2.1650000000000000        1.1115499989420536     
   2.1750000000000003        1.1007770978086340     
   2.1850000000000001        1.0921278147470066     
   2.1949999999999998        1.0815343319130479     
   2.2050000000000001        1.0741296664767985     
   2.2149999999999999        1.0626158726219357     
   2.2250000000000001        1.0533133984150074     
   2.2349999999999999        1.0447152981485812     
   2.2450000000000001        1.0352231288181202     
   2.2549999999999999        1.0273885072359328     
   2.2650000000000001        1.0183393935765976     
   2.2749999999999999        1.0112917629183695     
   2.2850000000000001       0.99946892742701254     
   2.2949999999999999       0.99209881471875339     
   2.3050000000000002       0.98510139639391758     
   2.3149999999999999       0.97843120797674887     
   2.3250000000000002       0.97080480470596631     
   2.3350000000000000       0.96650221584473939     
   2.3450000000000002       0.95871341082197614     
   2.3550000000000000       0.95407509224405496     
   2.3650000000000002       0.94835454811648612     
   2.3750000000000000       0.94333465401142369     
   2.3850000000000002       0.93591599706959716     
   2.3950000000000000       0.93361018701846421     
   2.4050000000000002       0.93185678382513182     
   2.4150000000000000       0.92682512625709712     
   2.4250000000000003       0.92384661192802919     
   2.4350000000000001       0.92024766535459224     
   2.4449999999999998       0.91868379936180466     
   2.4550000000000001       0.91668226979879497     
   2.4649999999999999       0.91416819550415573     
   2.4750000000000001       0.91415610302955674     
   2.4849999999999999       0.91397167984314409     
   2.4950000000000001       0.91204747725590418     
   2.5049999999999999       0.91020756253830815     
   2.5150000000000001       0.90572236990124511     
   2.5249999999999999       0.90658711461491448     
   2.5350000000000001       0.90828892135884487     
   2.5449999999999999       0.90899452920639712     
   2.5550000000000002       0.91171831139208515     
   2.5649999999999999       0.91238929359328513     
   2.5750000000000002       0.91709821696204863     
   2.5850000000000000       0.91808915807737312     
   2.5950000000000002       0.92346090337520559     
   2.6050000000000000       0.92327845695352118     
   2.6150000000000002       0.92929387010693665     
   2.6250000000000000       0.93241215227185104     
   2.6350000000000002       0.93662848239984575     
   2.6450000000000000       0.93974101497040441     
   2.6550000000000002       0.94429220543941128     
   2.6650000000000000       0.94812734227941831     
   2.6750000000000003       0.95245815949874357     
   2.6850000000000001       0.95864437827437798     
   2.6949999999999998       0.96239911028415381     
   2.7050000000000001       0.96687110196872916     
   2.7149999999999999       0.97212474058055043     
   2.7250000000000001       0.97752989203499108     
   2.7349999999999999       0.98041863139651253     
   2.7450000000000001       0.98409285925858203     
   2.7549999999999999       0.98861449448217731     
   2.7650000000000001       0.99263686976222087     
   2.7749999999999999       0.99837828850450161     
   2.7850000000000001        1.0021332481701457     
   2.7949999999999999        1.0062170062486109     
   2.8050000000000002        1.0106767384057769     
   2.8149999999999999        1.0141903623937347     
   2.8250000000000002        1.0169500584459665     
   2.8350000000000000        1.0217042819748876     
   2.8450000000000002        1.0241178688517552     
   2.8550000000000000        1.0274951175292983     
   2.8650000000000002        1.0283593770129267     
   2.8750000000000000        1.0308688191802136     
   2.8850000000000002        1.0352766345965470     
   2.8950000000000000        1.0360297017828968     
   2.9050000000000002        1.0380938529389470     
   2.9150000000000000        1.0401535090286134     
   2.9250000000000003        1.0388071076798837     
   2.9350000000000001        1.0405454768837918     
   2.9449999999999998        1.0443434639750653     
   2.9550000000000001        1.0434157298010891     
   2.9649999999999999        1.0455005467196128     
   2.9750000000000001        1.0438396334841487     
   2.9849999999999999        1.0453225943075795     
   2.9950000000000001        1.0433657096281681     
   3.0049999999999999        1.0444238116281015     
   3.0150000000000001        1.0433038167676199     
   3.0249999999999999        1.0419876109807693     
   3.0350000000000001        1.0402542766051430     
   3.0449999999999999        1.0397231173396335     
   3.0550000000000002        1.0390623732977122     
   3.0649999999999999        1.0378170844479024     
   3.0750000000000002        1.0352578905651726     
   3.0850000000000000        1.0346114662186114     
   3.0950000000000002        1.0328242011185877     
   3.1050000000000000        1.0300419069325033     
   3.1150000000000002        1.0268852776791622     
   3.1250000000000000        1.0249439097075272     
   3.1350000000000002        1.0220771045983328     
   3.1450000000000000        1.0215831028601583     
   3.1550000000000002        1.0187626856969783     
   3.1650000000000000        1.0156589558105196     
   3.1750000000000003        1.0129881451853626     
   3.1850000000000001        1.0110196853871589     
   3.1950000000000003        1.0097093011279150     
   3.2050000000000001        1.0070596991175607     
   3.2149999999999999        1.0037548692176814     
   3.2250000000000001        1.0016624215219854     
   3.2349999999999999       0.99738160077695281     
   3.2450000000000001       0.99590789291558124     
   3.2549999999999999       0.99348884577785412     
   3.2650000000000001       0.99244308583306040     
   3.2749999999999999       0.99006461532959911     
   3.2850000000000001       0.98806607272687597     
   3.2949999999999999       0.98493242202520437     
   3.3050000000000002       0.98365059217783390     
   3.3149999999999999       0.98256954440131838     
   3.3250000000000002       0.97905126149821942     
   3.3350000000000000       0.97842783380669940     
   3.3450000000000002       0.97695533207584173     
   3.3550000000000000       0.97621849600861443     
   3.3650000000000002       0.97633972574358785     
   3.3750000000000000       0.97318876392686593     
   3.3850000000000002       0.97264035014554329     
   3.3950000000000000       0.97194813443926753     
   3.4050000000000002       0.97082857766577335     
   3.4150000000000000       0.97070536132583918     
   3.4250000000000003       0.96991366518036903     
   3.4350000000000001       0.96993079059103782     
   3.4450000000000003       0.97097781123923677     
   3.4550000000000001       0.96969931757554328     
   3.4649999999999999       0.97063542691074123     
   3.4750000000000001       0.96997813483284501     
   3.4849999999999999       0.97017130186256106     
   3.4950000000000001       0.97194218666949117     
   3.5049999999999999       0.97228016500380299     
   3.5150000000000001       0.97230443934458843     
   3.5249999999999999       0.97350422418533533     
   3.5350000000000001       0.97506832324360715     
   3.5449999999999999       0.97515582175315307     
   3.5550000000000002       0.97639577882437323     
   3.5649999999999999       0.97729488198242409     
   3.5750000000000002       0.97726909868523038     
   3.5850000000000000       0.97868555984601036     
   3.5950000000000002       0.98067334704245701     
   3.6050000000000000       0.98185145286794417     
   3.6150000000000002       0.98308278042737707     
   3.6250000000000000       0.98479928764587676     
   3.6350000000000002       0.98583344453427924     
   3.6450000000000000       0.98768990433701498     
   3.6550000000000002       0.98831203690680847     
   3.6650000000000000       0.99073985562943856     
   3.6750000000000003       0.99173339265505722     
   3.6850000000000001       0.99347320696917940     
   3.6950000000000003       0.99554990914861330     
   3.7050000000000001       0.99755411831915819     
   3.7149999999999999       0.99744575911487277     
   3.7250000000000001       0.99905824915844521     
   3.7349999999999999       0.99860459460301876     
   3.7450000000000001        1.0004331541377527     
   3.7549999999999999        1.0016834306552898     
   3.7650000000000001        1.0042091571764657     
   3.7749999999999999        1.0039752458537945     
   3.7850000000000001        1.0056058134183885     
   3.7949999999999999        1.0069344479875453     
   3.8050000000000002        1.0074512238780116     
   3.8149999999999999        1.0073731675646806     
   3.8250000000000002        1.0096828448246937     
   3.8350000000000000        1.0101641635478205     
   3.8450000000000002        1.0101575301522154     
   3.8550000000000000        1.0107672401687133     
   3.8650000000000002        1.0121493188867161     
   3.8750000000000000        1.0117551886427292     
   3.8850000000000002        1.0123338880240125     
   3.8950000000000000        1.0116775248682877     
   3.9050000000000002        1.0122564748745577     
   3.9150000000000000        1.0120805510047730     
   3.9250000000000003        1.0127559460921345     
   3.9350000000000001        1.0130880998429026     
   3.9450000000000003        1.0139580160774033     
   3.9550000000000001        1.0125055554154931     
   3.9650000000000003        1.0129184192076663     
   3.9750000000000001        1.0125492939987759     
   3.9849999999999999        1.0107048881076177     
   3.9950000000000001        1.0108024277371341     
   4.0049999999999999        1.0113553606522994     
   4.0149999999999997        1.0102877139427400     
   4.0250000000000004        1.0102436802639638     
   4.0350000000000001        1.0082094846985954     
   4.0449999999999999        1.0086441611845833     
   4.0549999999999997        1.0080335610389555     
   4.0650000000000004        1.0067476302972873     
   4.0750000000000002        1.0057436074289725     
   4.0850000000000000        1.0054264082286439     
   4.0949999999999998        1.0050405368409494     
   4.1050000000000004        1.0044644197892474     
   4.1150000000000002        1.0030576508434141     
   4.1250000000000000        1.0019425033656302     
   4.1349999999999998        1.0017226760927127     
   4.1450000000000005        1.0002025032059241     
   4.1550000000000002       0.99901059454770968     
   4.1650000000000000       0.99823300260729786     
   4.1749999999999998       0.99837663937900056     
   4.1850000000000005       0.99826113675508521     
   4.1950000000000003       0.99545106373537973     
   4.2050000000000001       0.99503283595143366     
   4.2149999999999999       0.99223582637855823     
   4.2249999999999996       0.98882700221558595     
   4.2350000000000003       0.98364170116632699     
   4.2450000000000001       0.97491377021042724     
   4.2549999999999999       0.96869677062762027     
   4.2649999999999997       0.96113884997365717     
   4.2750000000000004       0.95375788925694893     
   4.2850000000000001       0.94631988593556093     
   4.2949999999999999       0.93952735136871424     
   4.3049999999999997       0.93071664876309945     
   4.3150000000000004       0.92454980120908770     
   4.3250000000000002       0.91805314716932718     
   4.3350000000000000       0.91105221961444471     
   4.3449999999999998       0.90428771443315681     
   4.3550000000000004       0.89687816667049480     
   4.3650000000000002       0.89106754545221589     
   4.3750000000000000       0.88494702199633346     
   4.3849999999999998       0.87759093776674724     
   4.3950000000000005       0.87228380999819422     
   4.4050000000000002       0.86452752456015258     
   4.4150000000000000       0.85954084877356018     
   4.4249999999999998       0.85238839175738668     
   4.4350000000000005       0.84599626924467608     
   4.4450000000000003       0.84026041200362522     
   4.4550000000000001       0.83344060233140282     
   4.4649999999999999       0.82818867801183693     
   4.4750000000000005       0.82076734054622735     
   4.4850000000000003       0.81580415587385480     
   4.4950000000000001       0.80933396580653127     
   4.5049999999999999       0.80317468105586043     
   4.5149999999999997       0.79715742661897337     
   4.5250000000000004       0.79187526153578769     
   4.5350000000000001       0.78727698343927521     
   4.5449999999999999       0.78094769018807131     
   4.5549999999999997       0.77518724205394796     
   4.5650000000000004       0.76864728295469620     
   4.5750000000000002       0.76386698697993938     
   4.5850000000000000       0.75799765322575086     
   4.5949999999999998       0.75240133628048589     
   4.6050000000000004       0.74670322120252930     
   4.6150000000000002       0.74126316883001497     
   4.6250000000000000       0.73613891555364874     
   4.6349999999999998       0.72978300330000478     
   4.6450000000000005       0.72585228142778335     
   4.6550000000000002       0.71883874589257124     
   4.6650000000000000       0.71314405317562535     
   4.6749999999999998       0.70764000368611935     
   4.6850000000000005       0.70232892451611129     
   4.6950000000000003       0.69653756750737905     
   4.7050000000000001       0.69081278919661537     
   4.7149999999999999       0.68500736486962666     
   4.7250000000000005       0.67994601479941008     
   4.7350000000000003       0.67467922779525136     
   4.7450000000000001       0.66912778605281387     
   4.7549999999999999       0.66449746231023155     
   4.7649999999999997       0.65713318758229122     
   4.7750000000000004       0.65266304340615011     
   4.7850000000000001       0.64705358388637380     
   4.7949999999999999       0.64131428411136382     
   4.8049999999999997       0.63639744478000260     
   4.8150000000000004       0.63135476256673839     
   4.8250000000000002       0.62501953050378789     
   4.8350000000000000       0.62015597664640199     
   4.8449999999999998       0.61482680958325497     
   4.8550000000000004       0.60922601845231517     
   4.8650000000000002       0.60383526135695920     
   4.8750000000000000       0.59818414661803831     
   4.8849999999999998       0.59257106656367198     
   4.8950000000000005       0.58742209652310007     
   4.9050000000000002       0.58133621945965253     
   4.9150000000000000       0.57714658731671842     
   4.9249999999999998       0.57068598512987068     
   4.9350000000000005       0.56569151453730515     
   4.9450000000000003       0.56084826414368572     
   4.9550000000000001       0.55526386902302804     
   4.9649999999999999       0.55022555898872649     
   4.9750000000000005       0.54526999261380438     
   4.9850000000000003       0.54033936335790955     
   4.9950000000000001       0.53464769345801477     
   5.0049999999999999       0.26464678990213231     
