 RADIUS,  GDR(R)
   1.1700000286102295E-002   0.0000000000000000     
   1.9500000476837157E-002   0.0000000000000000     
   2.7300000667572023E-002   0.0000000000000000     
   3.5100000858306883E-002   0.0000000000000000     
   4.2900001049041750E-002   0.0000000000000000     
   5.0700001239776610E-002   0.0000000000000000     
   5.8500001430511477E-002   0.0000000000000000     
   6.6300001621246343E-002   0.0000000000000000     
   7.4100001811981203E-002   0.0000000000000000     
   8.1900002002716063E-002   0.0000000000000000     
   8.9700002193450923E-002   0.0000000000000000     
   9.7500002384185797E-002   0.0000000000000000     
  0.10530000257492066        0.0000000000000000     
  0.11310000276565552        0.0000000000000000     
  0.12090000295639038        0.0000000000000000     
  0.12870000314712524        0.0000000000000000     
  0.13650000333786011        0.0000000000000000     
  0.14430000352859498        0.0000000000000000     
  0.15210000371932983        0.0000000000000000     
  0.15990000391006470        0.0000000000000000     
  0.16770000410079955        0.0000000000000000     
  0.17550000429153442        0.0000000000000000     
  0.18330000448226930        0.0000000000000000     
  0.19110000467300414        0.0000000000000000     
  0.19890000486373902        0.0000000000000000     
  0.20670000505447389        0.0000000000000000     
  0.21450000524520874        0.0000000000000000     
  0.22230000543594361        0.0000000000000000     
  0.23010000562667846        0.0000000000000000     
  0.23790000581741333        0.0000000000000000     
  0.24570000600814820        0.0000000000000000     
  0.25350000619888308        0.0000000000000000     
  0.26130000638961792        0.0000000000000000     
  0.26910000658035277        0.0000000000000000     
  0.27690000677108767        0.0000000000000000     
  0.28470000696182252        0.0000000000000000     
  0.29250000715255736        0.0000000000000000     
  0.30030000734329226        0.0000000000000000     
  0.30810000753402711        0.0000000000000000     
  0.31590000772476196        0.0000000000000000     
  0.32370000791549680        0.0000000000000000     
  0.33150000810623170        0.0000000000000000     
  0.33930000829696655        0.0000000000000000     
  0.34710000848770139        0.0000000000000000     
  0.35490000867843630        0.0000000000000000     
  0.36270000886917114        0.0000000000000000     
  0.37050000905990599        0.0000000000000000     
  0.37830000925064089        0.0000000000000000     
  0.38610000944137574        0.0000000000000000     
  0.39390000963211058        0.0000000000000000     
  0.40170000982284548        0.0000000000000000     
  0.40950001001358033        0.0000000000000000     
  0.41730001020431517        0.0000000000000000     
  0.42510001039505008        0.0000000000000000     
  0.43290001058578492        0.0000000000000000     
  0.44070001077651977        0.0000000000000000     
  0.44850001096725461        0.0000000000000000     
  0.45630001115798952        0.0000000000000000     
  0.46410001134872436        0.0000000000000000     
  0.47190001153945921        0.0000000000000000     
  0.47970001173019411        0.0000000000000000     
  0.48750001192092896        0.0000000000000000     
  0.49530001211166380        0.0000000000000000     
  0.50310001230239865        0.0000000000000000     
  0.51090001249313355        0.0000000000000000     
  0.51870001268386845        0.0000000000000000     
  0.52650001287460324        0.0000000000000000     
  0.53430001306533814        0.0000000000000000     
  0.54210001325607304        0.0000000000000000     
  0.54990001344680783        0.0000000000000000     
  0.55770001363754274        0.0000000000000000     
  0.56550001382827764        0.0000000000000000     
  0.57330001401901243        0.0000000000000000     
  0.58110001420974733        0.0000000000000000     
  0.58890001440048223        0.0000000000000000     
  0.59670001459121702        0.0000000000000000     
  0.60450001478195192        0.0000000000000000     
  0.61230001497268682        0.0000000000000000     
  0.62010001516342161        0.0000000000000000     
  0.62790001535415652        0.0000000000000000     
  0.63570001554489131        0.0000000000000000     
  0.64350001573562621        0.0000000000000000     
  0.65130001592636111        0.0000000000000000     
  0.65910001611709590        0.0000000000000000     
  0.66690001630783080        0.0000000000000000     
  0.67470001649856570        0.0000000000000000     
  0.68250001668930049        0.0000000000000000     
  0.69030001688003539        0.0000000000000000     
  0.69810001707077030        0.0000000000000000     
  0.70590001726150509        0.0000000000000000     
  0.71370001745223999        0.0000000000000000     
  0.72150001764297489        0.0000000000000000     
  0.72930001783370968        0.0000000000000000     
  0.73710001802444458        0.0000000000000000     
  0.74490001821517948        0.0000000000000000     
  0.75270001840591427        0.0000000000000000     
  0.76050001859664917        0.0000000000000000     
  0.76830001878738408        0.0000000000000000     
  0.77610001897811887        0.0000000000000000     
  0.78390001916885377        0.0000000000000000     
  0.79170001935958867        0.0000000000000000     
  0.79950001955032346        0.0000000000000000     
  0.80730001974105836        0.0000000000000000     
  0.81510001993179326        0.0000000000000000     
  0.82290002012252805        0.0000000000000000     
  0.83070002031326295        0.0000000000000000     
  0.83850002050399786        0.0000000000000000     
  0.84630002069473265        1.4536455726503776E-004
  0.85410002088546755        2.4073102723066490E-004
  0.86190002107620245        1.0420521038587034E-003
  0.86970002126693724        4.3247409741946595E-003
  0.87750002145767214        7.4693519496007747E-003
  0.88530002164840693        1.4883856212424313E-002
  0.89310002183914183        2.6989760281828756E-002
  0.90090002202987673        5.1969649496272953E-002
  0.90870002222061153        8.1677941286232833E-002
  0.91650002241134643       0.13289558341933430     
  0.92430002260208133       0.19290153849688338     
  0.93210002279281612       0.28623798477450685     
  0.93990002298355102       0.35638379482819760     
  0.94770002317428592       0.46751279279280394     
  0.95550002336502071       0.58662349379438050     
  0.96330002355575561       0.71492294485301988     
  0.97110002374649051       0.86295619866751949     
  0.97890002393722531       0.98062253278066502     
  0.98670002412796021        1.1048500181996999     
  0.99450002431869511        1.2299287521405347     
   1.0023000245094300        1.3347091444725272     
   1.0101000247001648        1.4483353759101898     
   1.0179000248908996        1.5340301591972008     
   1.0257000250816346        1.6204615745438671     
   1.0335000252723694        1.6976261675646687     
   1.0413000254631042        1.7427507749563049     
   1.0491000256538392        1.7851446197436154     
   1.0569000258445740        1.8464725557105803     
   1.0647000260353088        1.8664595055988247     
   1.0725000262260438        1.8607937027534562     
   1.0803000264167786        1.8853880973057049     
   1.0881000266075134        1.8672822613564890     
   1.0959000267982484        1.8595341175947098     
   1.1037000269889832        1.8553800270501219     
   1.1115000271797180        1.8469160498530075     
   1.1193000273704530        1.8312145090174223     
   1.1271000275611878        1.7864229857777352     
   1.1349000277519226        1.7675590399036023     
   1.1427000279426576        1.7475876291755343     
   1.1505000281333924        1.7237244203855473     
   1.1583000283241272        1.6875823061657871     
   1.1661000285148622        1.6481050294045427     
   1.1739000287055970        1.6229084237224392     
   1.1817000288963317        1.6051766645365471     
   1.1895000290870668        1.5711808622880159     
   1.1973000292778015        1.5505619024363475     
   1.2051000294685363        1.5204764291053707     
   1.2129000296592714        1.4856461553470686     
   1.2207000298500061        1.4593458181198593     
   1.2285000300407409        1.4067916912501914     
   1.2363000302314759        1.4093933108769841     
   1.2441000304222107        1.3892545131573182     
   1.2519000306129455        1.3567366162921644     
   1.2597000308036803        1.3328754620690519     
   1.2675000309944153        1.3080326731116960     
   1.2753000311851501        1.2867514861285962     
   1.2831000313758849        1.2605844013006036     
   1.2909000315666199        1.2414698033912279     
   1.2987000317573547        1.2062678151747945     
   1.3065000319480895        1.1984526734424488     
   1.3143000321388245        1.1788119678444924     
   1.3221000323295593        1.1619000859730981     
   1.3299000325202941        1.1397694241486329     
   1.3377000327110291        1.1234062614010352     
   1.3455000329017639        1.1076094093382414     
   1.3533000330924987        1.0824849618290657     
   1.3611000332832337        1.0768338839044775     
   1.3689000334739685        1.0763086207341208     
   1.3767000336647033        1.0600536505695832     
   1.3845000338554383        1.0234901957215805     
   1.3923000340461731        1.0144522416282498     
   1.4001000342369079       0.99627370155473227     
   1.4079000344276429       0.99043711993361649     
   1.4157000346183777       0.98710857520909878     
   1.4235000348091125       0.97013741528072006     
   1.4313000349998475       0.96966214658758942     
   1.4391000351905823       0.96511884075658294     
   1.4469000353813171       0.94990639457424775     
   1.4547000355720521       0.94202895783724638     
   1.4625000357627869       0.93138455374792772     
   1.4703000359535217       0.92172709147355891     
   1.4781000361442567       0.92281109342430090     
   1.4859000363349915       0.90362171062344387     
   1.4937000365257262       0.90269216255937179     
   1.5015000367164613       0.90284780283574262     
   1.5093000369071961       0.89668666716884160     
   1.5171000370979308       0.88897010615141348     
   1.5249000372886659       0.88897891185111344     
   1.5327000374794006       0.88400301141094095     
   1.5405000376701354       0.87128276147548289     
   1.5483000378608704       0.86545176698787107     
   1.5561000380516052       0.87539292780289601     
   1.5639000382423400       0.87098705637908602     
   1.5717000384330750       0.86033710038243194     
   1.5795000386238098       0.85791335943309543     
   1.5873000388145446       0.85815701684105583     
   1.5951000390052796       0.86044000116877073     
   1.6029000391960144       0.85210291636266811     
   1.6107000393867492       0.85641228701549299     
   1.6185000395774842       0.84743719849889831     
   1.6263000397682190       0.84785068367691663     
   1.6341000399589538       0.84892020789833789     
   1.6419000401496888       0.83878227606216116     
   1.6497000403404236       0.83390175666477562     
   1.6575000405311584       0.84487293632689930     
   1.6653000407218934       0.84905702333012145     
   1.6731000409126282       0.85184626676674624     
   1.6809000411033630       0.84673563182640210     
   1.6887000412940980       0.83637042096020997     
   1.6965000414848328       0.84418252712779029     
   1.7043000416755676       0.85337758018672227     
   1.7121000418663026       0.85635233049992165     
   1.7199000420570374       0.85649103802213189     
   1.7277000422477722       0.85879684900889530     
   1.7355000424385072       0.85249084312533141     
   1.7433000426292420       0.85834044527036046     
   1.7511000428199768       0.86854488007375319     
   1.7589000430107116       0.87386038499675156     
   1.7667000432014466       0.87494745216091929     
   1.7745000433921814       0.87191633449546224     
   1.7823000435829162       0.88601662905314960     
   1.7901000437736512       0.88787614255384861     
   1.7979000439643860       0.89007858627141712     
   1.8057000441551208       0.88895106625436926     
   1.8135000443458558       0.89500693771659889     
   1.8213000445365906       0.89997951510366880     
   1.8291000447273253       0.90452284672529337     
   1.8369000449180604       0.91211140906489951     
   1.8447000451087952       0.91656954806307422     
   1.8525000452995299       0.92484360839075686     
   1.8603000454902650       0.92484896576880826     
   1.8681000456809997       0.93092614801189555     
   1.8759000458717345       0.92915046482626795     
   1.8837000460624695       0.93825569437699552     
   1.8915000462532043       0.95301542872417389     
   1.8993000464439391       0.95371837715145036     
   1.9071000466346741       0.95719911772234778     
   1.9149000468254089       0.96470625044956426     
   1.9227000470161437       0.97193094746226538     
   1.9305000472068787       0.98203338260606243     
   1.9383000473976135       0.98773907421352913     
   1.9461000475883483       0.99267528348706002     
   1.9539000477790833       0.99018759534945466     
   1.9617000479698181        1.0002661041800662     
   1.9695000481605529        1.0008804425664146     
   1.9773000483512879        1.0063350643190103     
   1.9851000485420227        1.0151834498615562     
   1.9929000487327575        1.0222179769313617     
   2.0007000489234925        1.0273418602851530     
   2.0085000491142271        1.0286245480393772     
   2.0163000493049621        1.0321031447265474     
   2.0241000494956971        1.0389119581935864     
   2.0319000496864317        1.0407171712335475     
   2.0397000498771667        1.0403532771042856     
   2.0475000500679017        1.0535193528749964     
   2.0553000502586363        1.0537933797467760     
   2.0631000504493713        1.0658595456307252     
   2.0709000506401063        1.0548672285958436     
   2.0787000508308409        1.0553522477134709     
   2.0865000510215759        1.0548968302183090     
   2.0943000512123109        1.0634193939772292     
   2.1021000514030455        1.0697035675120663     
   2.1099000515937805        1.0651580340241125     
   2.1177000517845155        1.0627462780146901     
   2.1255000519752500        1.0595820134334215     
   2.1333000521659851        1.0611742339883969     
   2.1411000523567201        1.0577174532435325     
   2.1489000525474546        1.0600717382697087     
   2.1567000527381897        1.0687750100461668     
   2.1645000529289247        1.0628805632670875     
   2.1723000531196592        1.0655285610023988     
   2.1801000533103942        1.0650938043194442     
   2.1879000535011293        1.0625376015423700     
   2.1957000536918638        1.0575029788678862     
   2.2035000538825988        1.0565175921278647     
   2.2113000540733339        1.0561686085733306     
   2.2191000542640684        1.0562120816363660     
   2.2269000544548034        1.0554626954489952     
   2.2347000546455384        1.0516884636017982     
   2.2425000548362730        1.0527804842390096     
   2.2503000550270080        1.0568850831639420     
   2.2581000552177430        1.0486478468133413     
   2.2659000554084776        1.0418193159318978     
   2.2737000555992126        1.0370291218683907     
   2.2815000557899476        1.0388562051605883     
   2.2893000559806822        1.0330697110095006     
   2.2971000561714172        1.0385880186945431     
   2.3049000563621522        1.0379186658232562     
   2.3127000565528868        1.0281629795667238     
   2.3205000567436218        1.0321766055463515     
   2.3283000569343568        1.0262744935996004     
   2.3361000571250914        1.0273621850055723     
   2.3439000573158264        1.0242598105904419     
   2.3517000575065614        1.0245474524610263     
   2.3595000576972960        1.0180202710479922     
   2.3673000578880310        1.0152936472833485     
   2.3751000580787660        1.0149023817822633     
   2.3829000582695006        1.0155219084365315     
   2.3907000584602356        1.0119466359191136     
   2.3985000586509706        1.0097100603419613     
   2.4063000588417052        1.0084946084660589     
   2.4141000590324402        1.0055163629563066     
   2.4219000592231752        1.0032360902262507     
   2.4297000594139098       0.99933127513896214     
   2.4375000596046448       0.99681711869884704     
   2.4453000597953798        1.0055620579762394     
   2.4531000599861144       0.99558529168088250     
   2.4609000601768494       0.99723826496741375     
   2.4687000603675844       0.99250021444657477     
   2.4765000605583189       0.98706364651575962     
   2.4843000607490540       0.98716921162066085     
   2.4921000609397890       0.98845790837410552     
   2.4999000611305235       0.98951289286463728     
   2.5077000613212586       0.98602040683599534     
   2.5155000615119936       0.97963928205965212     
   2.5233000617027281       0.98097402148826152     
   2.5311000618934631       0.98021418055851839     
   2.5389000620841982       0.97422405899288900     
   2.5467000622749327       0.97358948139631241     
   2.5545000624656677       0.97102274067254857     
   2.5623000626564028       0.96955526945032755     
   2.5701000628471373       0.97381770505331011     
   2.5779000630378723       0.97280930888649653     
   2.5857000632286073       0.96941192683523414     
   2.5935000634193419       0.96772180114833228     
   2.6013000636100769       0.96928036337257106     
   2.6091000638008119       0.97481141231964963     
   2.6169000639915465       0.96940036889669390     
   2.6247000641822815       0.97403750420794799     
   2.6325000643730165       0.97109557829263393     
   2.6403000645637511       0.97047889046056190     
   2.6481000647544861       0.97153287623593454     
   2.6559000649452211       0.96763228288074543     
   2.6637000651359557       0.97252689166615180     
   2.6715000653266907       0.97313144072261026     
   2.6793000655174257       0.96617586165636415     
   2.6871000657081603       0.96956572328744584     
   2.6949000658988953       0.97075052620005342     
   2.7027000660896303       0.97388251832124395     
   2.7105000662803649       0.97503906850244426     
   2.7183000664710999       0.97535128767929358     
   2.7261000666618349       0.97686280662959490     
   2.7339000668525695       0.97552248014358856     
   2.7417000670433045       0.97531506772985388     
   2.7495000672340395       0.97891601447332610     
   2.7573000674247741       0.97766198689598671     
   2.7651000676155091       0.97642774528118237     
   2.7729000678062441       0.98152619498228466     
   2.7807000679969787       0.97606701518471484     
   2.7885000681877137       0.98041976551674470     
   2.7963000683784487       0.98084640541399315     
   2.8041000685691833       0.98423791286307882     
   2.8119000687599183       0.98297344655380836     
   2.8197000689506533       0.98259552569602104     
   2.8275000691413879       0.98627108368015382     
   2.8353000693321229       0.98429552801036491     
   2.8431000695228579       0.98634950742048388     
   2.8509000697135924       0.98488630648163555     
   2.8587000699043275       0.98527103568390662     
   2.8665000700950625       0.97973906197458760     
   2.8743000702857970       0.98455990571441110     
   2.8821000704765320       0.98945761312794156     
   2.8899000706672671       0.99028576992364148     
   2.8977000708580016       0.99157460985167734     
   2.9055000710487366       0.99429308459665078     
   2.9133000712394717       0.99300564653005241     
   2.9211000714302062       0.99348214753247732     
   2.9289000716209412       0.99324325465586882     
   2.9367000718116762        1.0002658111285110     
   2.9445000720024108        1.0005248766510098     
   2.9523000721931458       0.99571737498659685     
   2.9601000723838808       0.99931418207761957     
   2.9679000725746154       0.99949779274655648     
   2.9757000727653504        1.0023846574400861     
   2.9835000729560854        1.0017706176953391     
   2.9913000731468200        1.0020766815866302     
   2.9991000733375550        1.0012776064337856     
   3.0069000735282896        1.0030196837450844     
   3.0147000737190246        1.0041941935881915     
   3.0225000739097596        1.0017468737723978     
   3.0303000741004942        1.0013729253132289     
   3.0381000742912292        1.0039290060350192     
   3.0459000744819642        1.0073343575833344     
   3.0537000746726988        1.0033698748098139     
   3.0615000748634338        1.0053088140445110     
   3.0693000750541688        1.0043907282183817     
   3.0771000752449034        1.0069771459370520     
   3.0849000754356384        1.0045082271205932     
   3.0927000756263734        1.0067034373442794     
   3.1005000758171080        1.0029487936525576     
   3.1083000760078430       0.99950902918577722     
   3.1161000761985780        1.0088480258339070     
   3.1239000763893126       0.99941450050844371     
   3.1317000765800476        1.0066667978116912     
   3.1395000767707826        1.0056681269033894     
   3.1473000769615171        1.0058415015719040     
   3.1551000771522522        1.0091717143206349     
   3.1629000773429872        1.0054083380426100     
   3.1707000775337217        1.0081843529955878     
   3.1785000777244568        1.0059522570675210     
   3.1863000779151918        1.0068496317766509     
   3.1941000781059263        1.0067297235917241     
   3.2019000782966613        1.0023162372881842     
   3.2097000784873964        1.0045724331512345     
   3.2175000786781309        1.0064486417186280     
   3.2253000788688659        1.0101119059648054     
   3.2331000790596010        1.0094894919684814     
   3.2409000792503355        1.0068126449950983     
   3.2487000794410705        1.0048857867251104     
   3.2565000796318055        1.0092071129754614     
   3.2643000798225401        1.0044226043673501     
   3.2721000800132751        1.0071955713484608     
   3.2799000802040101        1.0017331671486842     
   3.2877000803947447        1.0047357111968886     
   3.2955000805854797        1.0040529217589178     
   3.3033000807762147        1.0048134164112510     
   3.3111000809669493        1.0020112276060720     
   3.3189000811576843        1.0007528798129144     
   3.3267000813484193       0.99975153086899293     
   3.3345000815391539        1.0006766418574369     
   3.3423000817298889        1.0023498334008403     
   3.3501000819206239        1.0014448150126387     
   3.3579000821113585        1.0028830831397140     
   3.3657000823020935        1.0031000360628022     
   3.3735000824928285        1.0003517733945710     
   3.3813000826835631       0.99841010301763267     
   3.3891000828742981       0.99923081103856382     
   3.3969000830650331        1.0008770162163150     
   3.4047000832557677        1.0008651146026610     
   3.4125000834465027       0.99977703264885343     
   3.4203000836372377        1.0021304042693462     
   3.4281000838279723        1.0008637189382537     
   3.4359000840187073        1.0009647604201612     
   3.4437000842094423        1.0009745097601961     
   3.4515000844001769       0.99960434492262740     
   3.4593000845909119       0.99465499220217568     
   3.4671000847816469       0.99570093684847394     
   3.4749000849723815       0.99554859282035613     
   3.4827000851631165       0.99353470301818014     
   3.4905000853538515       0.99784896996254779     
   3.4983000855445860       0.99488406243666716     
   3.5061000857353211       0.99551344145152221     
   3.5139000859260561       0.99328871381247430     
   3.5217000861167906       0.99552147498051824     
   3.5295000863075257       0.99808975567808111     
   3.5373000864982607       0.99293157301470569     
   3.5451000866889952       0.99546565770581374     
   3.5529000868797302       0.99404169612088356     
   3.5607000870704653       0.99300153462492979     
   3.5685000872611998       0.98888268992478501     
   3.5763000874519348       0.99255720772612577     
   3.5841000876426699       0.99241583076672091     
   3.5919000878334044       0.99056547439504461     
   3.5997000880241394       0.98941249847276036     
   3.6075000882148744       0.99300089547161907     
   3.6153000884056090       0.99347114891605659     
   3.6231000885963440       0.99379844150769892     
   3.6309000887870790       0.99010737886883193     
   3.6387000889778136       0.99005126662528820     
   3.6465000891685486       0.98881350583501015     
   3.6543000893592836       0.99268844771838927     
   3.6621000895500182       0.99403306687168891     
   3.6699000897407532       0.99174714184205737     
   3.6777000899314882       0.99424724134559617     
   3.6855000901222228       0.99268314489635023     
   3.6933000903129578       0.98676434919518696     
   3.7011000905036928       0.99812363271523341     
   3.7089000906944274       0.99378780530808442     
   3.7167000908851624       0.99299369079858435     
   3.7245000910758974       0.99318163170440299     
   3.7323000912666320       0.99456131213297494     
   3.7401000914573670       0.99255774413913600     
   3.7479000916481020       0.99373731524447140     
   3.7557000918388366       0.99180151810397887     
   3.7635000920295716       0.99641260304385404     
   3.7713000922203066       0.99242967850151020     
   3.7791000924110412       0.99629360617201657     
   3.7869000926017762       0.99651234912275832     
   3.7947000927925112       0.99266138756920974     
   3.8025000929832458       0.99958403535054829     
   3.8103000931739808       0.99963927769283045     
   3.8181000933647158       0.99602428737741511     
   3.8259000935554504       0.99419010580925327     
   3.8337000937461854       0.99672748532264976     
   3.8415000939369204       0.99706541107998137     
   3.8493000941276549       0.99523444667125727     
   3.8571000943183900        1.0005343382386060     
   3.8649000945091250       0.99777573870664682     
   3.8727000946998595       0.99631802525950230     
   3.8805000948905946       0.99577463170559843     
   3.8883000950813296       0.99895390591166566     
   3.8961000952720641       0.99426590160746442     
   3.9039000954627991       0.49779351073590722     
