 RADIUS,  GDR(R)
   1.1700000286102295E-002   0.0000000000000000     
   1.9500000476837157E-002   0.0000000000000000     
   2.7300000667572023E-002   0.0000000000000000     
   3.5100000858306883E-002   0.0000000000000000     
   4.2900001049041750E-002   0.0000000000000000     
   5.0700001239776610E-002   0.0000000000000000     
   5.8500001430511477E-002   0.0000000000000000     
   6.6300001621246343E-002   0.0000000000000000     
   7.4100001811981203E-002   0.0000000000000000     
   8.1900002002716063E-002   0.0000000000000000     
   8.9700002193450923E-002   0.0000000000000000     
   9.7500002384185797E-002   0.0000000000000000     
  0.10530000257492066        0.0000000000000000     
  0.11310000276565552        0.0000000000000000     
  0.12090000295639038        0.0000000000000000     
  0.12870000314712524        0.0000000000000000     
  0.13650000333786011        0.0000000000000000     
  0.14430000352859498        0.0000000000000000     
  0.15210000371932983        0.0000000000000000     
  0.15990000391006470        0.0000000000000000     
  0.16770000410079955        0.0000000000000000     
  0.17550000429153442        0.0000000000000000     
  0.18330000448226930        0.0000000000000000     
  0.19110000467300414        0.0000000000000000     
  0.19890000486373902        0.0000000000000000     
  0.20670000505447389        0.0000000000000000     
  0.21450000524520874        0.0000000000000000     
  0.22230000543594361        0.0000000000000000     
  0.23010000562667846        0.0000000000000000     
  0.23790000581741333        0.0000000000000000     
  0.24570000600814820        0.0000000000000000     
  0.25350000619888308        0.0000000000000000     
  0.26130000638961792        0.0000000000000000     
  0.26910000658035277        0.0000000000000000     
  0.27690000677108767        0.0000000000000000     
  0.28470000696182252        0.0000000000000000     
  0.29250000715255736        0.0000000000000000     
  0.30030000734329226        0.0000000000000000     
  0.30810000753402711        0.0000000000000000     
  0.31590000772476196        0.0000000000000000     
  0.32370000791549680        0.0000000000000000     
  0.33150000810623170        0.0000000000000000     
  0.33930000829696655        0.0000000000000000     
  0.34710000848770139        0.0000000000000000     
  0.35490000867843630        0.0000000000000000     
  0.36270000886917114        0.0000000000000000     
  0.37050000905990599        0.0000000000000000     
  0.37830000925064089        0.0000000000000000     
  0.38610000944137574        0.0000000000000000     
  0.39390000963211058        0.0000000000000000     
  0.40170000982284548        0.0000000000000000     
  0.40950001001358033        0.0000000000000000     
  0.41730001020431517        0.0000000000000000     
  0.42510001039505008        0.0000000000000000     
  0.43290001058578492        0.0000000000000000     
  0.44070001077651977        0.0000000000000000     
  0.44850001096725461        0.0000000000000000     
  0.45630001115798952        0.0000000000000000     
  0.46410001134872436        0.0000000000000000     
  0.47190001153945921        0.0000000000000000     
  0.47970001173019411        0.0000000000000000     
  0.48750001192092896        0.0000000000000000     
  0.49530001211166380        0.0000000000000000     
  0.50310001230239865        0.0000000000000000     
  0.51090001249313355        0.0000000000000000     
  0.51870001268386845        0.0000000000000000     
  0.52650001287460324        0.0000000000000000     
  0.53430001306533814        0.0000000000000000     
  0.54210001325607304        0.0000000000000000     
  0.54990001344680783        0.0000000000000000     
  0.55770001363754274        0.0000000000000000     
  0.56550001382827764        0.0000000000000000     
  0.57330001401901243        0.0000000000000000     
  0.58110001420974733        0.0000000000000000     
  0.58890001440048223        0.0000000000000000     
  0.59670001459121702        0.0000000000000000     
  0.60450001478195192        0.0000000000000000     
  0.61230001497268682        0.0000000000000000     
  0.62010001516342161        0.0000000000000000     
  0.62790001535415652        0.0000000000000000     
  0.63570001554489131        0.0000000000000000     
  0.64350001573562621        0.0000000000000000     
  0.65130001592636111        0.0000000000000000     
  0.65910001611709590        0.0000000000000000     
  0.66690001630783080        0.0000000000000000     
  0.67470001649856570        0.0000000000000000     
  0.68250001668930049        0.0000000000000000     
  0.69030001688003539        0.0000000000000000     
  0.69810001707077030        0.0000000000000000     
  0.70590001726150509        0.0000000000000000     
  0.71370001745223999        0.0000000000000000     
  0.72150001764297489        0.0000000000000000     
  0.72930001783370968        0.0000000000000000     
  0.73710001802444458        0.0000000000000000     
  0.74490001821517948        0.0000000000000000     
  0.75270001840591427        0.0000000000000000     
  0.76050001859664917        0.0000000000000000     
  0.76830001878738408        0.0000000000000000     
  0.77610001897811887        0.0000000000000000     
  0.78390001916885377        0.0000000000000000     
  0.79170001935958867        0.0000000000000000     
  0.79950001955032346        0.0000000000000000     
  0.80730001974105836        0.0000000000000000     
  0.81510001993179326        0.0000000000000000     
  0.82290002012252805        0.0000000000000000     
  0.83070002031326295        9.2065494456019132E-005
  0.83850002050399786        1.8069603777937280E-004
  0.84630002069473265        5.8838548451623596E-005
  0.85410002088546755        1.0417945993782280E-003
  0.86190002107620245        2.3641140835070950E-003
  0.86970002126693724        9.1895117471567592E-003
  0.87750002145767214        2.4014733964734247E-002
  0.88530002164840693        4.5925291419867252E-002
  0.89310002183914183        8.4215320786784328E-002
  0.90090002202987673       0.14979778221481749     
  0.90870002222061153       0.24263946517052060     
  0.91650002241134643       0.37069464831119614     
  0.92430002260208133       0.51236935749176804     
  0.93210002279281612       0.69113891205569677     
  0.93990002298355102       0.89521079967483908     
  0.94770002317428592        1.1000931064585553     
  0.95550002336502071        1.3378387787997377     
  0.96330002355575561        1.5469514128226578     
  0.97110002374649051        1.7559591316418457     
  0.97890002393722531        1.9728394541891252     
  0.98670002412796021        2.1297742485053610     
  0.99450002431869511        2.2753882964587495     
   1.0023000245094300        2.4047839121509775     
   1.0101000247001648        2.4934046011942921     
   1.0179000248908996        2.5713511691865603     
   1.0257000250816346        2.5883183496599762     
   1.0335000252723694        2.6154884944577104     
   1.0413000254631042        2.6239119097211194     
   1.0491000256538392        2.6228487301676462     
   1.0569000258445740        2.5625464832102143     
   1.0647000260353088        2.5142397965448096     
   1.0725000262260438        2.4606032597364105     
   1.0803000264167786        2.4042205563606607     
   1.0881000266075134        2.3308128799416772     
   1.0959000267982484        2.2630564901474663     
   1.1037000269889832        2.1953936975495356     
   1.1115000271797180        2.1210040503744292     
   1.1193000273704530        2.0377349850379036     
   1.1271000275611878        1.9605702387166482     
   1.1349000277519226        1.8895700180708155     
   1.1427000279426576        1.8256929881586248     
   1.1505000281333924        1.7515105325691196     
   1.1583000283241272        1.6739541454870452     
   1.1661000285148622        1.6067866577665002     
   1.1739000287055970        1.5424426001924993     
   1.1817000288963317        1.4947948705048173     
   1.1895000290870668        1.4369562023814124     
   1.1973000292778015        1.3756574639300325     
   1.2051000294685363        1.3335874371701324     
   1.2129000296592714        1.2898572226216571     
   1.2207000298500061        1.2326469261371666     
   1.2285000300407409        1.1931680506806241     
   1.2363000302314759        1.1495046391738633     
   1.2441000304222107        1.1162581962375884     
   1.2519000306129455        1.0823121257501225     
   1.2597000308036803        1.0482054008976986     
   1.2675000309944153        1.0041674168564663     
   1.2753000311851501       0.98170465171774213     
   1.2831000313758849       0.95190142884924978     
   1.2909000315666199       0.92608943031512958     
   1.2987000317573547       0.90308165654075701     
   1.3065000319480895       0.86789193932939190     
   1.3143000321388245       0.84810256091117697     
   1.3221000323295593       0.83287136961825881     
   1.3299000325202941       0.81109422898017403     
   1.3377000327110291       0.79684683533367462     
   1.3455000329017639       0.78559705433787963     
   1.3533000330924987       0.76863758644452274     
   1.3611000332832337       0.75399374581684353     
   1.3689000334739685       0.73102131156039618     
   1.3767000336647033       0.72883823472646680     
   1.3845000338554383       0.71674461647104615     
   1.3923000340461731       0.70254476864209159     
   1.4001000342369079       0.69348928513152674     
   1.4079000344276429       0.68765857495473159     
   1.4157000346183777       0.67658994843397979     
   1.4235000348091125       0.67180922858150460     
   1.4313000349998475       0.66059205638834850     
   1.4391000351905823       0.65520909642506520     
   1.4469000353813171       0.65203350539824190     
   1.4547000355720521       0.64680121625687659     
   1.4625000357627869       0.63812441750958782     
   1.4703000359535217       0.63854693339353796     
   1.4781000361442567       0.64219342320289896     
   1.4859000363349915       0.63888848928248410     
   1.4937000365257262       0.64181608803954660     
   1.5015000367164613       0.63631155071733858     
   1.5093000369071961       0.63889162598508142     
   1.5171000370979308       0.63735652646936514     
   1.5249000372886659       0.63512981220560816     
   1.5327000374794006       0.64585890256271350     
   1.5405000376701354       0.64350230352146687     
   1.5483000378608704       0.64526859344695919     
   1.5561000380516052       0.65011394757725438     
   1.5639000382423400       0.65633737984050455     
   1.5717000384330750       0.66175435171676522     
   1.5795000386238098       0.66519481250982815     
   1.5873000388145446       0.67620304254671848     
   1.5951000390052796       0.68337761572014444     
   1.6029000391960144       0.69009128507791273     
   1.6107000393867492       0.69669495848318919     
   1.6185000395774842       0.70348947874636392     
   1.6263000397682190       0.71436790546382944     
   1.6341000399589538       0.72675830707055744     
   1.6419000401496888       0.73890446440962843     
   1.6497000403404236       0.74795102022224247     
   1.6575000405311584       0.75762977601900428     
   1.6653000407218934       0.77266464820551817     
   1.6731000409126282       0.78595169419563504     
   1.6809000411033630       0.79785444215782408     
   1.6887000412940980       0.81400497027140639     
   1.6965000414848328       0.81753883104482183     
   1.7043000416755676       0.83797456857543118     
   1.7121000418663026       0.85088372425699055     
   1.7199000420570374       0.86451296328436400     
   1.7277000422477722       0.88260728271883382     
   1.7355000424385072       0.88379049996062320     
   1.7433000426292420       0.90718999785713217     
   1.7511000428199768       0.92485906824590702     
   1.7589000430107116       0.93808230253994840     
   1.7667000432014466       0.95033900933579096     
   1.7745000433921814       0.96157081349661611     
   1.7823000435829162       0.98253308250595928     
   1.7901000437736512        1.0040830979133328     
   1.7979000439643860        1.0148601823585159     
   1.8057000441551208        1.0267681237476616     
   1.8135000443458558        1.0482618371698040     
   1.8213000445365906        1.0594664235904911     
   1.8291000447273253        1.0774565304059311     
   1.8369000449180604        1.0839672020311313     
   1.8447000451087952        1.0939527725447775     
   1.8525000452995299        1.1026022279651295     
   1.8603000454902650        1.1213599901478855     
   1.8681000456809997        1.1331260226952695     
   1.8759000458717345        1.1478289690030767     
   1.8837000460624695        1.1566908064388515     
   1.8915000462532043        1.1758659345712701     
   1.8993000464439391        1.1827657918834460     
   1.9071000466346741        1.1855894142763137     
   1.9149000468254089        1.1982542234810196     
   1.9227000470161437        1.2003649928768481     
   1.9305000472068787        1.2159857683758653     
   1.9383000473976135        1.2197609740579887     
   1.9461000475883483        1.2281006725484094     
   1.9539000477790833        1.2199211276114128     
   1.9617000479698181        1.2197957026440882     
   1.9695000481605529        1.2320988731793652     
   1.9773000483512879        1.2347227168678903     
   1.9851000485420227        1.2394664696012190     
   1.9929000487327575        1.2384696733691598     
   2.0007000489234925        1.2398509201372634     
   2.0085000491142271        1.2426105183380594     
   2.0163000493049621        1.2310613851197374     
   2.0241000494956971        1.2290642531302665     
   2.0319000496864317        1.2282585201238005     
   2.0397000498771667        1.2191222288023371     
   2.0475000500679017        1.2176376060597158     
   2.0553000502586363        1.2075184737758942     
   2.0631000504493713        1.2054951664690070     
   2.0709000506401063        1.1966099928890317     
   2.0787000508308409        1.1801214098099253     
   2.0865000510215759        1.1832363689615524     
   2.0943000512123109        1.1692416897829265     
   2.1021000514030455        1.1583307982621975     
   2.1099000515937805        1.1430919548246212     
   2.1177000517845155        1.1389708860392529     
   2.1255000519752500        1.1282715296556058     
   2.1333000521659851        1.1234404654510384     
   2.1411000523567201        1.1077668849798077     
   2.1489000525474546        1.0885199990181904     
   2.1567000527381897        1.0828351435438026     
   2.1645000529289247        1.0729956134689682     
   2.1723000531196592        1.0686339291562683     
   2.1801000533103942        1.0555991816601782     
   2.1879000535011293        1.0421824789035337     
   2.1957000536918638        1.0283952642858381     
   2.2035000538825988        1.0228994313855517     
   2.2113000540733339        1.0151969461734498     
   2.2191000542640684        1.0014164598332345     
   2.2269000544548034       0.99226843992167801     
   2.2347000546455384       0.98309359609224245     
   2.2425000548362730       0.97450182489137271     
   2.2503000550270080       0.96231664520245896     
   2.2581000552177430       0.95667247400911137     
   2.2659000554084776       0.94497843118279634     
   2.2737000555992126       0.93809412376582635     
   2.2815000557899476       0.93073725944900221     
   2.2893000559806822       0.92671364038553083     
   2.2971000561714172       0.92131785173952130     
   2.3049000563621522       0.91278045454653423     
   2.3127000565528868       0.90683112900059937     
   2.3205000567436218       0.89913575094157805     
   2.3283000569343568       0.89770907005945466     
   2.3361000571250914       0.89097576284623714     
   2.3439000573158264       0.88837006713612277     
   2.3517000575065614       0.88706848224524815     
   2.3595000576972960       0.88189165146855442     
   2.3673000578880310       0.88311868437882912     
   2.3751000580787660       0.87582997059755818     
   2.3829000582695006       0.87269461566462336     
   2.3907000584602356       0.87324750555478547     
   2.3985000586509706       0.87330137048113465     
   2.4063000588417052       0.87297467901690506     
   2.4141000590324402       0.87223118909290465     
   2.4219000592231752       0.87012795990427427     
   2.4297000594139098       0.87386413069912838     
   2.4375000596046448       0.87414574276588342     
   2.4453000597953798       0.87469057668750694     
   2.4531000599861144       0.87558343668901129     
   2.4609000601768494       0.87308057283242602     
   2.4687000603675844       0.87441547292193966     
   2.4765000605583189       0.87225081722651432     
   2.4843000607490540       0.87834963884193817     
   2.4921000609397890       0.88233608644981387     
   2.4999000611305235       0.88489550456618793     
   2.5077000613212586       0.88205136625415259     
   2.5155000615119936       0.88484424516780869     
   2.5233000617027281       0.88766447652397351     
   2.5311000618934631       0.88961664902032023     
   2.5389000620841982       0.89391204719211825     
   2.5467000622749327       0.90073135113057001     
   2.5545000624656677       0.90344409961249317     
   2.5623000626564028       0.91052699304812668     
   2.5701000628471373       0.91838563392983763     
   2.5779000630378723       0.92127348120847841     
   2.5857000632286073       0.92656863889907082     
   2.5935000634193419       0.93186160012226094     
   2.6013000636100769       0.93703028163472546     
   2.6091000638008119       0.94551144876510584     
   2.6169000639915465       0.94405445003665089     
   2.6247000641822815       0.95335488921227873     
   2.6325000643730165       0.96245987456542670     
   2.6403000645637511       0.96425265825698547     
   2.6481000647544861       0.97206209146039746     
   2.6559000649452211       0.97694654301834827     
   2.6637000651359557       0.98061385306462845     
   2.6715000653266907       0.98786828761080159     
   2.6793000655174257       0.99535317208660468     
   2.6871000657081603       0.99472561844520846     
   2.6949000658988953        1.0010009298338025     
   2.7027000660896303        1.0081040760058808     
   2.7105000662803649        1.0152838197136551     
   2.7183000664710999        1.0162159113760327     
   2.7261000666618349        1.0232070053552014     
   2.7339000668525695        1.0277871834332506     
   2.7417000670433045        1.0319043938650641     
   2.7495000672340395        1.0376824910340621     
   2.7573000674247741        1.0399807930188043     
   2.7651000676155091        1.0409843602052544     
   2.7729000678062441        1.0449331924201970     
   2.7807000679969787        1.0494482318108240     
   2.7885000681877137        1.0523987589706989     
   2.7963000683784487        1.0573505022106267     
   2.8041000685691833        1.0585736254896945     
   2.8119000687599183        1.0637039521709653     
   2.8197000689506533        1.0629760519084193     
   2.8275000691413879        1.0674631952243112     
   2.8353000693321229        1.0716285652944069     
   2.8431000695228579        1.0721670810325492     
   2.8509000697135924        1.0711239004311817     
   2.8587000699043275        1.0727367111125043     
   2.8665000700950625        1.0755776098396452     
   2.8743000702857970        1.0764409857390222     
   2.8821000704765320        1.0729820761893043     
   2.8899000706672671        1.0752513817642957     
   2.8977000708580016        1.0758060826452343     
   2.9055000710487366        1.0741554555130575     
   2.9133000712394717        1.0746773601927369     
   2.9211000714302062        1.0732382421185103     
   2.9289000716209412        1.0701771671118374     
   2.9367000718116762        1.0724799210706768     
   2.9445000720024108        1.0720955579754015     
   2.9523000721931458        1.0676589792059672     
   2.9601000723838808        1.0690479654651537     
   2.9679000725746154        1.0651236340517398     
   2.9757000727653504        1.0644619046778474     
   2.9835000729560854        1.0562032243584556     
   2.9913000731468200        1.0593830126806238     
   2.9991000733375550        1.0545838859989409     
   3.0069000735282896        1.0521282773022240     
   3.0147000737190246        1.0479251878842069     
   3.0225000739097596        1.0452503425767328     
   3.0303000741004942        1.0439025874726209     
   3.0381000742912292        1.0451001817267660     
   3.0459000744819642        1.0392530994104900     
   3.0537000746726988        1.0368612384189593     
   3.0615000748634338        1.0326103347315723     
   3.0693000750541688        1.0294935305391828     
   3.0771000752449034        1.0275229276217708     
   3.0849000754356384        1.0207581890936421     
   3.0927000756263734        1.0170522754318836     
   3.1005000758171080        1.0161222387944957     
   3.1083000760078430        1.0154511461720874     
   3.1161000761985780        1.0115737234933293     
   3.1239000763893126        1.0055556234623215     
   3.1317000765800476        1.0030297371834676     
   3.1395000767707826       0.99532849565434356     
   3.1473000769615171       0.99321754335732382     
   3.1551000771522522       0.99537391680897425     
   3.1629000773429872       0.99006031974017339     
   3.1707000775337217       0.98676585865460187     
   3.1785000777244568       0.98404890466943651     
   3.1863000779151918       0.98040379533488164     
   3.1941000781059263       0.97440822656711756     
   3.2019000782966613       0.97378520558757198     
   3.2097000784873964       0.96984012920837659     
   3.2175000786781309       0.96997916068995316     
   3.2253000788688659       0.96710297338603879     
   3.2331000790596010       0.96453410152029784     
   3.2409000792503355       0.96383153358481188     
   3.2487000794410705       0.96075934017040698     
   3.2565000796318055       0.95919218790814798     
   3.2643000798225401       0.95739654456616807     
   3.2721000800132751       0.95437831604569057     
   3.2799000802040101       0.95597652495834240     
   3.2877000803947447       0.95136520453861706     
   3.2955000805854797       0.95270291198804391     
   3.3033000807762147       0.95312805889159424     
   3.3111000809669493       0.95153126915286756     
   3.3189000811576843       0.94708847149536668     
   3.3267000813484193       0.95018093774594525     
   3.3345000815391539       0.95063046810316110     
   3.3423000817298889       0.94896658005510592     
   3.3501000819206239       0.94938867405565430     
   3.3579000821113585       0.95151386791205739     
   3.3657000823020935       0.95167492868297510     
   3.3735000824928285       0.95375374972125204     
   3.3813000826835631       0.95222279111903818     
   3.3891000828742981       0.95192666660409375     
   3.3969000830650331       0.95011231105523131     
   3.4047000832557677       0.95406340498107478     
   3.4125000834465027       0.95866589424852577     
   3.4203000836372377       0.95524065143286940     
   3.4281000838279723       0.95338962650548920     
   3.4359000840187073       0.95637904013939001     
   3.4437000842094423       0.95771568196702161     
   3.4515000844001769       0.95710466393838212     
   3.4593000845909119       0.96213680105440824     
   3.4671000847816469       0.96391359606299964     
   3.4749000849723815       0.96768037550655939     
   3.4827000851631165       0.96772775930924282     
   3.4905000853538515       0.97478495800937326     
   3.4983000855445860       0.97306473932269577     
   3.5061000857353211       0.97199393957821278     
   3.5139000859260561       0.97581807536277698     
   3.5217000861167906       0.97789793226461630     
   3.5295000863075257       0.98103052308817118     
   3.5373000864982607       0.98353251505497974     
   3.5451000866889952       0.98413296686807772     
   3.5529000868797302       0.98702512626085992     
   3.5607000870704653       0.98989239895714953     
   3.5685000872611998       0.99093275212028964     
   3.5763000874519348       0.99213864162572074     
   3.5841000876426699       0.99571928736796811     
   3.5919000878334044       0.99737626729878825     
   3.5997000880241394        1.0005377159482580     
   3.6075000882148744        1.0016172927176745     
   3.6153000884056090        1.0048618706112666     
   3.6231000885963440        1.0045469001235994     
   3.6309000887870790        1.0075724202803371     
   3.6387000889778136        1.0122392112018688     
   3.6465000891685486        1.0125632170950409     
   3.6543000893592836        1.0131053353862272     
   3.6621000895500182        1.0138255911148391     
   3.6699000897407532        1.0163537897223323     
   3.6777000899314882        1.0180710058064437     
   3.6855000901222228        1.0185331156931101     
   3.6933000903129578        1.0187668836316917     
   3.7011000905036928        1.0188904326343733     
   3.7089000906944274        1.0196735946626472     
   3.7167000908851624        1.0233342377086769     
   3.7245000910758974        1.0210374672835112     
   3.7323000912666320        1.0217912710784416     
   3.7401000914573670        1.0237144470733681     
   3.7479000916481020        1.0225544361331720     
   3.7557000918388366        1.0242407940546034     
   3.7635000920295716        1.0253138058338751     
   3.7713000922203066        1.0266050221950285     
   3.7791000924110412        1.0296150115455260     
   3.7869000926017762        1.0306323142796907     
   3.7947000927925112        1.0303882710406465     
   3.8025000929832458        1.0261354819539874     
   3.8103000931739808        1.0246519339034736     
   3.8181000933647158        1.0280433172980405     
   3.8259000935554504        1.0282285114738337     
   3.8337000937461854        1.0272666727147743     
   3.8415000939369204        1.0271864352562672     
   3.8493000941276549        1.0273195773495574     
   3.8571000943183900        1.0267643607755708     
   3.8649000945091250        1.0220884021106831     
   3.8727000946998595        1.0251380213921886     
   3.8805000948905946        1.0209391790774898     
   3.8883000950813296        1.0213118273276021     
   3.8961000952720641        1.0210107851049406     
   3.9039000954627991       0.50982185420808979     
