 SAMPLE,  BOXLENGTH
           1   8.7084093803219957     
           2   8.7084093803219957     
           3   8.7359219656484495     
           4   8.7372420113414648     
           5   8.6945921826471153     
           6   8.6945921826471153     
           7   8.6877024670967842     
           8   8.6877024670967842     
           9   8.7155556272869941     
          10   8.6777967901516728     
          11   8.6783803600446880     
          12   8.6783803600446880     
          13   8.6783803600446880     
          14   8.6907908341054121     
          15   8.6789771284899668     
          16   8.6918533299896517     
          17   8.6918533299896517     
          18   8.7084281443806457     
          19   8.7015140710807994     
          20   8.6944718545528819     
          21   8.6944718545528819     
          22   8.6944718545528819     
          23   8.7481056186964210     
          24   8.7063916368755372     
          25   8.7080989191182425     
          26   8.7080989191182425     
          27   8.6767459559534164     
          28   8.6767459559534164     
          29   8.7065450477292288     
          30   8.7175294978879183     
          31   8.7264490523215503     
          32   8.7264490523215503     
          33   8.7264490523215503     
          34   8.7006605878461620     
          35   8.6884407147365970     
          36   8.6663721079740785     
          37   8.6925831021582436     
          38   8.6840451878313889     
          39   8.6840451878313889     
          40   8.6840451878313889     
          41   8.6840451878313889     
          42   8.6840451878313889     
          43   8.6840451878313889     
          44   8.6791372231650126     
          45   8.6459935999391107     
          46   8.6775145920699810     
          47   8.6593900868636542     
          48   8.6434163278788763     
          49   8.6434163278788763     
          50   8.7062718208432628     
          51   8.7062718208432628     
          52   8.7062718208432628     
          53   8.7062718208432628     
          54   8.6973582122858684     
          55   8.6966391326722814     
          56   8.6966391326722814     
          57   8.7104499126541235     
          58   8.7437387156706645     
          59   8.7437387156706645     
          60   8.7269742803495696     
          61   8.7735891492083358     
          62   8.7373878016326234     
          63   8.7527034523967444     
          64   8.7357852450137390     
          65   8.7357852450137390     
          66   8.6889084245144126     
          67   8.6746586139602364     
          68   8.7178997679547141     
          69   8.7178997679547141     
          70   8.7287285375378332     
          71   8.6995822651706209     
          72   8.6649750664142786     
          73   8.6649750664142786     
          74   8.6649750664142786     
          75   8.6931779934828057     
          76   8.6931779934828057     
          77   8.7214524744012873     
          78   8.6922221456582935     
          79   8.6922221456582935     
          80   8.6928194606815250     
          81   8.7253837517956292     
          82   8.7316317623031772     
          83   8.7316317623031772     
          84   8.7316317623031772     
          85   8.7436588375459028     
          86   8.7436588375459028     
          87   8.7436588375459028     
          88   8.7060394449604868     
          89   8.7280796299189056     
          90   8.7280796299189056     
          91   8.7280796299189056     
          92   8.7280796299189056     
          93   8.7280796299189056     
          94   8.7446291733971098     
          95   8.7446291733971098     
          96   8.7517794391028136     
          97   8.7517794391028136     
          98   8.7189498102252418     
          99   8.7189498102252418     
         100   8.7189498102252418     
         101   8.7189498102252418     
         102   8.7189498102252418     
         103   8.7148993400216703     
         104   8.7148993400216703     
         105   8.7148993400216703     
         106   8.7148993400216703     
         107   8.7148993400216703     
         108   8.6860992194598552     
         109   8.6860992194598552     
         110   8.6728091777636358     
         111   8.6944965172791289     
         112   8.7065338982745306     
         113   8.6945579070910171     
         114   8.7441906063589023     
         115   8.7485571541706211     
         116   8.7046661506668972     
         117   8.6848105647408023     
         118   8.7207620500988750     
         119   8.7380571108290823     
         120   8.6820908895846145     
         121   8.6820908895846145     
         122   8.7159711333226610     
         123   8.7178283121300471     
         124   8.6883033657677391     
         125   8.6868707897450843     
         126   8.6868707897450843     
         127   8.7066725861825418     
         128   8.7066725861825418     
         129   8.7115271717765417     
         130   8.7115271717765417     
         131   8.7275625764887046     
         132   8.7158531545250479     
         133   8.7158531545250479     
         134   8.6710945504560826     
         135   8.7170971217648514     
         136   8.7170971217648514     
         137   8.7170971217648514     
         138   8.7158066901697264     
         139   8.7535254237055948     
         140   8.7628842447259512     
         141   8.7204871304028302     
         142   8.7882395560092625     
         143   8.7882395560092625     
         144   8.7882395560092625     
         145   8.8101530583830545     
         146   8.7754041158970750     
         147   8.7918889718616189     
         148   8.7918889718616189     
         149   8.7869809797727516     
         150   8.7869809797727516     
         151   8.7869809797727516     
         152   8.7851250570714559     
         153   8.7851250570714559     
         154   8.7851250570714559     
         155   8.7851250570714559     
         156   8.7484735629836301     
         157   8.7315002786480616     
         158   8.7315002786480616     
         159   8.7315002786480616     
         160   8.7828267611315507     
         161   8.7828267611315507     
         162   8.7485883389910271     
         163   8.7415745649614305     
         164   8.7415745649614305     
         165   8.7763495069173523     
         166   8.7555011865938823     
         167   8.7748960730001055     
         168   8.7748960730001055     
         169   8.7539602660255103     
         170   8.7298277343675519     
         171   8.7222727494744703     
         172   8.7222727494744703     
         173   8.7222727494744703     
         174   8.7222727494744703     
         175   8.7544355131802671     
         176   8.7547136998495230     
         177   8.7279630088868441     
         178   8.7684847280500229     
         179   8.7684847280500229     
         180   8.7372549406863946     
         181   8.7606392307926733     
         182   8.7244768505825352     
         183   8.7204157506249533     
         184   8.7216752077509643     
         185   8.7067659732521250     
         186   8.7067659732521250     
         187   8.7296629210152705     
         188   8.7348655299058855     
         189   8.7348655299058855     
         190   8.7348655299058855     
         191   8.7664801034285595     
         192   8.7664801034285595     
         193   8.7847787895282750     
         194   8.7789655773414097     
         195   8.8082258524700272     
         196   8.8082258524700272     
         197   8.8082258524700272     
         198   8.8082258524700272     
         199   8.7662909956867310     
         200   8.7662909956867310     
         201   8.8151501547409126     
         202   8.7600414342937150     
         203   8.7600414342937150     
         204   8.7715374367206032     
         205   8.7563333607680960     
         206   8.7961759381727642     
         207   8.7961759381727642     
         208   8.7780014139654483     
         209   8.7780014139654483     
         210   8.7780014139654483     
         211   8.7780014139654483     
         212   8.7299290480530836     
         213   8.7836656941425346     
         214   8.7836656941425346     
         215   8.7718681285213673     
         216   8.7430096255514087     
         217   8.7820937692387169     
         218   8.7820937692387169     
         219   8.7793337805235616     
         220   8.7793337805235616     
         221   8.7812675568292153     
         222   8.7612327371446508     
         223   8.8178592209686659     
         224   8.7771618185019200     
         225   8.7771618185019200     
         226   8.7771618185019200     
         227   8.7771618185019200     
         228   8.7933878641475900     
         229   8.7933878641475900     
         230   8.7503982323298519     
         231   8.7699771770305261     
         232   8.7699771770305261     
         233   8.7424755132798424     
         234   8.7355926084352848     
         235   8.7525936887860833     
         236   8.7831748164159738     
         237   8.7252997136074253     
         238   8.7252997136074253     
         239   8.7242076671869935     
         240   8.6933945265208550     
         241   8.6933945265208550     
         242   8.6933945265208550     
         243   8.7295121456396476     
         244   8.7295121456396476     
         245   8.7295121456396476     
         246   8.7280218263764535     
         247   8.7368180700593729     
         248   8.7151108134805870     
         249   8.7222328423539022     
         250   8.7020502495936967     
         251   8.7559075542875924     
         252   8.7445951201878227     
         253   8.7445951201878227     
         254   8.7445951201878227     
         255   8.7445951201878227     
         256   8.7653373038694937     
         257   8.7653373038694937     
         258   8.7956279594994289     
         259   8.7926402618048964     
         260   8.7696374742011134     
         261   8.7577219502119661     
         262   8.7577219502119661     
         263   8.7577219502119661     
         264   8.7511745094560922     
         265   8.7511745094560922     
         266   8.7550363738453338     
         267   8.7656221814134714     
         268   8.7656221814134714     
         269   8.7697450430759343     
         270   8.7432166229804391     
         271   8.6952391894613559     
         272   8.6952391894613559     
         273   8.6744747714222665     
         274   8.6744747714222665     
         275   8.7155973064857299     
         276   8.7155973064857299     
         277   8.7155973064857299     
         278   8.7579635898778534     
         279   8.7579635898778534     
         280   8.7503426660152570     
         281   8.7299816226882374     
         282   8.7299816226882374     
         283   8.7299816226882374     
         284   8.7230131332358543     
         285   8.7230131332358543     
         286   8.7628148522896350     
         287   8.7262667780659999     
         288   8.7477431732757349     
         289   8.7477431732757349     
         290   8.8040840616724712     
         291   8.7978965268556220     
         292   8.7431991620520506     
         293   8.7397183392119331     
         294   8.7880126405694963     
         295   8.7489327927299598     
         296   8.7489327927299598     
         297   8.8028292822505065     
         298   8.7709375860323036     
         299   8.8329175260630848     
         300   8.8124590846662372     
         301   8.7559189371671877     
         302   8.7227300205782168     
         303   8.7227300205782168     
         304   8.7227300205782168     
         305   8.7558411841545674     
         306   8.7558411841545674     
         307   8.7547600464617936     
         308   8.7577019239548228     
         309   8.7497356062191525     
         310   8.7637473512908226     
         311   8.7637473512908226     
         312   8.7583633701590813     
         313   8.7583633701590813     
         314   8.7583633701590813     
         315   8.7677480212554766     
         316   8.7852885644356373     
         317   8.7466221260088908     
         318   8.7392032459076745     
         319   8.7166974633031913     
         320   8.7166974633031913     
         321   8.7164123840367242     
         322   8.7164123840367242     
         323   8.7164123840367242     
         324   8.7164123840367242     
         325   8.7164123840367242     
         326   8.7522721823818888     
         327   8.7522721823818888     
         328   8.7698226740129250     
         329   8.7729327491631057     
         330   8.7727335697146316     
         331   8.7564507272308401     
         332   8.7312674611277163     
         333   8.7312674611277163     
         334   8.7131762239646626     
         335   8.6984420008009344     
         336   8.7344029771529978     
         337   8.7420485511237356     
         338   8.7420485511237356     
         339   8.7089684818646109     
         340   8.7217890035028791     
         341   8.7232691321294933     
         342   8.7402008477008568     
         343   8.7414512614574154     
         344   8.7447234391856590     
         345   8.7447234391856590     
         346   8.7425224639629491     
         347   8.7486464197659934     
         348   8.7326538284184014     
         349   8.7326538284184014     
         350   8.7326538284184014     
         351   8.7226130093794776     
         352   8.7128928517463429     
         353   8.7128928517463429     
         354   8.7437826906592786     
         355   8.7154697190927859     
         356   8.7054968943823496     
         357   8.7123517109243913     
         358   8.7123517109243913     
         359   8.6788491345613092     
         360   8.6555364410218054     
         361   8.6880593756747029     
         362   8.6880593756747029     
         363   8.7099204024983390     
         364   8.7251933218360982     
         365   8.7133329079760422     
         366   8.6691179353259091     
         367   8.6691179353259091     
         368   8.6691179353259091     
         369   8.6963573810840646     
         370   8.6963573810840646     
         371   8.6752280449056638     
         372   8.7135938758857332     
         373   8.7135938758857332     
         374   8.7135938758857332     
         375   8.7248235504495781     
         376   8.7369831222847409     
         377   8.7543095355771658     
         378   8.7543095355771658     
         379   8.7118717557635108     
         380   8.7444893620713806     
         381   8.7444893620713806     
         382   8.7202925158745863     
         383   8.7289727109652304     
         384   8.7118906033969044     
         385   8.7118906033969044     
         386   8.7118906033969044     
         387   8.7118906033969044     
         388   8.7185771495206268     
         389   8.7013889852540238     
         390   8.7013889852540238     
         391   8.7408664161173490     
         392   8.7408664161173490     
         393   8.7211707003308856     
         394   8.7302922082510879     
         395   8.7208936070256691     
         396   8.7208936070256691     
         397   8.7208936070256691     
         398   8.7094343978653850     
         399   8.7094343978653850     
         400   8.7094343978653850     
         401   8.7094343978653850     
         402   8.7063098019935055     
         403   8.7063098019935055     
         404   8.7478090317132615     
         405   8.7478090317132615     
         406   8.7149035276845250     
         407   8.7336486085880356     
         408   8.7323644191898264     
         409   8.7530063890575871     
         410   8.7530063890575871     
         411   8.7530063890575871     
         412   8.7134076663417428     
         413   8.7134076663417428     
         414   8.6876803978337893     
         415   8.7414246669861448     
         416   8.7414246669861448     
         417   8.7376577741003647     
         418   8.7346296375463819     
         419   8.7583348818246378     
         420   8.7540801697371045     
         421   8.7055073220141210     
         422   8.7055073220141210     
         423   8.7055073220141210     
         424   8.7106228168523376     
         425   8.7106228168523376     
         426   8.6999593136942739     
         427   8.6772655446274261     
         428   8.6746672521373895     
         429   8.6346887229740581     
         430   8.6401119692660284     
         431   8.6401119692660284     
         432   8.6565577032312522     
         433   8.6414046155746895     
         434   8.6414046155746895     
         435   8.6414046155746895     
         436   8.6540784873308105     
         437   8.6604491086724629     
         438   8.7005181994758161     
         439   8.7167350308558404     
         440   8.6985256055521809     
         441   8.6985256055521809     
         442   8.6985256055521809     
         443   8.6638162226391842     
         444   8.6616480919623360     
         445   8.6616480919623360     
         446   8.6616480919623360     
         447   8.7096644182058771     
         448   8.7096644182058771     
         449   8.7096644182058771     
         450   8.7156027649734558     
         451   8.7159166451770727     
         452   8.7159166451770727     
         453   8.6881360345746366     
         454   8.6881360345746366     
         455   8.6881360345746366     
         456   8.7085039049151920     
         457   8.7167930786442405     
         458   8.7167930786442405     
         459   8.7556523420692400     
         460   8.7157826744088513     
         461   8.7157826744088513     
         462   8.7502410876411680     
         463   8.7502410876411680     
         464   8.7510389830450617     
         465   8.7510389830450617     
         466   8.7510389830450617     
         467   8.7372705764836187     
         468   8.7003235649676203     
         469   8.6638606528473669     
         470   8.7274316019319684     
         471   8.7274316019319684     
         472   8.7142468093168031     
         473   8.7084538227078596     
         474   8.6884431998708180     
         475   8.6811259614711833     
         476   8.7420340375354826     
         477   8.7177660100753407     
         478   8.7177660100753407     
         479   8.6987547941087726     
         480   8.7205130464519218     
         481   8.7205130464519218     
         482   8.6724641021185818     
         483   8.6634017971947745     
         484   8.6634017971947745     
         485   8.6972365089861796     
         486   8.6972365089861796     
         487   8.6927088966318831     
         488   8.6927088966318831     
         489   8.6788019346294796     
         490   8.6510622865366109     
         491   8.6687851964579661     
         492   8.6699674058324501     
         493   8.6699674058324501     
         494   8.6299384534226000     
         495   8.7131475227236983     
         496   8.7030811746469521     
         497   8.7030811746469521     
         498   8.6902566983713001     
         499   8.6902566983713001     
         500   8.6993557008278461     
         501   8.7146523827891968     
         502   8.7244334050196688     
         503   8.7251980190136518     
         504   8.7194720682809059     
         505   8.6826840778793422     
         506   8.6444726373076097     
         507   8.6503494920140280     
         508   8.6849315596288204     
         509   8.6849315596288204     
         510   8.6849315596288204     
         511   8.7028411618016932     
         512   8.7028411618016932     
         513   8.7028411618016932     
         514   8.7028411618016932     
         515   8.7235085163386632     
         516   8.7235085163386632     
         517   8.6975721637089993     
         518   8.7152810192855181     
         519   8.7152810192855181     
         520   8.7608101274008927     
         521   8.7608101274008927     
         522   8.7608299150096816     
         523   8.7680735985653833     
         524   8.7301598463241916     
         525   8.6949108145464375     
         526   8.6949108145464375     
         527   8.6949108145464375     
         528   8.7232300612704083     
         529   8.7154265874592305     
         530   8.7291866787298158     
         531   8.7692498239151266     
         532   8.7743461763463220     
         533   8.7318487264664224     
         534   8.7111848157064085     
         535   8.7111848157064085     
         536   8.7111848157064085     
         537   8.7381980123476470     
         538   8.7381980123476470     
         539   8.7659545451286558     
         540   8.7298505045008081     
         541   8.7256785309135765     
         542   8.7165238676523380     
         543   8.7048256099592258     
         544   8.7264757708302128     
         545   8.7300130529240825     
         546   8.7320462151711489     
         547   8.7320462151711489     
         548   8.7320462151711489     
         549   8.7611483310569547     
         550   8.7407534143083012     
         551   8.7448055501204482     
         552   8.7396027387215298     
         553   8.7396027387215298     
         554   8.6969660794156116     
         555   8.7422645009190543     
         556   8.7422645009190543     
         557   8.7422645009190543     
         558   8.7453389016921310     
         559   8.7453389016921310     
         560   8.7366425048021590     
         561   8.7683838212087899     
         562   8.7452272668688682     
         563   8.7452272668688682     
         564   8.7931668371255327     
         565   8.7451450143172735     
         566   8.7451450143172735     
         567   8.7239427688169489     
         568   8.7239427688169489     
         569   8.7307262788770181     
         570   8.7190777710445797     
         571   8.7190777710445797     
         572   8.7190777710445797     
         573   8.7190777710445797     
         574   8.7190777710445797     
         575   8.7064808499470718     
         576   8.6715835880106464     
         577   8.6715835880106464     
         578   8.6947945795144896     
         579   8.6947945795144896     
         580   8.7379793310617977     
         581   8.7379793310617977     
         582   8.7209477030342626     
         583   8.7100836984964420     
         584   8.6916267077685614     
         585   8.6916267077685614     
         586   8.7313720090155869     
         587   8.7313720090155869     
         588   8.7246764509851324     
         589   8.6947168759905509     
         590   8.6947168759905509     
         591   8.6947168759905509     
         592   8.7455215454775974     
         593   8.7521415973177845     
         594   8.7676113630547032     
         595   8.7676113630547032     
         596   8.7235664246475402     
         597   8.7235664246475402     
         598   8.7671687200144373     
         599   8.7671687200144373     
         600   8.7671687200144373     
         601   8.7786731964083220     
         602   8.7349690302404657     
         603   8.7736076491228321     
         604   8.7728034562436026     
         605   8.7728034562436026     
         606   8.8224619118081833     
         607   8.8224619118081833     
         608   8.8224619118081833     
         609   8.8013970623145177     
         610   8.7716274083159149     
         611   8.7969863541357292     
         612   8.7639018599318259     
         613   8.7639018599318259     
         614   8.7585886311819259     
         615   8.7585886311819259     
         616   8.7585886311819259     
         617   8.7608104483824789     
         618   8.7608104483824789     
         619   8.7365916973790316     
         620   8.7263037313829628     
         621   8.7263037313829628     
         622   8.7263037313829628     
         623   8.7263037313829628     
         624   8.7180080682317733     
         625   8.7568785429393330     
         626   8.7621545201576279     
         627   8.7901900457285063     
         628   8.7411621660576735     
         629   8.7411621660576735     
         630   8.7411621660576735     
         631   8.7224873888315759     
         632   8.7224873888315759     
         633   8.7485478011615179     
         634   8.7485478011615179     
         635   8.7672562627425492     
         636   8.7683576670258123     
         637   8.7942070968234933     
         638   8.7942070968234933     
         639   8.7644502843438001     
         640   8.7496821560618603     
         641   8.6965797989335041     
         642   8.6965797989335041     
         643   8.7041866025602701     
         644   8.7378045002108635     
         645   8.7727956879855906     
         646   8.7032266037521886     
         647   8.7032266037521886     
         648   8.7146592002320045     
         649   8.7652597229194207     
         650   8.7347707982984542     
         651   8.7347707982984542     
         652   8.7603255476386543     
         653   8.7146704298189270     
         654   8.7096211262252492     
         655   8.6888858664484925     
         656   8.6888858664484925     
         657   8.7390656487727210     
         658   8.7390656487727210     
         659   8.7390656487727210     
         660   8.7433137223205133     
         661   8.7004499230993666     
         662   8.7004499230993666     
         663   8.6938013921127766     
         664   8.6938013921127766     
         665   8.7106360853820846     
         666   8.7106360853820846     
         667   8.7639017265487151     
         668   8.7639017265487151     
         669   8.7367420204994559     
         670   8.7422375516647168     
         671   8.7553379133360991     
         672   8.7553379133360991     
         673   8.7234359803726225     
         674   8.7499451194897464     
         675   8.7830764687371801     
         676   8.7830764687371801     
         677   8.8081267263221896     
         678   8.8081267263221896     
         679   8.8081267263221896     
         680   8.7551094404869350     
         681   8.7951016442260936     
         682   8.7896410980648358     
         683   8.7849111681344496     
         684   8.7862437154887960     
         685   8.7897812716685415     
         686   8.7897812716685415     
         687   8.8083308849895978     
         688   8.8083308849895978     
         689   8.7635773584399441     
         690   8.8162753084960350     
         691   8.8162753084960350     
         692   8.8323963479564451     
         693   8.8323963479564451     
         694   8.8192572458066092     
         695   8.8026449234536308     
         696   8.7526999014431244     
         697   8.7561736968729331     
         698   8.7614912823604847     
         699   8.7494368477122926     
         700   8.7376985692340110     
         701   8.7348053748625230     
         702   8.7735214518622815     
         703   8.7379239105189281     
         704   8.7608509687301854     
         705   8.7180870446707530     
         706   8.7674693415416076     
         707   8.7687383005414326     
         708   8.7619268567710975     
         709   8.7287110442582048     
         710   8.7145766974053593     
         711   8.7280147840415712     
         712   8.7267081506073279     
         713   8.7301682450549336     
         714   8.7301682450549336     
         715   8.7775074194268026     
         716   8.7776636082552972     
         717   8.8089505855057553     
         718   8.7574029450807984     
         719   8.7816527806180442     
         720   8.7640011290504827     
         721   8.7640011290504827     
         722   8.7640011290504827     
         723   8.7855943877242684     
         724   8.7627167884763981     
         725   8.8001522425768197     
         726   8.7215311974731939     
         727   8.7344490965055641     
         728   8.7500276480735817     
         729   8.7104327534446586     
         730   8.7104327534446586     
         731   8.6954985268690361     
         732   8.7021894110448592     
         733   8.7021894110448592     
         734   8.7072295119402057     
         735   8.7636004980749060     
         736   8.7913822341736854     
         737   8.7593817033154444     
         738   8.7894300872658508     
         739   8.7704975383028181     
         740   8.7789693320058877     
         741   8.7473256435301998     
         742   8.7473256435301998     
         743   8.7672885388105755     
         744   8.7302963629252552     
         745   8.7973365292985015     
         746   8.7504779555616992     
         747   8.7641047681584912     
         748   8.7641047681584912     
         749   8.7449489172207322     
         750   8.7449489172207322     
         751   8.7449489172207322     
         752   8.7417852702478616     
         753   8.7417852702478616     
         754   8.7599878337650292     
         755   8.7431366129158068     
         756   8.7473167783160974     
         757   8.7473167783160974     
         758   8.7473167783160974     
         759   8.7473167783160974     
         760   8.7256685075663807     
         761   8.7574088326556971     
         762   8.7205302723676521     
         763   8.7820107904526594     
         764   8.7741029034935103     
         765   8.7275357660284545     
         766   8.7285839454084968     
         767   8.7255592029251545     
         768   8.7255592029251545     
         769   8.7370686702298475     
         770   8.7367661663390148     
         771   8.7367661663390148     
         772   8.6973367197215126     
         773   8.7388105505855762     
         774   8.7388105505855762     
         775   8.7559574811229375     
         776   8.7744655335407895     
         777   8.7891394083448233     
         778   8.7332180892568640     
         779   8.7625617383373733     
         780   8.7542446189856502     
         781   8.7442131419954130     
         782   8.7442131419954130     
         783   8.7018042741115860     
         784   8.7018042741115860     
         785   8.7018042741115860     
         786   8.7437755104039567     
         787   8.7437755104039567     
         788   8.7205865527809916     
         789   8.7460061163177603     
         790   8.7114530687741958     
         791   8.7035646846957953     
         792   8.7098092482813900     
         793   8.7098092482813900     
         794   8.6845758370789472     
         795   8.6845758370789472     
         796   8.7556741124983279     
         797   8.7556741124983279     
         798   8.7717653548984167     
         799   8.7717653548984167     
         800   8.7562327235778774     
         801   8.7257146103954568     
         802   8.7449443912086888     
         803   8.7449443912086888     
         804   8.7449443912086888     
         805   8.7449443912086888     
         806   8.7680079689749242     
         807   8.7680079689749242     
         808   8.7151049984628894     
         809   8.7151049984628894     
         810   8.7589051292730549     
         811   8.7589051292730549     
         812   8.7316643505998712     
         813   8.7316643505998712     
         814   8.6914069047550289     
         815   8.7179418931777040     
         816   8.7155417304213216     
         817   8.7377889115304548     
         818   8.6931479353011394     
         819   8.6931479353011394     
         820   8.7112143449737367     
         821   8.7112143449737367     
         822   8.7112143449737367     
         823   8.6966947128475134     
         824   8.6966947128475134     
         825   8.7156426469284387     
         826   8.7006877356304777     
         827   8.7401277230344547     
         828   8.7721469537733672     
         829   8.7721469537733672     
         830   8.7701956775622207     
         831   8.7550682658367744     
         832   8.7337141416997728     
         833   8.7706034032013402     
         834   8.7266789410205838     
         835   8.7409522268189477     
         836   8.7397308025941829     
         837   8.7436085017894882     
         838   8.7872213663215444     
         839   8.7814541644738213     
         840   8.7559358234224209     
         841   8.7190953740806911     
         842   8.7447916726039630     
         843   8.7447916726039630     
         844   8.7336971275618129     
         845   8.7336971275618129     
         846   8.7336971275618129     
         847   8.7017313725102650     
         848   8.7134051907222698     
         849   8.7158666495645889     
         850   8.7158666495645889     
         851   8.7158666495645889     
         852   8.7139322964509187     
         853   8.6767810932855163     
         854   8.7796676632428134     
         855   8.7380556100409237     
         856   8.7289743192696747     
         857   8.7410795913094059     
         858   8.7238002302034232     
         859   8.7271518198456697     
         860   8.7133929562655759     
         861   8.6820013293223930     
         862   8.7019041983749812     
         863   8.7230322912627933     
         864   8.7230322912627933     
         865   8.7306846884493829     
         866   8.7306846884493829     
         867   8.7306846884493829     
         868   8.7320319029266624     
         869   8.7320319029266624     
         870   8.7265683620134862     
         871   8.7010755769833175     
         872   8.6711365577028321     
         873   8.6578725658255493     
         874   8.6578725658255493     
         875   8.6578725658255493     
         876   8.6578725658255493     
         877   8.6682664975068811     
         878   8.6682664975068811     
         879   8.6960642357256575     
         880   8.6551581056086899     
         881   8.6984445627356166     
         882   8.6832809065132306     
         883   8.6960931718551340     
         884   8.7084079614560164     
         885   8.6865387398807137     
         886   8.6540877010201616     
         887   8.6486489326672800     
         888   8.6918284599532427     
         889   8.6989917365352483     
         890   8.6989917365352483     
         891   8.6989917365352483     
         892   8.7187957382096144     
         893   8.6932638490732081     
         894   8.7357472403204515     
         895   8.7250169843504572     
         896   8.7250169843504572     
         897   8.7250169843504572     
         898   8.7250169843504572     
         899   8.7039014912528465     
         900   8.7039014912528465     
         901   8.7845247216223896     
         902   8.7564136105965353     
         903   8.7564136105965353     
         904   8.7564136105965353     
         905   8.7527688403716812     
         906   8.7527688403716812     
         907   8.7527688403716812     
         908   8.7207443331169880     
         909   8.7337075152421395     
         910   8.7801281440957073     
         911   8.7474163347671539     
         912   8.7353539321938118     
         913   8.7353539321938118     
         914   8.7478042207015410     
         915   8.7739315766830366     
         916   8.7877166633338835     
         917   8.7399039832387597     
         918   8.7348706582690774     
         919   8.7142414102707839     
         920   8.7652054504694021     
         921   8.7652054504694021     
         922   8.7652054504694021     
         923   8.7171582253169095     
         924   8.7171582253169095     
         925   8.7171582253169095     
         926   8.7556627421200854     
         927   8.7556627421200854     
         928   8.7556627421200854     
         929   8.7556627421200854     
         930   8.7278465834294678     
         931   8.6957794863431950     
         932   8.6957794863431950     
         933   8.7201359809534864     
         934   8.6941872169446626     
         935   8.6941872169446626     
         936   8.7020821719022035     
         937   8.7390738894510651     
         938   8.7151081570225237     
         939   8.7151081570225237     
         940   8.7250932043356695     
         941   8.7250932043356695     
         942   8.7250932043356695     
         943   8.7141685249355607     
         944   8.7302076596344680     
         945   8.6939179109593177     
         946   8.6807999548854688     
         947   8.6807999548854688     
         948   8.6877161434033550     
         949   8.6877161434033550     
         950   8.6973873551529728     
         951   8.7014828250882950     
         952   8.6764085153889656     
         953   8.6835241200203725     
         954   8.6505355656803822     
         955   8.6854909361818802     
         956   8.6849120363580798     
         957   8.6740492681988535     
         958   8.6740492681988535     
         959   8.6625658885019572     
         960   8.6782172552878922     
         961   8.6782172552878922     
         962   8.6603458649119460     
         963   8.6603458649119460     
         964   8.6712600997425682     
         965   8.6412661460167737     
         966   8.6402646685833293     
         967   8.6818557683772752     
         968   8.6818557683772752     
         969   8.6906592642058360     
         970   8.6906592642058360     
         971   8.6906592642058360     
         972   8.6761004801771744     
         973   8.6618641414534334     
         974   8.6618641414534334     
         975   8.6994919523055927     
         976   8.6886516253267025     
         977   8.6914127451859180     
         978   8.6919619558286634     
         979   8.6919619558286634     
         980   8.6919619558286634     
         981   8.6919619558286634     
         982   8.6919619558286634     
         983   8.6784573630731003     
         984   8.6686473065183609     
         985   8.7222762337728295     
         986   8.7222762337728295     
         987   8.6834917742709266     
         988   8.6803286630105134     
         989   8.7018559811652914     
         990   8.6508254092346064     
         991   8.6508254092346064     
         992   8.6508254092346064     
         993   8.6850934527485322     
         994   8.7459665953579702     
         995   8.7639018600660261     
         996   8.7460803592722449     
         997   8.7253493675280733     
         998   8.7253493675280733     
         999   8.7253493675280733     
        1000   8.7253493675280733     
        1001   8.7188778858447371     
        1002   8.6685421702625192     
        1003   8.6685421702625192     
        1004   8.6973062431295869     
        1005   8.6880837934483566     
        1006   8.6938980404338331     
        1007   8.6731195574223960     
        1008   8.6731195574223960     
        1009   8.6791574445984203     
        1010   8.7020518739431942     
        1011   8.7020518739431942     
        1012   8.6778393519105510     
        1013   8.6727884228144294     
        1014   8.7035094232643946     
        1015   8.6517549792969213     
        1016   8.6517549792969213     
        1017   8.6517549792969213     
        1018   8.6518756887821393     
        1019   8.6976466687480549     
        1020   8.6661910134283620     
        1021   8.6661910134283620     
        1022   8.6830842230547862     
        1023   8.6343514627701943     
        1024   8.6196884715632205     
        1025   8.6533099652922765     
        1026   8.6295346767866459     
        1027   8.6881920051762336     
        1028   8.6955363217318293     
        1029   8.6655628822047674     
        1030   8.6655628822047674     
        1031   8.6655628822047674     
        1032   8.6655628822047674     
        1033   8.6193024941727199     
        1034   8.6412283799674174     
        1035   8.6412283799674174     
        1036   8.6392083999847742     
        1037   8.6392083999847742     
        1038   8.6468162606003833     
        1039   8.6468162606003833     
        1040   8.6468162606003833     
        1041   8.6450942875013723     
        1042   8.6966521695373000     
        1043   8.6762689120575196     
        1044   8.6762689120575196     
        1045   8.6762689120575196     
        1046   8.7053422655688006     
        1047   8.6898174376090971     
        1048   8.7100853567473528     
        1049   8.7100853567473528     
        1050   8.6866585877821336     
        1051   8.7440778125117529     
        1052   8.7440778125117529     
        1053   8.7262508739366176     
        1054   8.6762915402147840     
        1055   8.7065496776936140     
        1056   8.6876975915979102     
        1057   8.6876975915979102     
        1058   8.6876975915979102     
        1059   8.6876975915979102     
        1060   8.6845722123657954     
        1061   8.6845722123657954     
        1062   8.6702856084628355     
        1063   8.6593814945761185     
        1064   8.6593814945761185     
        1065   8.6577563338274093     
        1066   8.6585890702617387     
        1067   8.6625855951029518     
        1068   8.6625855951029518     
        1069   8.6916597002091098     
        1070   8.6916597002091098     
        1071   8.6905923080222323     
        1072   8.6721494606443130     
        1073   8.6825965416594393     
        1074   8.6825965416594393     
        1075   8.6825965416594393     
        1076   8.6825965416594393     
        1077   8.6786095280997202     
        1078   8.6541216257430165     
        1079   8.6541216257430165     
        1080   8.6541216257430165     
        1081   8.6541216257430165     
        1082   8.6476875167256235     
        1083   8.6142579166412094     
        1084   8.6169762642263628     
        1085   8.6444457588373975     
        1086   8.6213185444731550     
        1087   8.6858655365387705     
        1088   8.6978124199110276     
        1089   8.6978124199110276     
        1090   8.6576936933838127     
        1091   8.6842006149291127     
        1092   8.6842006149291127     
        1093   8.6842006149291127     
        1094   8.6595513067394752     
        1095   8.6595513067394752     
        1096   8.6595513067394752     
        1097   8.6799507253135708     
        1098   8.6799507253135708     
        1099   8.6763375655423989     
        1100   8.7044124203455588     
        1101   8.7044124203455588     
        1102   8.7293118010284303     
        1103   8.7040316101459450     
        1104   8.7040316101459450     
        1105   8.7040316101459450     
        1106   8.7040316101459450     
        1107   8.7040316101459450     
        1108   8.6851952706073572     
        1109   8.6297949691141582     
        1110   8.6702949969301599     
        1111   8.6987718243858208     
        1112   8.6661412618657803     
        1113   8.6601868042841481     
        1114   8.6601868042841481     
        1115   8.6601868042841481     
        1116   8.6601868042841481     
        1117   8.6812815211473957     
        1118   8.6316861599975461     
        1119   8.6638531316614156     
        1120   8.6638531316614156     
        1121   8.6604279442750158     
        1122   8.6866326463402785     
        1123   8.7088788478190651     
        1124   8.7054060953543875     
        1125   8.7054060953543875     
        1126   8.7054060953543875     
        1127   8.7039084559057081     
        1128   8.6580343401296194     
        1129   8.6580343401296194     
        1130   8.7145618265443314     
        1131   8.6575931546375369     
        1132   8.6605159338911157     
        1133   8.6551209996228806     
        1134   8.7141635179285384     
        1135   8.6810897394578301     
        1136   8.6935956525597113     
        1137   8.6935956525597113     
        1138   8.6935956525597113     
        1139   8.6842811599064262     
        1140   8.6697680904881640     
        1141   8.6697680904881640     
        1142   8.6697680904881640     
        1143   8.6697680904881640     
        1144   8.6919891111352587     
        1145   8.6723834785592580     
        1146   8.7089693825125405     
        1147   8.7089693825125405     
        1148   8.7554712534121126     
        1149   8.7514246549111743     
        1150   8.7036160680799881     
        1151   8.7389891140393861     
        1152   8.7594913537955321     
        1153   8.7594913537955321     
        1154   8.7452144543551462     
        1155   8.7452144543551462     
        1156   8.7452144543551462     
        1157   8.7452144543551462     
        1158   8.7452144543551462     
        1159   8.7117086033518962     
        1160   8.6852833599000867     
        1161   8.6852833599000867     
        1162   8.7194640023950161     
        1163   8.7194640023950161     
        1164   8.6760593945406832     
        1165   8.6760593945406832     
        1166   8.6826163133792402     
        1167   8.7137912817706447     
        1168   8.6821339434045584     
        1169   8.6739684472378151     
        1170   8.7034139570520210     
        1171   8.7188593322356169     
        1172   8.7173759856494506     
        1173   8.7173759856494506     
        1174   8.7173759856494506     
        1175   8.7111765903787646     
        1176   8.7138964542581672     
        1177   8.7138964542581672     
        1178   8.7121103084384526     
        1179   8.7121103084384526     
        1180   8.6918674824831008     
        1181   8.7132090768660806     
        1182   8.7221456756902516     
        1183   8.6712147273111082     
        1184   8.6994382501533085     
        1185   8.6987842027928188     
        1186   8.6987842027928188     
        1187   8.6987842027928188     
        1188   8.7239268338086013     
        1189   8.6729862279307284     
        1190   8.6607288868014720     
        1191   8.6965014183837130     
        1192   8.6965014183837130     
        1193   8.6949057394398679     
        1194   8.7033440281597159     
        1195   8.7033440281597159     
        1196   8.7306112353367986     
        1197   8.7306112353367986     
        1198   8.7306112353367986     
        1199   8.7520927957902028     
        1200   8.7520927957902028     
        1201   8.7429560409425289     
        1202   8.7628717963143732     
        1203   8.7172160545911126     
        1204   8.7172160545911126     
        1205   8.6878372902295347     
        1206   8.7231685663184795     
        1207   8.7253565582896044     
        1208   8.7375750162635555     
        1209   8.7375750162635555     
        1210   8.7375750162635555     
        1211   8.7375750162635555     
        1212   8.7047117520171522     
        1213   8.7623535172237581     
        1214   8.7530616548663112     
        1215   8.7365708931762995     
        1216   8.7723208922405078     
        1217   8.7723208922405078     
        1218   8.7210995945933778     
        1219   8.7210995945933778     
        1220   8.6667946852408022     
        1221   8.6987386463372118     
        1222   8.6987386463372118     
        1223   8.6987386463372118     
        1224   8.6967596439024106     
        1225   8.7115349986721089     
        1226   8.6977343236511171     
        1227   8.6475682338767168     
        1228   8.6483295806853420     
        1229   8.7578013737086557     
        1230   8.7229577250540498     
        1231   8.7229577250540498     
        1232   8.6703365782685324     
        1233   8.6703365782685324     
        1234   8.7125310527072539     
        1235   8.7049280640835534     
        1236   8.7049280640835534     
        1237   8.7049280640835534     
        1238   8.7049280640835534     
        1239   8.7049280640835534     
        1240   8.7010507588240120     
        1241   8.6742106443707367     
        1242   8.7270617555636214     
        1243   8.6679198470138914     
        1244   8.6679198470138914     
        1245   8.6679198470138914     
        1246   8.6679198470138914     
        1247   8.6832963464403310     
        1248   8.6832963464403310     
        1249   8.6832963464403310     
        1250   8.6832963464403310     
        1251   8.7251183267918382     
        1252   8.7251183267918382     
        1253   8.6658342398824040     
        1254   8.6623996547159283     
        1255   8.6625427177720518     
        1256   8.6841501440241071     
        1257   8.6950948492437483     
        1258   8.6950948492437483     
        1259   8.7087186619845056     
        1260   8.7015554641622206     
        1261   8.7015554641622206     
        1262   8.7015554641622206     
        1263   8.7344143032683146     
        1264   8.6943358988312518     
        1265   8.7131668809802640     
        1266   8.7468775507643244     
        1267   8.7063336434326573     
        1268   8.7438096160234178     
        1269   8.7356394546441454     
        1270   8.7120470404006767     
        1271   8.7120470404006767     
        1272   8.7120470404006767     
        1273   8.7120470404006767     
        1274   8.6938196927935163     
        1275   8.6878428429365329     
        1276   8.7346116795152007     
        1277   8.7200396617012146     
        1278   8.6961068335646630     
        1279   8.6961068335646630     
        1280   8.6961068335646630     
        1281   8.7033484922351523     
        1282   8.7033484922351523     
        1283   8.7155935524498709     
        1284   8.7108721257652704     
        1285   8.7108721257652704     
        1286   8.7140516117343232     
        1287   8.7140516117343232     
        1288   8.7274662352054637     
        1289   8.7190739772780557     
        1290   8.7248891427876192     
        1291   8.7248891427876192     
        1292   8.7524714794146998     
        1293   8.7524714794146998     
        1294   8.7027597918140245     
        1295   8.6731107696027898     
        1296   8.6645274892774342     
        1297   8.6645274892774342     
        1298   8.7041697234262099     
        1299   8.7041697234262099     
        1300   8.6814052234674239     
        1301   8.7200153206866613     
        1302   8.7200153206866613     
        1303   8.7474111416108666     
        1304   8.7291708349117094     
        1305   8.7291708349117094     
        1306   8.7291708349117094     
        1307   8.7391383707470123     
        1308   8.7391383707470123     
        1309   8.7761302247724640     
        1310   8.7423753951782217     
        1311   8.7423753951782217     
        1312   8.7423753951782217     
        1313   8.7366518083162870     
        1314   8.7366518083162870     
        1315   8.7366518083162870     
        1316   8.6747389212566635     
        1317   8.7037787922021685     
        1318   8.7037787922021685     
        1319   8.6972038086545389     
        1320   8.6972038086545389     
        1321   8.6560446187196689     
        1322   8.6560446187196689     
        1323   8.6560446187196689     
        1324   8.7138325748269150     
        1325   8.6780413280937321     
        1326   8.7310015235020106     
        1327   8.7310015235020106     
        1328   8.7310015235020106     
        1329   8.7352950842133019     
        1330   8.6988311216050942     
        1331   8.6988311216050942     
        1332   8.6769810121305326     
        1333   8.6769810121305326     
        1334   8.6836733336556389     
        1335   8.6836733336556389     
        1336   8.6836733336556389     
        1337   8.6836733336556389     
        1338   8.6836733336556389     
        1339   8.6836733336556389     
        1340   8.7001030899756664     
        1341   8.6968633679325471     
        1342   8.6992566263384070     
        1343   8.6992566263384070     
        1344   8.6992566263384070     
        1345   8.6992566263384070     
        1346   8.6961045545079809     
        1347   8.7018058560383498     
        1348   8.7028672168532832     
        1349   8.7028672168532832     
        1350   8.7028672168532832     
        1351   8.7334112164482356     
        1352   8.7334112164482356     
        1353   8.7334112164482356     
        1354   8.7323141797234403     
        1355   8.7323141797234403     
        1356   8.7107625165422675     
        1357   8.7103472758495197     
        1358   8.7103472758495197     
        1359   8.7103472758495197     
        1360   8.6921564061377783     
        1361   8.6921564061377783     
        1362   8.6816755264013885     
        1363   8.6816755264013885     
        1364   8.6662034300962638     
        1365   8.6835834644333456     
        1366   8.6907630072858062     
        1367   8.7191881025445959     
        1368   8.7191881025445959     
        1369   8.7527723031689906     
        1370   8.7226962976464986     
        1371   8.6910136010010817     
        1372   8.6968180572618579     
        1373   8.6968180572618579     
        1374   8.6835169821179257     
        1375   8.6835169821179257     
        1376   8.6835169821179257     
        1377   8.6894272295333419     
        1378   8.6894272295333419     
        1379   8.7062128514786519     
        1380   8.7312641444252694     
        1381   8.6692980004488351     
        1382   8.6692980004488351     
        1383   8.6692980004488351     
        1384   8.6567342065449377     
        1385   8.7306169050839166     
        1386   8.6885639825130685     
        1387   8.6885639825130685     
        1388   8.7294313616093522     
        1389   8.7511775670442553     
        1390   8.7010424798206394     
        1391   8.7010424798206394     
        1392   8.7391218893833393     
        1393   8.7391218893833393     
        1394   8.7183192663329763     
        1395   8.6933193717354609     
        1396   8.6923049367614595     
        1397   8.7306540339339556     
        1398   8.7306540339339556     
        1399   8.7306540339339556     
        1400   8.7027372981436617     
        1401   8.7027372981436617     
        1402   8.7459835331779292     
        1403   8.7078513769262678     
        1404   8.6886893112497567     
        1405   8.6886893112497567     
        1406   8.7410604477829246     
        1407   8.7410604477829246     
        1408   8.6863400677604705     
        1409   8.6863400677604705     
        1410   8.6871033759500325     
        1411   8.7760916333797407     
        1412   8.7745814562157936     
        1413   8.7745814562157936     
        1414   8.7377900420417749     
        1415   8.6905644405947093     
        1416   8.7475068482018621     
        1417   8.7475068482018621     
        1418   8.7253062706162297     
        1419   8.7253062706162297     
        1420   8.6864695145419422     
        1421   8.6781743797095743     
        1422   8.7153782130194770     
        1423   8.7384442101213509     
        1424   8.6849663610024610     
        1425   8.6796124467176341     
        1426   8.6624123883346549     
        1427   8.6883981086483235     
        1428   8.6883981086483235     
        1429   8.7204486503383905     
        1430   8.7283738311152010     
        1431   8.7242057638632300     
        1432   8.7360318307703935     
        1433   8.7824622499234124     
        1434   8.7824622499234124     
        1435   8.7890044950878252     
        1436   8.8096381965299368     
        1437   8.7256532445951773     
        1438   8.7678598735914548     
        1439   8.7678598735914548     
        1440   8.8212858516989545     
        1441   8.7520001806242291     
        1442   8.7520001806242291     
        1443   8.7407328533882005     
        1444   8.7195163367551345     
        1445   8.7195163367551345     
        1446   8.7195163367551345     
        1447   8.7195163367551345     
        1448   8.7195163367551345     
        1449   8.7088630087705390     
        1450   8.7088630087705390     
        1451   8.7088630087705390     
        1452   8.7242312179301251     
        1453   8.6861017809539529     
        1454   8.6730447194249525     
        1455   8.7156949043365231     
        1456   8.7156949043365231     
        1457   8.7156949043365231     
        1458   8.7156949043365231     
        1459   8.7008219096979218     
        1460   8.7210134700763664     
        1461   8.7107650022919412     
        1462   8.7107650022919412     
        1463   8.7339659129884613     
        1464   8.6869322805265288     
        1465   8.7311482206561255     
        1466   8.6834356694050605     
        1467   8.6834356694050605     
        1468   8.6834356694050605     
        1469   8.6834356694050605     
        1470   8.7277379457107038     
        1471   8.7277379457107038     
        1472   8.7277379457107038     
        1473   8.7277379457107038     
        1474   8.7443651651344521     
        1475   8.7716532975068606     
        1476   8.7727034349683191     
        1477   8.7813711721236754     
        1478   8.7813711721236754     
        1479   8.7915193175804500     
        1480   8.7547793227256943     
        1481   8.7476293662175681     
        1482   8.7765553722913179     
        1483   8.7521015406163620     
        1484   8.8052845946793461     
        1485   8.8052845946793461     
        1486   8.7802401237556822     
        1487   8.8413917327191101     
        1488   8.7840361830233338     
        1489   8.7840361830233338     
        1490   8.7470043573937915     
        1491   8.7508183392686423     
        1492   8.7508183392686423     
        1493   8.7767528978697076     
        1494   8.7767528978697076     
        1495   8.7767528978697076     
        1496   8.7184451974361252     
        1497   8.7365200379275834     
        1498   8.7365200379275834     
        1499   8.7639221738342528     
        1500   8.7762188921510091     
        1501   8.7762188921510091     
        1502   8.7762188921510091     
        1503   8.7839679066253353     
        1504   8.8103575671840808     
        1505   8.7883624178390161     
        1506   8.8048486190627280     
        1507   8.8048486190627280     
        1508   8.7701469123315299     
        1509   8.7701469123315299     
        1510   8.7701469123315299     
        1511   8.7997287401580735     
        1512   8.7926485264501366     
        1513   8.7926485264501366     
        1514   8.7866772580274635     
        1515   8.7437052242662894     
        1516   8.7826842724993757     
        1517   8.7259676775386836     
        1518   8.7387295879132658     
        1519   8.7387295879132658     
        1520   8.7178595609742437     
        1521   8.7402376862359912     
        1522   8.7625183364128709     
        1523   8.7625183364128709     
        1524   8.7625183364128709     
        1525   8.7625183364128709     
        1526   8.7625183364128709     
        1527   8.7499306175626863     
        1528   8.7404322190775634     
        1529   8.7404322190775634     
        1530   8.7518760055884766     
        1531   8.7949034089788967     
        1532   8.7386877462596200     
        1533   8.7925384871334060     
        1534   8.7925384871334060     
        1535   8.7436061129278162     
        1536   8.7436061129278162     
        1537   8.7420740709196831     
        1538   8.7420740709196831     
        1539   8.7843559303051553     
        1540   8.7526075258789309     
        1541   8.7526075258789309     
        1542   8.7526075258789309     
        1543   8.6952360023537931     
        1544   8.7395445417762652     
        1545   8.7395445417762652     
        1546   8.7396166171429357     
        1547   8.7396166171429357     
        1548   8.7669994711357067     
        1549   8.7435289615497762     
        1550   8.7331295972467462     
        1551   8.7331295972467462     
        1552   8.7331295972467462     
        1553   8.7111958877592102     
        1554   8.7180177636181302     
        1555   8.7180177636181302     
        1556   8.7659520702779599     
        1557   8.7386998517104253     
        1558   8.7386998517104253     
        1559   8.7796488665501187     
        1560   8.7434289095344155     
        1561   8.7434289095344155     
        1562   8.7686648826015308     
        1563   8.7167760269221422     
        1564   8.7167760269221422     
        1565   8.7131547614889513     
        1566   8.7408419855101034     
        1567   8.7374621968253816     
        1568   8.7581389175260824     
        1569   8.7489495889464592     
        1570   8.7489495889464592     
        1571   8.7474762416501672     
        1572   8.7759717261109582     
        1573   8.7759717261109582     
        1574   8.7444862062418949     
        1575   8.6931010277029763     
        1576   8.7018841885246356     
        1577   8.7411309603331251     
        1578   8.7605326485283008     
        1579   8.7605326485283008     
        1580   8.7450719533728787     
        1581   8.7450719533728787     
        1582   8.7450719533728787     
        1583   8.7082826818401688     
        1584   8.6956124616375980     
        1585   8.7053423521870847     
        1586   8.7307639078520136     
        1587   8.7240735279675636     
        1588   8.7344300522146341     
        1589   8.7519679488956719     
        1590   8.7423162784324848     
        1591   8.7524047251227248     
        1592   8.7524047251227248     
        1593   8.7223290753748746     
        1594   8.7215533806390848     
        1595   8.6625344098024701     
        1596   8.6625344098024701     
        1597   8.6964703394002782     
        1598   8.6964703394002782     
        1599   8.6964703394002782     
        1600   8.6964703394002782     
        1601   8.6964703394002782     
        1602   8.7241917585400053     
        1603   8.7241917585400053     
        1604   8.7241917585400053     
        1605   8.7440100819575548     
        1606   8.6886914404309188     
        1607   8.6886914404309188     
        1608   8.7053734420442854     
        1609   8.6843570030121331     
        1610   8.6843570030121331     
        1611   8.6973040701305671     
        1612   8.6973040701305671     
        1613   8.6973040701305671     
        1614   8.6973040701305671     
        1615   8.6375390134339867     
        1616   8.6442477559216773     
        1617   8.6741479924237677     
        1618   8.6634964834939296     
        1619   8.6789239582428888     
        1620   8.6789239582428888     
        1621   8.6778417740773843     
        1622   8.6778417740773843     
        1623   8.7052133574362323     
        1624   8.7035090303276039     
        1625   8.7035090303276039     
        1626   8.7035090303276039     
        1627   8.7058133319679669     
        1628   8.7058133319679669     
        1629   8.7058133319679669     
        1630   8.7058133319679669     
        1631   8.7058133319679669     
        1632   8.6871740585627162     
        1633   8.6766288558304083     
        1634   8.6766288558304083     
        1635   8.6837996236567836     
        1636   8.6421556090975038     
        1637   8.6914372426624880     
        1638   8.7380651052825318     
        1639   8.6993871419809157     
        1640   8.7237792695333116     
        1641   8.7237792695333116     
        1642   8.7127670182970913     
        1643   8.6888653849619146     
        1644   8.6989561127973296     
        1645   8.7233533133931047     
        1646   8.7233533133931047     
        1647   8.7233533133931047     
        1648   8.7233533133931047     
        1649   8.7364769685235721     
        1650   8.7364769685235721     
        1651   8.7587549881050943     
        1652   8.7587549881050943     
        1653   8.7251932663851353     
        1654   8.7658243086212586     
        1655   8.7804330983214811     
        1656   8.7554818337939242     
        1657   8.7467428546320551     
        1658   8.7197233429677397     
        1659   8.7197233429677397     
        1660   8.6973457713567175     
        1661   8.6973457713567175     
        1662   8.6973457713567175     
        1663   8.6973457713567175     
        1664   8.6842781651778740     
        1665   8.7319291323183492     
        1666   8.7319291323183492     
        1667   8.7319291323183492     
        1668   8.7545972432466215     
        1669   8.7490923555517366     
        1670   8.7490923555517366     
        1671   8.7302224301768110     
        1672   8.7387725531000626     
        1673   8.7387725531000626     
        1674   8.7387725531000626     
        1675   8.7146729571897339     
        1676   8.7164184175524664     
        1677   8.7164184175524664     
        1678   8.7164184175524664     
        1679   8.7164184175524664     
        1680   8.7164184175524664     
        1681   8.7418353035718805     
        1682   8.7373013483541797     
        1683   8.7373013483541797     
        1684   8.7373013483541797     
        1685   8.7377796039017852     
        1686   8.7377796039017852     
        1687   8.7523403244497349     
        1688   8.7251529117796629     
        1689   8.7251529117796629     
        1690   8.7251529117796629     
        1691   8.7251529117796629     
        1692   8.7140694735705004     
        1693   8.7140694735705004     
        1694   8.7573157385636282     
        1695   8.7566602512890235     
        1696   8.7566711894819047     
        1697   8.7255689338971436     
        1698   8.7255689338971436     
        1699   8.7170358998770432     
        1700   8.6931099256174598     
        1701   8.7077355299723251     
        1702   8.7032794611648328     
        1703   8.6835944916207612     
        1704   8.6835944916207612     
        1705   8.6903890604441418     
        1706   8.7118527536504899     
        1707   8.7505620571571701     
        1708   8.7505620571571701     
        1709   8.7362617287212672     
        1710   8.7359737788818297     
        1711   8.7069310246840779     
        1712   8.7069310246840779     
        1713   8.7392845400448564     
        1714   8.7392845400448564     
        1715   8.7532906008738429     
        1716   8.7132319871159662     
        1717   8.7132319871159662     
        1718   8.7041087931598415     
        1719   8.7369693938611519     
        1720   8.7369693938611519     
        1721   8.7369693938611519     
        1722   8.7321374151554387     
        1723   8.7321374151554387     
        1724   8.7192574452113973     
        1725   8.7225961882154870     
        1726   8.7471773028533661     
        1727   8.7484703812685982     
        1728   8.7357495280965196     
        1729   8.7357495280965196     
        1730   8.7456634666914006     
        1731   8.7795832390344870     
        1732   8.7795832390344870     
        1733   8.7875386858756865     
        1734   8.7365226305503150     
        1735   8.7936457421884402     
        1736   8.7575104985580250     
        1737   8.7924507410276878     
        1738   8.7730331070600442     
        1739   8.7313513002849028     
        1740   8.7370868216203164     
        1741   8.7370868216203164     
        1742   8.7370868216203164     
        1743   8.7233484562101040     
        1744   8.7202497233905500     
        1745   8.7012109798668718     
        1746   8.7315936325219834     
        1747   8.7362031541826255     
        1748   8.7451892295956579     
        1749   8.7099728017488101     
        1750   8.7159897215626998     
        1751   8.7395191959907734     
        1752   8.7346527646770014     
        1753   8.7346527646770014     
        1754   8.7327051549104464     
        1755   8.7327051549104464     
        1756   8.7472390032675769     
        1757   8.7472390032675769     
        1758   8.7186560189985300     
        1759   8.6979479566449367     
        1760   8.7431254598771950     
        1761   8.7213379502426864     
        1762   8.7213379502426864     
        1763   8.7440017020116017     
        1764   8.7170599396798458     
        1765   8.7170599396798458     
        1766   8.7537590730132901     
        1767   8.7466509852665819     
        1768   8.7532319004240868     
        1769   8.7169910077438004     
        1770   8.7228614804533109     
        1771   8.7327859845393725     
        1772   8.7171904011077430     
        1773   8.7268967848585515     
        1774   8.7268967848585515     
        1775   8.7292358240773833     
        1776   8.7408152169002733     
        1777   8.7280858295524162     
        1778   8.7370970769168270     
        1779   8.7370970769168270     
        1780   8.7556552675684678     
        1781   8.7556552675684678     
        1782   8.7518956177488629     
        1783   8.7520889166029523     
        1784   8.7520889166029523     
        1785   8.7574692212551977     
        1786   8.7083178518511630     
        1787   8.7230432462694569     
        1788   8.7230432462694569     
        1789   8.7284213603239849     
        1790   8.7284213603239849     
        1791   8.7081410030095547     
        1792   8.7565410754369388     
        1793   8.7565410754369388     
        1794   8.7565410754369388     
        1795   8.7565410754369388     
        1796   8.7348304156223779     
        1797   8.7348304156223779     
        1798   8.7348304156223779     
        1799   8.7698655784878099     
        1800   8.7582034328143834     
        1801   8.7582034328143834     
        1802   8.7023820383771362     
        1803   8.7023820383771362     
        1804   8.7057023734818184     
        1805   8.7057023734818184     
        1806   8.7057023734818184     
        1807   8.7057023734818184     
        1808   8.7273797100864634     
        1809   8.7589848780156281     
        1810   8.7589848780156281     
        1811   8.7589848780156281     
        1812   8.7783492254016799     
        1813   8.7293868323424455     
        1814   8.7646694574070185     
        1815   8.7658221707324184     
        1816   8.7658221707324184     
        1817   8.7658221707324184     
        1818   8.7778486030205958     
        1819   8.7849513825184129     
        1820   8.7849513825184129     
        1821   8.7461837177027792     
        1822   8.7936532215619341     
        1823   8.8114829194460516     
        1824   8.7999142749006349     
        1825   8.7999142749006349     
        1826   8.7969869636044233     
        1827   8.7969869636044233     
        1828   8.7988707477075270     
        1829   8.8170176583849553     
        1830   8.8170176583849553     
        1831   8.7927208249321538     
        1832   8.7346892044452389     
        1833   8.7396760888221721     
        1834   8.7708649459058261     
        1835   8.7614000868479014     
        1836   8.7544149822360193     
        1837   8.7544149822360193     
        1838   8.7544149822360193     
        1839   8.7444365119640857     
        1840   8.7493003080841643     
        1841   8.7730707840393141     
        1842   8.7730707840393141     
        1843   8.7435389195341759     
        1844   8.7435389195341759     
        1845   8.7239120262129983     
        1846   8.7239120262129983     
        1847   8.7316878889118446     
        1848   8.7688826027174169     
        1849   8.7688826027174169     
        1850   8.7498775740364270     
        1851   8.7574121088870669     
        1852   8.7492627899491993     
        1853   8.7492627899491993     
        1854   8.7362818722078099     
        1855   8.7366410393289051     
        1856   8.7366410393289051     
        1857   8.7732036651879142     
        1858   8.7918682940917563     
        1859   8.7918682940917563     
        1860   8.7902375513388318     
        1861   8.7902375513388318     
        1862   8.7593397150590881     
        1863   8.7593397150590881     
        1864   8.7576500758827649     
        1865   8.7576500758827649     
        1866   8.7576500758827649     
        1867   8.7015605598486587     
        1868   8.6789639218200190     
        1869   8.6932093944608990     
        1870   8.6864824169072552     
        1871   8.6842696249746218     
        1872   8.6830431635512415     
        1873   8.7150126364921867     
        1874   8.7088735607475964     
        1875   8.7201573969833035     
        1876   8.7132709179754002     
        1877   8.6947089728896856     
        1878   8.6947089728896856     
        1879   8.7454996575326334     
        1880   8.7025149619942699     
        1881   8.7025149619942699     
        1882   8.7025149619942699     
        1883   8.7025149619942699     
        1884   8.6938280750492485     
        1885   8.6938280750492485     
        1886   8.6938280750492485     
        1887   8.7311769006097606     
        1888   8.7338523463786757     
        1889   8.7297506558513600     
        1890   8.7297506558513600     
        1891   8.7168291790131232     
        1892   8.7252646955042561     
        1893   8.7774600883479721     
        1894   8.7774600883479721     
        1895   8.7774600883479721     
        1896   8.7363028924256412     
        1897   8.7363028924256412     
        1898   8.7558509827878623     
        1899   8.7524946230775473     
        1900   8.7524946230775473     
        1901   8.7524946230775473     
        1902   8.7524946230775473     
        1903   8.7320159258399368     
        1904   8.7320159258399368     
        1905   8.7320159258399368     
        1906   8.7425782280328281     
        1907   8.7184129857711934     
        1908   8.7184129857711934     
        1909   8.7184129857711934     
        1910   8.7184129857711934     
        1911   8.7184129857711934     
        1912   8.7184129857711934     
        1913   8.7187630716367668     
        1914   8.7287473681235266     
        1915   8.7287473681235266     
        1916   8.7287473681235266     
        1917   8.7197896141385627     
        1918   8.7197896141385627     
        1919   8.7617466120831509     
        1920   8.7617466120831509     
        1921   8.7617466120831509     
        1922   8.7617466120831509     
        1923   8.7617466120831509     
        1924   8.7988263038648196     
        1925   8.7988263038648196     
        1926   8.7654969310729651     
        1927   8.7924831218436381     
        1928   8.7545134160701785     
        1929   8.7911773448202464     
        1930   8.7911773448202464     
        1931   8.7517824733442318     
        1932   8.7546194796246901     
        1933   8.7416888459586719     
        1934   8.7816221209437870     
        1935   8.7516996099120821     
        1936   8.7824067473208487     
        1937   8.7892365028097021     
        1938   8.7892365028097021     
        1939   8.7892365028097021     
        1940   8.7507047521178905     
        1941   8.7388403087797784     
        1942   8.7327898136030822     
        1943   8.7421739456195322     
        1944   8.7421739456195322     
        1945   8.7592702514709853     
        1946   8.7484619420411605     
        1947   8.7484619420411605     
        1948   8.7484619420411605     
        1949   8.7484619420411605     
        1950   8.7484619420411605     
        1951   8.7296681536916836     
        1952   8.7591173847151982     
        1953   8.6990287884609838     
        1954   8.6990295791463232     
        1955   8.7342224552770098     
        1956   8.7342224552770098     
        1957   8.6839438464691217     
        1958   8.6826637449507356     
        1959   8.7155275953101530     
        1960   8.7155275953101530     
        1961   8.7040553974584185     
        1962   8.7632747931689128     
        1963   8.7546106788900673     
        1964   8.7037663374332492     
        1965   8.7141379631730871     
        1966   8.7141379631730871     
        1967   8.7460686003740626     
        1968   8.7584660301907284     
        1969   8.7799130470530855     
        1970   8.7321591520095865     
        1971   8.7868206236930444     
        1972   8.7728630907283165     
        1973   8.7496652008141957     
        1974   8.7480342775049138     
        1975   8.7293208703426721     
        1976   8.7293208703426721     
        1977   8.7293208703426721     
        1978   8.7520334518832499     
        1979   8.7520334518832499     
        1980   8.7427333826014859     
        1981   8.7427333826014859     
        1982   8.7550708171680771     
        1983   8.7550708171680771     
        1984   8.7783969743181522     
        1985   8.7639013689162208     
        1986   8.7579883046553935     
        1987   8.7579883046553935     
        1988   8.7176112133423747     
        1989   8.7095974992265290     
        1990   8.7669784414382619     
        1991   8.7641678676416745     
        1992   8.6929938235499318     
        1993   8.7246556354975233     
        1994   8.7246556354975233     
        1995   8.7354963167651363     
        1996   8.7720327600460983     
        1997   8.7720327600460983     
        1998   8.7512701427003705     
        1999   8.7512701427003705     
        2000   8.7512701427003705     
