 SAMPLE,  BOXLENGTH
           1   8.3300381771869070     
           2   8.3046252226579842     
           3   8.3046252226579842     
           4   8.3046252226579842     
           5   8.3325255584057469     
           6   8.3329302301376380     
           7   8.3184113826890460     
           8   8.3184113826890460     
           9   8.3198507045782577     
          10   8.3642242072437369     
          11   8.3348723711110733     
          12   8.3388675344714667     
          13   8.3415484346916777     
          14   8.3415484346916777     
          15   8.3553604281297904     
          16   8.3674606563620539     
          17   8.3658792050683584     
          18   8.3449896747600718     
          19   8.3382087704829377     
          20   8.3056907094423167     
          21   8.3113712338618040     
          22   8.3341606249923075     
          23   8.3471304950311573     
          24   8.3272015365617076     
          25   8.3368215481321570     
          26   8.3368215481321570     
          27   8.3368215481321570     
          28   8.3368215481321570     
          29   8.3368215481321570     
          30   8.3368215481321570     
          31   8.3368215481321570     
          32   8.3368215481321570     
          33   8.3368215481321570     
          34   8.3485764518371059     
          35   8.3386580517335638     
          36   8.3191616648951339     
          37   8.3128693391961708     
          38   8.3472446843648367     
          39   8.3472446843648367     
          40   8.3257887290377255     
          41   8.3288681029178484     
          42   8.3288681029178484     
          43   8.3288681029178484     
          44   8.3105523676134663     
          45   8.3424642914529592     
          46   8.3660117811539063     
          47   8.3683594151697225     
          48   8.3683594151697225     
          49   8.3508827129444949     
          50   8.3508827129444949     
          51   8.3643619148731005     
          52   8.3653282909948317     
          53   8.3653282909948317     
          54   8.3596703832625234     
          55   8.3720556367891295     
          56   8.3720556367891295     
          57   8.3414733871050313     
          58   8.3414733871050313     
          59   8.3480966569469164     
          60   8.3657956945846124     
          61   8.3426696178208726     
          62   8.3353897733824986     
          63   8.3353897733824986     
          64   8.3353897733824986     
          65   8.3742979001697808     
          66   8.3742979001697808     
          67   8.3098776566844013     
          68   8.3326664741427212     
          69   8.3326664741427212     
          70   8.3277922087544898     
          71   8.3231790894147117     
          72   8.3231790894147117     
          73   8.3322485007968830     
          74   8.3394058073040771     
          75   8.3672242455927357     
          76   8.3672242455927357     
          77   8.3434656591370633     
          78   8.3211293537610782     
          79   8.3211293537610782     
          80   8.3211293537610782     
          81   8.3211293537610782     
          82   8.3086311924143832     
          83   8.3143169344662500     
          84   8.3328967902859663     
          85   8.3193993430775102     
          86   8.3358950931890963     
          87   8.3310288058993276     
          88   8.3310288058993276     
          89   8.3283976622598743     
          90   8.3279878301495263     
          91   8.3147156899825401     
          92   8.3223341822356129     
          93   8.3287279258993205     
          94   8.3140494998447227     
          95   8.3289936963809623     
          96   8.3244163853882451     
          97   8.3229002972922981     
          98   8.3229002972922981     
          99   8.3521323686211240     
         100   8.3523736680382541     
         101   8.3523736680382541     
         102   8.3324058487032620     
         103   8.3431866477633694     
         104   8.3431866477633694     
         105   8.3431866477633694     
         106   8.3320531577559382     
         107   8.3043029745991994     
         108   8.3147684791131553     
         109   8.3492112291731804     
         110   8.3575962782518118     
         111   8.3375463175665434     
         112   8.3375463175665434     
         113   8.3352762167118755     
         114   8.3352762167118755     
         115   8.3411406239379513     
         116   8.3116202550375320     
         117   8.3154518578250922     
         118   8.3154518578250922     
         119   8.3379741359762445     
         120   8.3379741359762445     
         121   8.3379741359762445     
         122   8.3379741359762445     
         123   8.3553315429439348     
         124   8.3563661711216852     
         125   8.3680954199370241     
         126   8.3482260517949154     
         127   8.3861508454891691     
         128   8.3791934623986677     
         129   8.3883012887366579     
         130   8.3841544454140031     
         131   8.3417139135056519     
         132   8.3335852526931173     
         133   8.3365245952918130     
         134   8.3695274688727661     
         135   8.3695274688727661     
         136   8.3453533787478680     
         137   8.3819744482167344     
         138   8.3427384799899524     
         139   8.3427384799899524     
         140   8.3427384799899524     
         141   8.3302600978255512     
         142   8.3302600978255512     
         143   8.3302600978255512     
         144   8.3267995701432724     
         145   8.3427948100433564     
         146   8.3131214163522049     
         147   8.3363710272474449     
         148   8.3830254210021575     
         149   8.3830254210021575     
         150   8.3830254210021575     
         151   8.3830254210021575     
         152   8.3702020599209117     
         153   8.3492989333427801     
         154   8.3441784039696163     
         155   8.3441784039696163     
         156   8.3200526056425410     
         157   8.3384781832798804     
         158   8.3384781832798804     
         159   8.3384781832798804     
         160   8.3348671174129834     
         161   8.3348671174129834     
         162   8.3241343593077435     
         163   8.3241343593077435     
         164   8.3373655661651238     
         165   8.3262227910810207     
         166   8.3262227910810207     
         167   8.2849486249039419     
         168   8.2849486249039419     
         169   8.2807521120059473     
         170   8.2985246603168630     
         171   8.2896352935354312     
         172   8.2896352935354312     
         173   8.3021743208424272     
         174   8.2909704923383956     
         175   8.2909704923383956     
         176   8.2934920517296007     
         177   8.2542789989448799     
         178   8.2542789989448799     
         179   8.2737752267426394     
         180   8.2737752267426394     
         181   8.2856692357571173     
         182   8.2856692357571173     
         183   8.2702226519725688     
         184   8.2702226519725688     
         185   8.2758568558580023     
         186   8.3097720756403213     
         187   8.3005945822119411     
         188   8.2976601506913141     
         189   8.2976601506913141     
         190   8.3092061757908127     
         191   8.2942626654583798     
         192   8.2942626654583798     
         193   8.2997151673584373     
         194   8.2825211840845512     
         195   8.2665508269892740     
         196   8.2665508269892740     
         197   8.2665508269892740     
         198   8.2958075984870376     
         199   8.2958075984870376     
         200   8.3023107252535482     
         201   8.2981359284654275     
         202   8.2981359284654275     
         203   8.2981359284654275     
         204   8.2981359284654275     
         205   8.2981359284654275     
         206   8.2981359284654275     
         207   8.3075451583813180     
         208   8.3075451583813180     
         209   8.2962053831086564     
         210   8.2875090803375375     
         211   8.2875090803375375     
         212   8.3088196319160659     
         213   8.3146160666934339     
         214   8.3405357004502694     
         215   8.3338791334488516     
         216   8.3520815187423096     
         217   8.3412253370914282     
         218   8.3412253370914282     
         219   8.3265286517860435     
         220   8.3193252727866707     
         221   8.3193252727866707     
         222   8.3193252727866707     
         223   8.3193252727866707     
         224   8.3193252727866707     
         225   8.3443418409194567     
         226   8.3287738279933041     
         227   8.3287738279933041     
         228   8.3091876379244329     
         229   8.3091876379244329     
         230   8.3029329229433007     
         231   8.3013922967182303     
         232   8.3013922967182303     
         233   8.3448660063401636     
         234   8.3092690966934235     
         235   8.3293242088192265     
         236   8.3391281364417953     
         237   8.3391281364417953     
         238   8.3391281364417953     
         239   8.3391281364417953     
         240   8.3391281364417953     
         241   8.3575783868774778     
         242   8.3575783868774778     
         243   8.3128927211942027     
         244   8.3187516705424347     
         245   8.3187516705424347     
         246   8.3571699995027497     
         247   8.3268027939796170     
         248   8.3268027939796170     
         249   8.3396399089168884     
         250   8.3169932100857249     
         251   8.3308115450080500     
         252   8.3116034642617169     
         253   8.3329485575725855     
         254   8.3329485575725855     
         255   8.3301704527943254     
         256   8.3088994568697583     
         257   8.3176058702637974     
         258   8.3176058702637974     
         259   8.3597646015190108     
         260   8.3524798919618721     
         261   8.3577284351620946     
         262   8.3977336553074675     
         263   8.3977336553074675     
         264   8.3569786860311570     
         265   8.3395564217162512     
         266   8.3395564217162512     
         267   8.3265066559455061     
         268   8.3230316526902257     
         269   8.3402901402851963     
         270   8.3402901402851963     
         271   8.3447756775532529     
         272   8.3166929250781667     
         273   8.3166929250781667     
         274   8.3166929250781667     
         275   8.3136144092240443     
         276   8.3704301537584023     
         277   8.3273078242146337     
         278   8.3472639180839501     
         279   8.3472639180839501     
         280   8.3493586996072384     
         281   8.3552380760803810     
         282   8.3779485068311867     
         283   8.3387637089298483     
         284   8.3687299041792791     
         285   8.3293839076706497     
         286   8.3293839076706497     
         287   8.3468469237999017     
         288   8.3451376904175145     
         289   8.3638714152395686     
         290   8.3638714152395686     
         291   8.3400551405652994     
         292   8.3449133578010670     
         293   8.3369275409061743     
         294   8.3438413801342097     
         295   8.3126787729508180     
         296   8.3016311824825326     
         297   8.3016311824825326     
         298   8.3415279857144693     
         299   8.3252244350653815     
         300   8.3114483979497962     
         301   8.3256170170154693     
         302   8.3256170170154693     
         303   8.3414424418404582     
         304   8.3352952083596978     
         305   8.3352952083596978     
         306   8.3352952083596978     
         307   8.3673501037274285     
         308   8.3407343287304911     
         309   8.3407343287304911     
         310   8.3182059220264168     
         311   8.3254650595898685     
         312   8.3254650595898685     
         313   8.3254650595898685     
         314   8.3230292537304713     
         315   8.3189821132475910     
         316   8.3164255371277171     
         317   8.3164255371277171     
         318   8.3164255371277171     
         319   8.3192410053579096     
         320   8.2904183915907073     
         321   8.3296847387756241     
         322   8.3296847387756241     
         323   8.3205462649333573     
         324   8.3180463796030821     
         325   8.3421127608130590     
         326   8.3335803886428703     
         327   8.3335803886428703     
         328   8.3335803886428703     
         329   8.3039983532198960     
         330   8.3039983532198960     
         331   8.3039983532198960     
         332   8.3039983532198960     
         333   8.3354790664255809     
         334   8.3354790664255809     
         335   8.3354790664255809     
         336   8.3472433786345732     
         337   8.3475595547924524     
         338   8.3573691305729625     
         339   8.3262024057703634     
         340   8.3220283644933986     
         341   8.3273456368491008     
         342   8.3343346621468495     
         343   8.3283370909028047     
         344   8.3000135761700147     
         345   8.3000135761700147     
         346   8.3357352310615251     
         347   8.3336641089210488     
         348   8.3336641089210488     
         349   8.3246559832833320     
         350   8.3179678118041167     
         351   8.3514529013458336     
         352   8.3514529013458336     
         353   8.3431461070092947     
         354   8.3272326335683342     
         355   8.3272326335683342     
         356   8.3272326335683342     
         357   8.3272326335683342     
         358   8.3525630657872814     
         359   8.3095877210023019     
         360   8.3295374788179775     
         361   8.3525573739683452     
         362   8.3407889299747620     
         363   8.3455107227261962     
         364   8.3455107227261962     
         365   8.3355741094579177     
         366   8.3185051425448044     
         367   8.3223829509567633     
         368   8.3191211547291708     
         369   8.3156449096403051     
         370   8.3296963360631615     
         371   8.3296963360631615     
         372   8.3296963360631615     
         373   8.2892063511730143     
         374   8.2892063511730143     
         375   8.2972837318041837     
         376   8.2972837318041837     
         377   8.3415839993151923     
         378   8.3200717026932072     
         379   8.3221700844871869     
         380   8.2808186993987665     
         381   8.2874081490846514     
         382   8.2874081490846514     
         383   8.3379048801216697     
         384   8.3379048801216697     
         385   8.3231873891332775     
         386   8.3616007715076819     
         387   8.2852892397109486     
         388   8.2852892397109486     
         389   8.2852892397109486     
         390   8.2866286275377661     
         391   8.3079538156976760     
         392   8.3322336399972254     
         393   8.2950760656367599     
         394   8.3369967042178583     
         395   8.3167919038837450     
         396   8.3371945592433327     
         397   8.3444025648257902     
         398   8.3486662439428496     
         399   8.3521500898731151     
         400   8.3112542874622655     
         401   8.3252098147179190     
         402   8.3252098147179190     
         403   8.2848187478944304     
         404   8.3041492771003309     
         405   8.3423373497847262     
         406   8.3261221018323095     
         407   8.3353249390776618     
         408   8.3353249390776618     
         409   8.3651764306268106     
         410   8.3651764306268106     
         411   8.3464556881146041     
         412   8.3225220635019923     
         413   8.3225220635019923     
         414   8.3225220635019923     
         415   8.3166319736113845     
         416   8.3559782091957882     
         417   8.3559782091957882     
         418   8.3439314688833690     
         419   8.3382807778517876     
         420   8.3382807778517876     
         421   8.3461533160222778     
         422   8.3461533160222778     
         423   8.3461533160222778     
         424   8.3479742588724655     
         425   8.3615705102104076     
         426   8.3472772852122432     
         427   8.3472772852122432     
         428   8.3907041512510840     
         429   8.3648234519996318     
         430   8.3648234519996318     
         431   8.3469638747669652     
         432   8.3516474711447533     
         433   8.3759821156359191     
         434   8.3709274315955007     
         435   8.3709274315955007     
         436   8.3709274315955007     
         437   8.3326231806158759     
         438   8.3326231806158759     
         439   8.3334749170450610     
         440   8.3334749170450610     
         441   8.3505539211571094     
         442   8.3389977071182475     
         443   8.3709886054837668     
         444   8.3891783952424674     
         445   8.3494592471987410     
         446   8.3494592471987410     
         447   8.3956933199702330     
         448   8.3872663153853484     
         449   8.3948074773213381     
         450   8.3948074773213381     
         451   8.3722195078530177     
         452   8.3471594347006786     
         453   8.3569905240349414     
         454   8.3569905240349414     
         455   8.3569905240349414     
         456   8.3569905240349414     
         457   8.3580770907937030     
         458   8.3209655964018001     
         459   8.3039541862247130     
         460   8.3466757444869586     
         461   8.3466757444869586     
         462   8.3466757444869586     
         463   8.3272754021447462     
         464   8.3531235426411428     
         465   8.3314123585202147     
         466   8.3314123585202147     
         467   8.3186834414322810     
         468   8.3186834414322810     
         469   8.2765514813566252     
         470   8.2886648772001550     
         471   8.2886648772001550     
         472   8.3192770794548530     
         473   8.3058382548509417     
         474   8.3058382548509417     
         475   8.3058382548509417     
         476   8.3058382548509417     
         477   8.3271828886171448     
         478   8.2859306499016760     
         479   8.2859306499016760     
         480   8.3180164648742974     
         481   8.3177837040645386     
         482   8.3332550959930121     
         483   8.3166559112527381     
         484   8.3395806938192170     
         485   8.3395806938192170     
         486   8.3395806938192170     
         487   8.3336452812237471     
         488   8.3408968400492061     
         489   8.3531903275938415     
         490   8.3326158000227206     
         491   8.3372115481601057     
         492   8.3588459144971150     
         493   8.3148328438167507     
         494   8.3148328438167507     
         495   8.3793417220269255     
         496   8.3492846999553425     
         497   8.3525562625121026     
         498   8.3525562625121026     
         499   8.3525562625121026     
         500   8.3525562625121026     
         501   8.3525562625121026     
         502   8.3483966359221995     
         503   8.3196709397124362     
         504   8.3456217556087626     
         505   8.3350549963721097     
         506   8.3051537905238817     
         507   8.2967884425611231     
         508   8.2937226180285499     
         509   8.3343414530793787     
         510   8.3343414530793787     
         511   8.3209792276990520     
         512   8.2789635192224580     
         513   8.2737865455626931     
         514   8.2737865455626931     
         515   8.3068315936993056     
         516   8.3419089191281923     
         517   8.3467838063387916     
         518   8.3347477965792720     
         519   8.3182381674590200     
         520   8.3182381674590200     
         521   8.3182381674590200     
         522   8.3426045042178014     
         523   8.3426045042178014     
         524   8.3363223249143861     
         525   8.3363223249143861     
         526   8.3363223249143861     
         527   8.3518866865620591     
         528   8.3511824545981845     
         529   8.3511824545981845     
         530   8.3511824545981845     
         531   8.3374492452579769     
         532   8.3374492452579769     
         533   8.3112637579594253     
         534   8.3351986219107630     
         535   8.3351986219107630     
         536   8.3499148913323431     
         537   8.3499148913323431     
         538   8.3499148913323431     
         539   8.3344593007087564     
         540   8.3863447326067604     
         541   8.3416107744008592     
         542   8.3416107744008592     
         543   8.3582877884438886     
         544   8.3582877884438886     
         545   8.3582877884438886     
         546   8.3612040984974367     
         547   8.3845831404489211     
         548   8.3713820953934910     
         549   8.3526676006799150     
         550   8.3526676006799150     
         551   8.3690133997406750     
         552   8.3334047326383036     
         553   8.3334047326383036     
         554   8.3254083026229253     
         555   8.3634337570050974     
         556   8.3705402009422833     
         557   8.3698481300450958     
         558   8.3621106354002830     
         559   8.3621106354002830     
         560   8.3621106354002830     
         561   8.3597908720806036     
         562   8.3597908720806036     
         563   8.3238012722685859     
         564   8.3186770996036739     
         565   8.3186770996036739     
         566   8.3186770996036739     
         567   8.3369837130286388     
         568   8.3238357618327967     
         569   8.3462430789780502     
         570   8.3372487347787700     
         571   8.3372487347787700     
         572   8.3372487347787700     
         573   8.3200468966550929     
         574   8.3200468966550929     
         575   8.3200468966550929     
         576   8.3568637693401477     
         577   8.3181791543759775     
         578   8.3181791543759775     
         579   8.3580149234486019     
         580   8.3253696876494452     
         581   8.3488527652260061     
         582   8.3282342918368535     
         583   8.3055217136840440     
         584   8.3290757950996479     
         585   8.3024480153160951     
         586   8.2898472035997166     
         587   8.3262620548555759     
         588   8.3262620548555759     
         589   8.3467178310113948     
         590   8.3467178310113948     
         591   8.3467178310113948     
         592   8.3467178310113948     
         593   8.3291433932012602     
         594   8.3513975650563967     
         595   8.3513975650563967     
         596   8.3592800082580681     
         597   8.3531699908858226     
         598   8.3779327054878241     
         599   8.3227304471429839     
         600   8.3491503003078460     
         601   8.3478236085210966     
         602   8.3478236085210966     
         603   8.3203519592854498     
         604   8.3015864090150906     
         605   8.3377758088809859     
         606   8.3377758088809859     
         607   8.3377758088809859     
         608   8.3377758088809859     
         609   8.3377758088809859     
         610   8.3048838356539001     
         611   8.3279717736978682     
         612   8.3279717736978682     
         613   8.3340523395143702     
         614   8.3340523395143702     
         615   8.3634450142837693     
         616   8.3123742118154631     
         617   8.3264804251546174     
         618   8.3561299671898883     
         619   8.3561299671898883     
         620   8.3561299671898883     
         621   8.3578721541960412     
         622   8.3410113807858508     
         623   8.3410113807858508     
         624   8.3410113807858508     
         625   8.3410113807858508     
         626   8.3410113807858508     
         627   8.3267396528436812     
         628   8.3267396528436812     
         629   8.3496227959381990     
         630   8.3496227959381990     
         631   8.3501519776887410     
         632   8.3100291939067059     
         633   8.3100291939067059     
         634   8.3156206777332375     
         635   8.3156206777332375     
         636   8.3219408011490756     
         637   8.2934411737941147     
         638   8.3099372019644751     
         639   8.3040787843840782     
         640   8.3040787843840782     
         641   8.3040787843840782     
         642   8.3040787843840782     
         643   8.2898791443191016     
         644   8.2998530300071387     
         645   8.2998530300071387     
         646   8.3208678352432095     
         647   8.3236185721106537     
         648   8.2961282068735205     
         649   8.2920564407494286     
         650   8.3120142498141991     
         651   8.3107947987744790     
         652   8.3107947987744790     
         653   8.3539991084911520     
         654   8.3288879302738756     
         655   8.3432072615602291     
         656   8.3154422564768602     
         657   8.3154422564768602     
         658   8.3370227927237828     
         659   8.3370227927237828     
         660   8.3161053966472913     
         661   8.3176184420257808     
         662   8.3125109240659842     
         663   8.3280659256529841     
         664   8.3127602613019658     
         665   8.3482655296899733     
         666   8.3472071514386936     
         667   8.3477890596546338     
         668   8.3477890596546338     
         669   8.3250305465744194     
         670   8.3535216246581232     
         671   8.3249613524036548     
         672   8.3497654596741491     
         673   8.3321902506245440     
         674   8.3321902506245440     
         675   8.3305607733193767     
         676   8.3305607733193767     
         677   8.3298751943365907     
         678   8.3245559805659841     
         679   8.3371746066493060     
         680   8.2983958862358893     
         681   8.2983958862358893     
         682   8.2983958862358893     
         683   8.2983958862358893     
         684   8.3161709542506479     
         685   8.3186162227117695     
         686   8.3186162227117695     
         687   8.3025600701130688     
         688   8.2965153957880702     
         689   8.3398745663366007     
         690   8.3211882370800598     
         691   8.3252474125914091     
         692   8.3215314258882049     
         693   8.3172645973178625     
         694   8.3172645973178625     
         695   8.3319706094601003     
         696   8.3244510360482380     
         697   8.3378538864283751     
         698   8.3404108798520937     
         699   8.3175270825788807     
         700   8.3412454721608498     
         701   8.3518731370761596     
         702   8.3189248159625304     
         703   8.3754953504347309     
         704   8.3754953504347309     
         705   8.3754953504347309     
         706   8.3279408254040206     
         707   8.3258919395621351     
         708   8.3258919395621351     
         709   8.3212640648599319     
         710   8.3212640648599319     
         711   8.3417290246989761     
         712   8.3200241459375022     
         713   8.3385896400384070     
         714   8.3385896400384070     
         715   8.3522746228605858     
         716   8.3522746228605858     
         717   8.3527277980758079     
         718   8.3527277980758079     
         719   8.3527277980758079     
         720   8.3384663394210463     
         721   8.3264286386391664     
         722   8.3264286386391664     
         723   8.3049032169659682     
         724   8.3049032169659682     
         725   8.3009095627221008     
         726   8.3370135357794730     
         727   8.3268541128956901     
         728   8.3360360833408826     
         729   8.2845999029802737     
         730   8.3077134904323202     
         731   8.3258687013672983     
         732   8.3258687013672983     
         733   8.3291497102320839     
         734   8.3250724156482327     
         735   8.3053853880618504     
         736   8.2946024704845822     
         737   8.2946024704845822     
         738   8.2946024704845822     
         739   8.3209106856445452     
         740   8.3209106856445452     
         741   8.3212282536332438     
         742   8.3212282536332438     
         743   8.3212282536332438     
         744   8.3215615720613076     
         745   8.3457973183874223     
         746   8.3198560801015855     
         747   8.2779413666414072     
         748   8.3163944286412050     
         749   8.3117196513415852     
         750   8.3117196513415852     
         751   8.3117196513415852     
         752   8.3117196513415852     
         753   8.3048838917278687     
         754   8.2915134035987563     
         755   8.2915134035987563     
         756   8.2915134035987563     
         757   8.2915134035987563     
         758   8.2915134035987563     
         759   8.3220490395827866     
         760   8.3303418101822526     
         761   8.3303418101822526     
         762   8.3303418101822526     
         763   8.3182472218695249     
         764   8.2899693897330806     
         765   8.2899693897330806     
         766   8.3314961140935981     
         767   8.3314961140935981     
         768   8.3286836968410629     
         769   8.3286836968410629     
         770   8.3167900727422275     
         771   8.3391290037383996     
         772   8.3391290037383996     
         773   8.3167124912464718     
         774   8.3167124912464718     
         775   8.2927032894501362     
         776   8.2927032894501362     
         777   8.2927032894501362     
         778   8.2927032894501362     
         779   8.3077684145899671     
         780   8.3098362429451011     
         781   8.3251982866616565     
         782   8.2859658646003407     
         783   8.2859658646003407     
         784   8.3070298052745972     
         785   8.3078181127222379     
         786   8.3078181127222379     
         787   8.3078181127222379     
         788   8.3078181127222379     
         789   8.3451337724698398     
         790   8.3451337724698398     
         791   8.3456621702906126     
         792   8.3456621702906126     
         793   8.3019212968429734     
         794   8.3084244024195559     
         795   8.3104340597918060     
         796   8.3210512496790923     
         797   8.2960128363068932     
         798   8.2938870191248739     
         799   8.2982965497655208     
         800   8.2982965497655208     
         801   8.3243329527090086     
         802   8.3097444146738670     
         803   8.3358710270459131     
         804   8.3358710270459131     
         805   8.3168759346340444     
         806   8.3168759346340444     
         807   8.3168759346340444     
         808   8.3306594548390773     
         809   8.3306594548390773     
         810   8.3376710815022399     
         811   8.3376710815022399     
         812   8.3376710815022399     
         813   8.3399292761166706     
         814   8.3399292761166706     
         815   8.3378691669406564     
         816   8.3378691669406564     
         817   8.3378691669406564     
         818   8.3378691669406564     
         819   8.3069016422923454     
         820   8.3157965864709293     
         821   8.3157965864709293     
         822   8.3452036736265516     
         823   8.3412402419087233     
         824   8.3021074666803258     
         825   8.3146853107384011     
         826   8.2977553184058888     
         827   8.3372781548971560     
         828   8.3259762978905769     
         829   8.3259762978905769     
         830   8.3259762978905769     
         831   8.3259762978905769     
         832   8.3450009935387985     
         833   8.3037616090427733     
         834   8.3340844636527347     
         835   8.3230619684348603     
         836   8.3227237150675037     
         837   8.3059302059564502     
         838   8.3059302059564502     
         839   8.3278536298856096     
         840   8.3094739276740679     
         841   8.3449565279538440     
         842   8.3246663082217847     
         843   8.3204292855356350     
         844   8.3295469033378993     
         845   8.3295469033378993     
         846   8.3295469033378993     
         847   8.3282978692682779     
         848   8.3282978692682779     
         849   8.3282978692682779     
         850   8.3282978692682779     
         851   8.3282978692682779     
         852   8.3579815670601381     
         853   8.3435776838881299     
         854   8.3251980340651759     
         855   8.3249566593583122     
         856   8.3249566593583122     
         857   8.3340345243811349     
         858   8.3529013188481418     
         859   8.3529013188481418     
         860   8.3324116625750602     
         861   8.3324116625750602     
         862   8.3128089663136695     
         863   8.3420928395199994     
         864   8.3376189825652709     
         865   8.3450471898991481     
         866   8.3350017534380214     
         867   8.3593900324382560     
         868   8.3089121600998830     
         869   8.3412080848701677     
         870   8.3412080848701677     
         871   8.3343020970586075     
         872   8.3343020970586075     
         873   8.3257780283796077     
         874   8.3413961604677347     
         875   8.3462285965670056     
         876   8.3642273988548084     
         877   8.3445928674351606     
         878   8.3256367207054058     
         879   8.3143507994426376     
         880   8.3143507994426376     
         881   8.3242281480041758     
         882   8.2986842094078792     
         883   8.2995136733891126     
         884   8.3307521286260968     
         885   8.3168519656267819     
         886   8.2895872652008666     
         887   8.3106967294909815     
         888   8.3428129656113512     
         889   8.3428129656113512     
         890   8.3261298460592457     
         891   8.3261298460592457     
         892   8.3261298460592457     
         893   8.3261298460592457     
         894   8.3313886493355103     
         895   8.3650206131827733     
         896   8.3650206131827733     
         897   8.3680756992231107     
         898   8.3343966881705676     
         899   8.3343966881705676     
         900   8.3628394745583421     
         901   8.3628394745583421     
         902   8.3628394745583421     
         903   8.3598247002293640     
         904   8.3632706561201324     
         905   8.3632706561201324     
         906   8.3632706561201324     
         907   8.3349957115068616     
         908   8.3349957115068616     
         909   8.3435302000513474     
         910   8.3257920508205903     
         911   8.3488311875166286     
         912   8.3488311875166286     
         913   8.3488311875166286     
         914   8.3398622687744197     
         915   8.3423372478046129     
         916   8.3118150163347302     
         917   8.3118150163347302     
         918   8.3118150163347302     
         919   8.2784765360317252     
         920   8.2784765360317252     
         921   8.2784765360317252     
         922   8.2831136680409152     
         923   8.2831136680409152     
         924   8.3245925068888251     
         925   8.3245925068888251     
         926   8.3245925068888251     
         927   8.3173812266808600     
         928   8.3591153385462960     
         929   8.3591153385462960     
         930   8.3273389157768012     
         931   8.3069031787447649     
         932   8.3069031787447649     
         933   8.3060473716117187     
         934   8.3060473716117187     
         935   8.2899822797517686     
         936   8.3112711442946416     
         937   8.3112711442946416     
         938   8.3084244466031194     
         939   8.3084244466031194     
         940   8.3235547926537752     
         941   8.3032723769433829     
         942   8.3032723769433829     
         943   8.3217174334900772     
         944   8.3401388811345907     
         945   8.3401388811345907     
         946   8.3401388811345907     
         947   8.3340257061913050     
         948   8.3161014126728023     
         949   8.3245088077048806     
         950   8.3099328378754365     
         951   8.3155211014949924     
         952   8.3155211014949924     
         953   8.3442371023343807     
         954   8.3347856284164621     
         955   8.3347856284164621     
         956   8.3347856284164621     
         957   8.3347856284164621     
         958   8.3550069114086067     
         959   8.3449559930745547     
         960   8.3326623268635860     
         961   8.3309287499789928     
         962   8.3113179875259426     
         963   8.3113179875259426     
         964   8.3076511795749806     
         965   8.3103606962301004     
         966   8.3103606962301004     
         967   8.3205605097969073     
         968   8.2913945005085097     
         969   8.3111228533685839     
         970   8.3111228533685839     
         971   8.3111228533685839     
         972   8.3111228533685839     
         973   8.3111228533685839     
         974   8.3329054083061909     
         975   8.3102122847913851     
         976   8.3420007095994553     
         977   8.3067635257443317     
         978   8.3281786042159940     
         979   8.3559499940740682     
         980   8.3559499940740682     
         981   8.2962387677878979     
         982   8.3148922929159177     
         983   8.3151892127836415     
         984   8.2931908785402229     
         985   8.2996961596445260     
         986   8.2868647260975177     
         987   8.2974295321606508     
         988   8.3232836341311138     
         989   8.3110802560191654     
         990   8.3110802560191654     
         991   8.3123522503473648     
         992   8.3173788964530040     
         993   8.3173788964530040     
         994   8.3173788964530040     
         995   8.3417747103159439     
         996   8.3399798622057748     
         997   8.3462035664138039     
         998   8.3447709944721673     
         999   8.3447709944721673     
        1000   8.3097897805993153     
        1001   8.3493239093168246     
        1002   8.3116321596027127     
        1003   8.3428803583259121     
        1004   8.3208627248744094     
        1005   8.2911314616693979     
        1006   8.2911139506582803     
        1007   8.3499673527501059     
        1008   8.3533922342164200     
        1009   8.3206571031845655     
        1010   8.2930178016036820     
        1011   8.3090454392019097     
        1012   8.3369879621907845     
        1013   8.3316411106508568     
        1014   8.3441843224839118     
        1015   8.3441843224839118     
        1016   8.3478024416897494     
        1017   8.2972074144252215     
        1018   8.3008402044009468     
        1019   8.3008402044009468     
        1020   8.2955469383103662     
        1021   8.3108091237639190     
        1022   8.3330878007135141     
        1023   8.3330878007135141     
        1024   8.3156339353842021     
        1025   8.3170487375555133     
        1026   8.3399894006805209     
        1027   8.3425442720646874     
        1028   8.2848025504270826     
        1029   8.3040450049773415     
        1030   8.3226660418691640     
        1031   8.2840390737431413     
        1032   8.3113971043346595     
        1033   8.2997504642205833     
        1034   8.2918178194152077     
        1035   8.3063725673619864     
        1036   8.3147582984561286     
        1037   8.3147582984561286     
        1038   8.3147582984561286     
        1039   8.3125780260972828     
        1040   8.3125780260972828     
        1041   8.3189664804021604     
        1042   8.3418975850600017     
        1043   8.3418975850600017     
        1044   8.3418975850600017     
        1045   8.3274322532967009     
        1046   8.3516167674262896     
        1047   8.3516167674262896     
        1048   8.3208385958266202     
        1049   8.3172343213851345     
        1050   8.3045144958810777     
        1051   8.3156182678808790     
        1052   8.3353342310704122     
        1053   8.3353342310704122     
        1054   8.3353342310704122     
        1055   8.3358353519301218     
        1056   8.3358353519301218     
        1057   8.3358353519301218     
        1058   8.3358353519301218     
        1059   8.3175158597771777     
        1060   8.3175158597771777     
        1061   8.3175158597771777     
        1062   8.3285927492843008     
        1063   8.3285927492843008     
        1064   8.3017370977123530     
        1065   8.3264935426108337     
        1066   8.3311893336755016     
        1067   8.3311893336755016     
        1068   8.2939192094368810     
        1069   8.2973960589030984     
        1070   8.2896734997342758     
        1071   8.2896734997342758     
        1072   8.2967967201619821     
        1073   8.2967967201619821     
        1074   8.3083454458946786     
        1075   8.3083454458946786     
        1076   8.3203557891210806     
        1077   8.3198927808164047     
        1078   8.3396098603416373     
        1079   8.3396098603416373     
        1080   8.3222703158079465     
        1081   8.3277900648440504     
        1082   8.3277900648440504     
        1083   8.3277900648440504     
        1084   8.3499470128781912     
        1085   8.3499470128781912     
        1086   8.3408654793917201     
        1087   8.3408654793917201     
        1088   8.3408654793917201     
        1089   8.3408654793917201     
        1090   8.3009596457974499     
        1091   8.3225306893993203     
        1092   8.3225306893993203     
        1093   8.3238899345151545     
        1094   8.3002673038099157     
        1095   8.3252606379835896     
        1096   8.2854509201010806     
        1097   8.3065874731851412     
        1098   8.3027456657015506     
        1099   8.3027456657015506     
        1100   8.3027456657015506     
        1101   8.3026194672136757     
        1102   8.3026194672136757     
        1103   8.3195932197499580     
        1104   8.3084221564328686     
        1105   8.3084221564328686     
        1106   8.3084221564328686     
        1107   8.3427644638359197     
        1108   8.2984495915148297     
        1109   8.3383298675374604     
        1110   8.3732788026164826     
        1111   8.3182468536800265     
        1112   8.3182468536800265     
        1113   8.3469831062692190     
        1114   8.3581311025853715     
        1115   8.3507618855022656     
        1116   8.3507618855022656     
        1117   8.3567692915518563     
        1118   8.3327850593420170     
        1119   8.3605538361693466     
        1120   8.3154644266720403     
        1121   8.2914680296048697     
        1122   8.3209100782063441     
        1123   8.2874016568900402     
        1124   8.2874016568900402     
        1125   8.2874016568900402     
        1126   8.2874016568900402     
        1127   8.3297393178200618     
        1128   8.3266437730097120     
        1129   8.3266437730097120     
        1130   8.3266437730097120     
        1131   8.2938588762045757     
        1132   8.2938588762045757     
        1133   8.3294396952762160     
        1134   8.3294396952762160     
        1135   8.3294396952762160     
        1136   8.3294396952762160     
        1137   8.3126645579161345     
        1138   8.3226868527503655     
        1139   8.2922058745373377     
        1140   8.2922058745373377     
        1141   8.2971320973074025     
        1142   8.2971320973074025     
        1143   8.3253370617802140     
        1144   8.3253370617802140     
        1145   8.2942091136854135     
        1146   8.3381407016410485     
        1147   8.3562250822565680     
        1148   8.3253107222013494     
        1149   8.3233935889365718     
        1150   8.3127330475135395     
        1151   8.3127330475135395     
        1152   8.2844260966335614     
        1153   8.3032715850693091     
        1154   8.3032715850693091     
        1155   8.3017590591816735     
        1156   8.2760791194052175     
        1157   8.3085399890065137     
        1158   8.3289369470707886     
        1159   8.3289369470707886     
        1160   8.3540995129525157     
        1161   8.3361765950199267     
        1162   8.3313002157942098     
        1163   8.3365097942998521     
        1164   8.3525573904008308     
        1165   8.3871720606409141     
        1166   8.3871720606409141     
        1167   8.3319066424917203     
        1168   8.3348432417455030     
        1169   8.3348432417455030     
        1170   8.3450558942032895     
        1171   8.3308357302979186     
        1172   8.3244497658418162     
        1173   8.3306463086660241     
        1174   8.3306463086660241     
        1175   8.3306463086660241     
        1176   8.3375097233821034     
        1177   8.3162485698412443     
        1178   8.3162485698412443     
        1179   8.3162485698412443     
        1180   8.3214041575491073     
        1181   8.3214041575491073     
        1182   8.3128977991612274     
        1183   8.3265409636966226     
        1184   8.3276862507239588     
        1185   8.3276862507239588     
        1186   8.3276862507239588     
        1187   8.3276862507239588     
        1188   8.3375694801282290     
        1189   8.3384635340286088     
        1190   8.3396168551766081     
        1191   8.3396168551766081     
        1192   8.3434219300770227     
        1193   8.3590323986648762     
        1194   8.3590323986648762     
        1195   8.3590323986648762     
        1196   8.3512650786393650     
        1197   8.3561693264775414     
        1198   8.3629328015710751     
        1199   8.3458459184846383     
        1200   8.3506252215700787     
        1201   8.3415548120076988     
        1202   8.3318538337346304     
        1203   8.3287203573904307     
        1204   8.3287203573904307     
        1205   8.3417892792808743     
        1206   8.3008005867911194     
        1207   8.3053759595088721     
        1208   8.3121026306192523     
        1209   8.3003885620183926     
        1210   8.3003885620183926     
        1211   8.3405892789391327     
        1212   8.3405892789391327     
        1213   8.3405892789391327     
        1214   8.3414054210626070     
        1215   8.2966797421612988     
        1216   8.3343424005603985     
        1217   8.3225896752361930     
        1218   8.3338470238239957     
        1219   8.3337212900556530     
        1220   8.3337212900556530     
        1221   8.3059416455082165     
        1222   8.3081231533369042     
        1223   8.3081231533369042     
        1224   8.3396376248836894     
        1225   8.3396376248836894     
        1226   8.3396376248836894     
        1227   8.3425699359591121     
        1228   8.3425699359591121     
        1229   8.3237181866333234     
        1230   8.3237181866333234     
        1231   8.3237181866333234     
        1232   8.3237181866333234     
        1233   8.3577978643953337     
        1234   8.3504152252785353     
        1235   8.3235360189865961     
        1236   8.3205720893971602     
        1237   8.3620560802853294     
        1238   8.3677671248844216     
        1239   8.3677671248844216     
        1240   8.3080567160276395     
        1241   8.3080567160276395     
        1242   8.2999414044430733     
        1243   8.3616653917919983     
        1244   8.3523502235994407     
        1245   8.3412441357803271     
        1246   8.3283217053931704     
        1247   8.3283217053931704     
        1248   8.3102827317642145     
        1249   8.3049339683759023     
        1250   8.3049339683759023     
        1251   8.3069992391401062     
        1252   8.3080734082677594     
        1253   8.3080734082677594     
        1254   8.3025840019374346     
        1255   8.3437556888201989     
        1256   8.3277794383050399     
        1257   8.3277794383050399     
        1258   8.3277794383050399     
        1259   8.3277794383050399     
        1260   8.3301812916297457     
        1261   8.3301812916297457     
        1262   8.3735544353428129     
        1263   8.3735544353428129     
        1264   8.3490622489340822     
        1265   8.3678083306403206     
        1266   8.3678083306403206     
        1267   8.3366579878959861     
        1268   8.3366579878959861     
        1269   8.3366579878959861     
        1270   8.3013027561138806     
        1271   8.3040652115713431     
        1272   8.3247322041233236     
        1273   8.3244678292134147     
        1274   8.3400958131942655     
        1275   8.3221548318436920     
        1276   8.3095319458817887     
        1277   8.3323286846850610     
        1278   8.3176688376761359     
        1279   8.3176688376761359     
        1280   8.3176688376761359     
        1281   8.3176688376761359     
        1282   8.3176688376761359     
        1283   8.3176688376761359     
        1284   8.3339358209782510     
        1285   8.3549416961119309     
        1286   8.3422763607929991     
        1287   8.3108863536119326     
        1288   8.3108863536119326     
        1289   8.3047094407904183     
        1290   8.3445759852132060     
        1291   8.3313605699716895     
        1292   8.3286143271895252     
        1293   8.3217995026700855     
        1294   8.3336843537679695     
        1295   8.3346028982792895     
        1296   8.3332054477595481     
        1297   8.3127633932835110     
        1298   8.3369571857139562     
        1299   8.3096891073042762     
        1300   8.3096891073042762     
        1301   8.3096891073042762     
        1302   8.3078030874675584     
        1303   8.3078030874675584     
        1304   8.3070908789950231     
        1305   8.3219074039674474     
        1306   8.2993346979967697     
        1307   8.3179093150881993     
        1308   8.3179093150881993     
        1309   8.2918570875421960     
        1310   8.2909471269469712     
        1311   8.2909471269469712     
        1312   8.2869348776218263     
        1313   8.2937093515515787     
        1314   8.2937093515515787     
        1315   8.3064252809482468     
        1316   8.3303535241325566     
        1317   8.3084379039974507     
        1318   8.2963962072996740     
        1319   8.3187798466386820     
        1320   8.2929912636610617     
        1321   8.2767338334373761     
        1322   8.2729280098928335     
        1323   8.2729280098928335     
        1324   8.2654759724779847     
        1325   8.2654759724779847     
        1326   8.2891327353884243     
        1327   8.3060847116453544     
        1328   8.3060847116453544     
        1329   8.3060847116453544     
        1330   8.3060847116453544     
        1331   8.3060847116453544     
        1332   8.3315871080445998     
        1333   8.3200907930758810     
        1334   8.3200907930758810     
        1335   8.3200907930758810     
        1336   8.3331411460304459     
        1337   8.3243077462401676     
        1338   8.3171146155314375     
        1339   8.3171146155314375     
        1340   8.3013022768736349     
        1341   8.3013022768736349     
        1342   8.3031284398786838     
        1343   8.3276272634626558     
        1344   8.3330188386552972     
        1345   8.3439941160470124     
        1346   8.3474849925319319     
        1347   8.3100289606092570     
        1348   8.3100289606092570     
        1349   8.3484072705656267     
        1350   8.3419708962619019     
        1351   8.3419708962619019     
        1352   8.3779564398930493     
        1353   8.3325945881751888     
        1354   8.3325945881751888     
        1355   8.3432724257015156     
        1356   8.3284449159454894     
        1357   8.3627452218274190     
        1358   8.3627452218274190     
        1359   8.3458890293667327     
        1360   8.3458890293667327     
        1361   8.3482919754329519     
        1362   8.3415778739171458     
        1363   8.3351016251121095     
        1364   8.3614726932794188     
        1365   8.3614726932794188     
        1366   8.3896677138365607     
        1367   8.3801817221422841     
        1368   8.3801817221422841     
        1369   8.3749761582481685     
        1370   8.3749761582481685     
        1371   8.3572879949656471     
        1372   8.3572879949656471     
        1373   8.3582625437902536     
        1374   8.3446921127672198     
        1375   8.3446921127672198     
        1376   8.3446921127672198     
        1377   8.3446921127672198     
        1378   8.3490642976563016     
        1379   8.3156452415623736     
        1380   8.3201094438253325     
        1381   8.3201094438253325     
        1382   8.3507695083504334     
        1383   8.3471319008126592     
        1384   8.3225150643887122     
        1385   8.3192826003167255     
        1386   8.3192826003167255     
        1387   8.3192826003167255     
        1388   8.3427551336111261     
        1389   8.3427551336111261     
        1390   8.3495133214851602     
        1391   8.3393469432762348     
        1392   8.3349785817846875     
        1393   8.3597976001690402     
        1394   8.3394674322030209     
        1395   8.3396046446123631     
        1396   8.3370271658734438     
        1397   8.3686824354903422     
        1398   8.3686824354903422     
        1399   8.3686824354903422     
        1400   8.3707194899803614     
        1401   8.3714404309890824     
        1402   8.3714404309890824     
        1403   8.3466348539589106     
        1404   8.3754580265271876     
        1405   8.3754580265271876     
        1406   8.3421584834842690     
        1407   8.3430580605021554     
        1408   8.3447186187244764     
        1409   8.3769292038770260     
        1410   8.3562630602002255     
        1411   8.3646574125315283     
        1412   8.3646574125315283     
        1413   8.3646574125315283     
        1414   8.3389795367646187     
        1415   8.3267551362039427     
        1416   8.3449395371394619     
        1417   8.3586268281239509     
        1418   8.3152375615671410     
        1419   8.2963829053664249     
        1420   8.3092778119169726     
        1421   8.2979408429880088     
        1422   8.3189142313932720     
        1423   8.3040145586424075     
        1424   8.3306443694019112     
        1425   8.3306443694019112     
        1426   8.3632602131740725     
        1427   8.3891754689462008     
        1428   8.3891754689462008     
        1429   8.3509917003908889     
        1430   8.3632721607044971     
        1431   8.3452823741213198     
        1432   8.3478542470624966     
        1433   8.3478542470624966     
        1434   8.3461954332875141     
        1435   8.3461954332875141     
        1436   8.3543845134417740     
        1437   8.3406041617964917     
        1438   8.3107270018265407     
        1439   8.3454375117421673     
        1440   8.3454375117421673     
        1441   8.3178396301441619     
        1442   8.3209281007133917     
        1443   8.3291622694841294     
        1444   8.3291622694841294     
        1445   8.3203344252297651     
        1446   8.3113813727733152     
        1447   8.3457211019771602     
        1448   8.3438928346855565     
        1449   8.3323103771977944     
        1450   8.3323103771977944     
        1451   8.3250901579492034     
        1452   8.3489978239861244     
        1453   8.3489978239861244     
        1454   8.3620718285272133     
        1455   8.3364975349084567     
        1456   8.3383073970708210     
        1457   8.3468107183423310     
        1458   8.3199154651794895     
        1459   8.2967259041098433     
        1460   8.3164752053701179     
        1461   8.2965624055216569     
        1462   8.2965624055216569     
        1463   8.3256047103893565     
        1464   8.3256047103893565     
        1465   8.3368642045324837     
        1466   8.3675627213236758     
        1467   8.3715041881330183     
        1468   8.3681658437037871     
        1469   8.3235165956028130     
        1470   8.3245889899378422     
        1471   8.3234154759379422     
        1472   8.3234154759379422     
        1473   8.3363146239369303     
        1474   8.3643076516279091     
        1475   8.3448971070656075     
        1476   8.3448971070656075     
        1477   8.3437149093694742     
        1478   8.3379509104477822     
        1479   8.3112173518601065     
        1480   8.3112173518601065     
        1481   8.3265958370450175     
        1482   8.3141708502802381     
        1483   8.3304605434637740     
        1484   8.3304605434637740     
        1485   8.3319270399949570     
        1486   8.3274723821412238     
        1487   8.3274723821412238     
        1488   8.3274723821412238     
        1489   8.2996610693923270     
        1490   8.2566546618049141     
        1491   8.3415284778479091     
        1492   8.3415284778479091     
        1493   8.3390135454784051     
        1494   8.3334271033955503     
        1495   8.3334271033955503     
        1496   8.3669638408743534     
        1497   8.3301290309428531     
        1498   8.3361499383863134     
        1499   8.3425422199860009     
        1500   8.3346968866662845     
        1501   8.3209599212646097     
        1502   8.3069398200539979     
        1503   8.3427717216954935     
        1504   8.3390526276007524     
        1505   8.3390526276007524     
        1506   8.3493383814491633     
        1507   8.3058884777623039     
        1508   8.3111586227173539     
        1509   8.3111586227173539     
        1510   8.3310030394828729     
        1511   8.3310030394828729     
        1512   8.3310030394828729     
        1513   8.3462689034437201     
        1514   8.3444845698264487     
        1515   8.3229420494098072     
        1516   8.3185680641417896     
        1517   8.3214436396009592     
        1518   8.3278416669920468     
        1519   8.2969717667610325     
        1520   8.2864904692625139     
        1521   8.3444224679931018     
        1522   8.3444224679931018     
        1523   8.3196707515792365     
        1524   8.3196707515792365     
        1525   8.2963388762560264     
        1526   8.2963388762560264     
        1527   8.2963388762560264     
        1528   8.2963388762560264     
        1529   8.2963388762560264     
        1530   8.2963388762560264     
        1531   8.2963388762560264     
        1532   8.2963388762560264     
        1533   8.2963388762560264     
        1534   8.2992382675532657     
        1535   8.2929669202089009     
        1536   8.2929669202089009     
        1537   8.3117485090898722     
        1538   8.3117485090898722     
        1539   8.3117485090898722     
        1540   8.3338370121379608     
        1541   8.3197189801866287     
        1542   8.3367216326526137     
        1543   8.3367216326526137     
        1544   8.3336090399094775     
        1545   8.2817439727537163     
        1546   8.2817439727537163     
        1547   8.3252180880748909     
        1548   8.3487790071929187     
        1549   8.3487790071929187     
        1550   8.3364489148812453     
        1551   8.3206267432568026     
        1552   8.3206267432568026     
        1553   8.3206267432568026     
        1554   8.3153860925820542     
        1555   8.3264066815875779     
        1556   8.3548713179545810     
        1557   8.3262845750175618     
        1558   8.3556392917589992     
        1559   8.3556392917589992     
        1560   8.3556392917589992     
        1561   8.3453851285578633     
        1562   8.3453851285578633     
        1563   8.3279969214902430     
        1564   8.3102645660304582     
        1565   8.3064186088152976     
        1566   8.3078026368409255     
        1567   8.3084447164354049     
        1568   8.3168740428707046     
        1569   8.3146578440208181     
        1570   8.3013203409042831     
        1571   8.3439526187969335     
        1572   8.3438325445530861     
        1573   8.3438325445530861     
        1574   8.3166741334680463     
        1575   8.3355931850810911     
        1576   8.3512183955776926     
        1577   8.3388112848739251     
        1578   8.3388112848739251     
        1579   8.3388112848739251     
        1580   8.3581111047552223     
        1581   8.3703731644498269     
        1582   8.3710231753441793     
        1583   8.3676365583180683     
        1584   8.3676365583180683     
        1585   8.3233356256179025     
        1586   8.3233356256179025     
        1587   8.3335613946994140     
        1588   8.3634509068489784     
        1589   8.3263757203779551     
        1590   8.3226959665067000     
        1591   8.3544331047349871     
        1592   8.3544331047349871     
        1593   8.3610723820129191     
        1594   8.3320454252904881     
        1595   8.3486187823863922     
        1596   8.3486187823863922     
        1597   8.3169239221026405     
        1598   8.3395838681183037     
        1599   8.3299817431257743     
        1600   8.3299817431257743     
        1601   8.3107032043751428     
        1602   8.3107032043751428     
        1603   8.3283349618309952     
        1604   8.2970607620460743     
        1605   8.2970607620460743     
        1606   8.2970607620460743     
        1607   8.2970607620460743     
        1608   8.2863659422606233     
        1609   8.3349680217702424     
        1610   8.3051954288296699     
        1611   8.3051954288296699     
        1612   8.3013185391091007     
        1613   8.3303551474665056     
        1614   8.3361721596075782     
        1615   8.3222082549720362     
        1616   8.3348579469925141     
        1617   8.3348579469925141     
        1618   8.3486703517878063     
        1619   8.3486703517878063     
        1620   8.3111227440305964     
        1621   8.3423607472025640     
        1622   8.2981294220614341     
        1623   8.2981294220614341     
        1624   8.2981294220614341     
        1625   8.2981294220614341     
        1626   8.3423265260661950     
        1627   8.3438373590724702     
        1628   8.3438373590724702     
        1629   8.3341037957494724     
        1630   8.3341037957494724     
        1631   8.3341037957494724     
        1632   8.3532243446687779     
        1633   8.3336630481656435     
        1634   8.2998781866578657     
        1635   8.3144515149555822     
        1636   8.3437494518512025     
        1637   8.3134940520243266     
        1638   8.3042109631544818     
        1639   8.3439950737511737     
        1640   8.3174751228561750     
        1641   8.3174751228561750     
        1642   8.3354615048278351     
        1643   8.3468289686267703     
        1644   8.3468289686267703     
        1645   8.3468289686267703     
        1646   8.3468289686267703     
        1647   8.3155233895594662     
        1648   8.3151449654364811     
        1649   8.3151449654364811     
        1650   8.3281907131630284     
        1651   8.3258210299251711     
        1652   8.3334024621382046     
        1653   8.3619257298155745     
        1654   8.3619257298155745     
        1655   8.3405731204772326     
        1656   8.3385666344836071     
        1657   8.3588519590090016     
        1658   8.3517529765207712     
        1659   8.3417307141819812     
        1660   8.3417307141819812     
        1661   8.3697163811687894     
        1662   8.4031101901237530     
        1663   8.3723283974127032     
        1664   8.3592093928410893     
        1665   8.3592093928410893     
        1666   8.3574391535991328     
        1667   8.3574391535991328     
        1668   8.3574391535991328     
        1669   8.3571722362146215     
        1670   8.3278251657831994     
        1671   8.3278251657831994     
        1672   8.3330481728929122     
        1673   8.3509545457972649     
        1674   8.3515517345093730     
        1675   8.3166591625989490     
        1676   8.3527567354838190     
        1677   8.3439669772212426     
        1678   8.3439669772212426     
        1679   8.3228335968832248     
        1680   8.3162898810018984     
        1681   8.3162898810018984     
        1682   8.3311148920112323     
        1683   8.3452811191672538     
        1684   8.3251322987293328     
        1685   8.3076452744384817     
        1686   8.3100418116491817     
        1687   8.3163461387956588     
        1688   8.3375359992782858     
        1689   8.3375359992782858     
        1690   8.3514368584206942     
        1691   8.3264922773336387     
        1692   8.3583488699440380     
        1693   8.3314735792464152     
        1694   8.3314735792464152     
        1695   8.3481713135995488     
        1696   8.3440349735919881     
        1697   8.3537938756170487     
        1698   8.3537938756170487     
        1699   8.3139097314612389     
        1700   8.3491293667191808     
        1701   8.3491293667191808     
        1702   8.3491293667191808     
        1703   8.3491293667191808     
        1704   8.3491293667191808     
        1705   8.3364782901700121     
        1706   8.3364782901700121     
        1707   8.3364782901700121     
        1708   8.3335682716404804     
        1709   8.3207773148513606     
        1710   8.3207773148513606     
        1711   8.3080198991345533     
        1712   8.3277110443024096     
        1713   8.3104927452654902     
        1714   8.3104927452654902     
        1715   8.3150186252209046     
        1716   8.3480370991680175     
        1717   8.3717013000638456     
        1718   8.3613673995277278     
        1719   8.3626914077321501     
        1720   8.3626914077321501     
        1721   8.3626914077321501     
        1722   8.3626914077321501     
        1723   8.3642582817295104     
        1724   8.3562738802670733     
        1725   8.3410704177337571     
        1726   8.3410704177337571     
        1727   8.3410704177337571     
        1728   8.3312809708551914     
        1729   8.3516443377071727     
        1730   8.3516443377071727     
        1731   8.3213109056543075     
        1732   8.3213109056543075     
        1733   8.3213109056543075     
        1734   8.3153445124970435     
        1735   8.3538016271841666     
        1736   8.3168033042992580     
        1737   8.3315007285081997     
        1738   8.3315007285081997     
        1739   8.3414796761341314     
        1740   8.3414796761341314     
        1741   8.3414796761341314     
        1742   8.3414796761341314     
        1743   8.3685997001331884     
        1744   8.3573892007784654     
        1745   8.3481397783518858     
        1746   8.3481397783518858     
        1747   8.3488365093480734     
        1748   8.3488365093480734     
        1749   8.3320795784099246     
        1750   8.3765987109884570     
        1751   8.3718253671349032     
        1752   8.3718253671349032     
        1753   8.3620280107657798     
        1754   8.3719014100405467     
        1755   8.3409020808564645     
        1756   8.3409020808564645     
        1757   8.3373131079071037     
        1758   8.3516859603372922     
        1759   8.3516859603372922     
        1760   8.3459772653014408     
        1761   8.3474856421020842     
        1762   8.3514197195052589     
        1763   8.2967270953765304     
        1764   8.2967270953765304     
        1765   8.3359684859481487     
        1766   8.3550066059805435     
        1767   8.3550066059805435     
        1768   8.3344736971619895     
        1769   8.3377498017819569     
        1770   8.3377498017819569     
        1771   8.3377498017819569     
        1772   8.3349012677189318     
        1773   8.3243524339092456     
        1774   8.3370008228643737     
        1775   8.3370008228643737     
        1776   8.3271767970544541     
        1777   8.3104178395069113     
        1778   8.3410191724692186     
        1779   8.3310710477571686     
        1780   8.3310710477571686     
        1781   8.3454252536063827     
        1782   8.3454252536063827     
        1783   8.3454252536063827     
        1784   8.3293887136915927     
        1785   8.3335392024210453     
        1786   8.3335392024210453     
        1787   8.3245974020635227     
        1788   8.3081244357704076     
        1789   8.3081244357704076     
        1790   8.3081244357704076     
        1791   8.3081244357704076     
        1792   8.3165993147575588     
        1793   8.3046719063196601     
        1794   8.3166360765569909     
        1795   8.3173086443956112     
        1796   8.3327161649608126     
        1797   8.3164899824413787     
        1798   8.3164899824413787     
        1799   8.2968005034716512     
        1800   8.3066963082403031     
        1801   8.2929432741117406     
        1802   8.2908639161526327     
        1803   8.3057274117881104     
        1804   8.2863593182961566     
        1805   8.2750263040771053     
        1806   8.3082896326863747     
        1807   8.3082896326863747     
        1808   8.3137571204686029     
        1809   8.3137571204686029     
        1810   8.3255695449227414     
        1811   8.3063819566937891     
        1812   8.3063819566937891     
        1813   8.3063819566937891     
        1814   8.3389536131987878     
        1815   8.3500119073090513     
        1816   8.3488080726882714     
        1817   8.3258897296976588     
        1818   8.3258897296976588     
        1819   8.3427509113002429     
        1820   8.3328494202679320     
        1821   8.3328494202679320     
        1822   8.3596417916777668     
        1823   8.3596417916777668     
        1824   8.3596417916777668     
        1825   8.3596417916777668     
        1826   8.3425548206647981     
        1827   8.3202058835693702     
        1828   8.3470626246200919     
        1829   8.3432965406083337     
        1830   8.3645541738110563     
        1831   8.3645541738110563     
        1832   8.3788328839568997     
        1833   8.3788328839568997     
        1834   8.3788328839568997     
        1835   8.3534063539260153     
        1836   8.3530273855243209     
        1837   8.3511320298368954     
        1838   8.3511320298368954     
        1839   8.3511320298368954     
        1840   8.3143757525543904     
        1841   8.3403642864930028     
        1842   8.3403642864930028     
        1843   8.3269088082651272     
        1844   8.3269088082651272     
        1845   8.3229835293436008     
        1846   8.3229835293436008     
        1847   8.3229835293436008     
        1848   8.2868378810445975     
        1849   8.2928037584485228     
        1850   8.3289615794310059     
        1851   8.3393875166437947     
        1852   8.3393875166437947     
        1853   8.3107448434439153     
        1854   8.3372179624172595     
        1855   8.3171971675703666     
        1856   8.3124884727031105     
        1857   8.3154143166346142     
        1858   8.3301809528814648     
        1859   8.3514130644630473     
        1860   8.3332103324694486     
        1861   8.3332103324694486     
        1862   8.3319901610216380     
        1863   8.3319901610216380     
        1864   8.3319901610216380     
        1865   8.3460192227047738     
        1866   8.3111775261466363     
        1867   8.3111775261466363     
        1868   8.3211613362491637     
        1869   8.3241025001495981     
        1870   8.3541487402723931     
        1871   8.3382808351224860     
        1872   8.3382808351224860     
        1873   8.3306593403413540     
        1874   8.3306593403413540     
        1875   8.3238619778347971     
        1876   8.3121880420226901     
        1877   8.3359916777386012     
        1878   8.3278762793893844     
        1879   8.3368876636714457     
        1880   8.3077211278311935     
        1881   8.3077211278311935     
        1882   8.2994433768585374     
        1883   8.3497754058249392     
        1884   8.3497754058249392     
        1885   8.3291019170490213     
        1886   8.3361910995288433     
        1887   8.3372713347988583     
        1888   8.3326586345788929     
        1889   8.3289964811158441     
        1890   8.2881372961506070     
        1891   8.3175188983507127     
        1892   8.3478517838414081     
        1893   8.3527008223374732     
        1894   8.3051008935995245     
        1895   8.3051008935995245     
        1896   8.3051008935995245     
        1897   8.2961285417761488     
        1898   8.2961285417761488     
        1899   8.2961285417761488     
        1900   8.3449608280066823     
        1901   8.3479660240139459     
        1902   8.3349871950375576     
        1903   8.3140199432777937     
        1904   8.3140199432777937     
        1905   8.3370648777454228     
        1906   8.3018160110494392     
        1907   8.3249018880939651     
        1908   8.3343931022141984     
        1909   8.3421748028360287     
        1910   8.3100951952139699     
        1911   8.3054099203879730     
        1912   8.3054099203879730     
        1913   8.3266086228353533     
        1914   8.3266086228353533     
        1915   8.3112347180476931     
        1916   8.3112347180476931     
        1917   8.2932598388288472     
        1918   8.2932598388288472     
        1919   8.2932598388288472     
        1920   8.3086960568552062     
        1921   8.3420173445032564     
        1922   8.3270982075648465     
        1923   8.3270982075648465     
        1924   8.3189417090476248     
        1925   8.3189417090476248     
        1926   8.2998944968509729     
        1927   8.2998944968509729     
        1928   8.2998944968509729     
        1929   8.2998944968509729     
        1930   8.3138477416820056     
        1931   8.3271038420655632     
        1932   8.3271038420655632     
        1933   8.3271038420655632     
        1934   8.3465303940283277     
        1935   8.3194681140768587     
        1936   8.3194681140768587     
        1937   8.3194681140768587     
        1938   8.3194681140768587     
        1939   8.3194681140768587     
        1940   8.3151018658964375     
        1941   8.3199145573769488     
        1942   8.3199145573769488     
        1943   8.3552204965992178     
        1944   8.3273693754196980     
        1945   8.3759951624984375     
        1946   8.3564890281484061     
        1947   8.3564890281484061     
        1948   8.3420043950669935     
        1949   8.3584523482968969     
        1950   8.3081450297101451     
        1951   8.3190634993108041     
        1952   8.3190634993108041     
        1953   8.3267382190444650     
        1954   8.3267382190444650     
        1955   8.3099264213665229     
        1956   8.3099264213665229     
        1957   8.2947499916813232     
        1958   8.3328786344645174     
        1959   8.2979236017045572     
        1960   8.3146171577663299     
        1961   8.3062420733680593     
        1962   8.3062420733680593     
        1963   8.3051557209644873     
        1964   8.2955082248541689     
        1965   8.3341474608014696     
        1966   8.3341474608014696     
        1967   8.3341474608014696     
        1968   8.3115480733702185     
        1969   8.3059527164976572     
        1970   8.3480412084375359     
        1971   8.3480412084375359     
        1972   8.3480412084375359     
        1973   8.3389762568681132     
        1974   8.3423262466673727     
        1975   8.3207301297546046     
        1976   8.3207301297546046     
        1977   8.3275528590965369     
        1978   8.3047903247427541     
        1979   8.3162118422997224     
        1980   8.3162118422997224     
        1981   8.3039014371825068     
        1982   8.3546500826750574     
        1983   8.3546500826750574     
        1984   8.3431335866579310     
        1985   8.3431335866579310     
        1986   8.3431335866579310     
        1987   8.3169272771461706     
        1988   8.3169272771461706     
        1989   8.3550108650353838     
        1990   8.3550108650353838     
        1991   8.3550108650353838     
        1992   8.3353958326485653     
        1993   8.3038096972543620     
        1994   8.3128164403494615     
        1995   8.3243373847594473     
        1996   8.2927422872060710     
        1997   8.2854310873071189     
        1998   8.3272964547247597     
        1999   8.3230764775105275     
        2000   8.3292991572201256     
