 SAMPLE,  BOXLENGTH
           1   8.4082398642092055     
           2   8.4082398642092055     
           3   8.4082398642092055     
           4   8.4082398642092055     
           5   8.3886436758587841     
           6   8.4041594649274884     
           7   8.4449561838962151     
           8   8.4449561838962151     
           9   8.4446914484480882     
          10   8.4161092280080396     
          11   8.4199869786225410     
          12   8.4316325694491852     
          13   8.4316325694491852     
          14   8.4620501670292860     
          15   8.4296999581872978     
          16   8.4296999581872978     
          17   8.4188532578184265     
          18   8.4078713708771353     
          19   8.4078713708771353     
          20   8.4369439669050017     
          21   8.4266794988575722     
          22   8.4266794988575722     
          23   8.4073459663005448     
          24   8.3958375745015310     
          25   8.3958375745015310     
          26   8.4147464355025505     
          27   8.4125358469497336     
          28   8.4278878800689316     
          29   8.4011559367052069     
          30   8.4011559367052069     
          31   8.4223318278439283     
          32   8.4217338522445626     
          33   8.4217338522445626     
          34   8.4127715364258915     
          35   8.3895578197247289     
          36   8.3948501411391305     
          37   8.4291164488462673     
          38   8.4291164488462673     
          39   8.4183066835366276     
          40   8.4208177706179015     
          41   8.4208177706179015     
          42   8.3947114830014193     
          43   8.3947114830014193     
          44   8.3548039057413863     
          45   8.3813912007073057     
          46   8.4074230246413695     
          47   8.4178016269459466     
          48   8.4178016269459466     
          49   8.3866958424852527     
          50   8.4004456572782029     
          51   8.4198023997328200     
          52   8.3969214922643687     
          53   8.3969214922643687     
          54   8.4168594626939743     
          55   8.4473020954740718     
          56   8.4177387572713869     
          57   8.3921118421386804     
          58   8.3921118421386804     
          59   8.4230955622032386     
          60   8.4230955622032386     
          61   8.4052016191225327     
          62   8.4051826569916770     
          63   8.4362370898701933     
          64   8.4138255432535942     
          65   8.3839010199844690     
          66   8.3839010199844690     
          67   8.3839010199844690     
          68   8.4219708043226440     
          69   8.3850290829150644     
          70   8.3946128195436867     
          71   8.3946128195436867     
          72   8.3783482527156750     
          73   8.3783482527156750     
          74   8.4181420295416096     
          75   8.4171467319903517     
          76   8.4130968524926359     
          77   8.4130968524926359     
          78   8.4100197874539333     
          79   8.4407437532596603     
          80   8.4407437532596603     
          81   8.4159105827859229     
          82   8.4168530160682540     
          83   8.4265458447046608     
          84   8.4265458447046608     
          85   8.4286438476829062     
          86   8.4286438476829062     
          87   8.4341826003086950     
          88   8.4080770814987122     
          89   8.4080770814987122     
          90   8.4080770814987122     
          91   8.4664725731190273     
          92   8.4571315302608188     
          93   8.4215903860760264     
          94   8.4227460730234913     
          95   8.4227460730234913     
          96   8.4227460730234913     
          97   8.4260922224388679     
          98   8.4260922224388679     
          99   8.4260922224388679     
         100   8.4036416897029778     
         101   8.4497907606325153     
         102   8.4374123009253506     
         103   8.4373055020697549     
         104   8.4314781763848288     
         105   8.4314781763848288     
         106   8.4486733195519665     
         107   8.4382260175676560     
         108   8.4302199880420510     
         109   8.4302199880420510     
         110   8.4316413804063917     
         111   8.4346912575759703     
         112   8.4346912575759703     
         113   8.4346912575759703     
         114   8.4111550409991818     
         115   8.4337281264660966     
         116   8.4021864523987340     
         117   8.4376305579940709     
         118   8.4376305579940709     
         119   8.4376305579940709     
         120   8.4376305579940709     
         121   8.4426751438439513     
         122   8.4426751438439513     
         123   8.4426751438439513     
         124   8.4311134179043634     
         125   8.4119730369955619     
         126   8.4158164646658715     
         127   8.4315838504542100     
         128   8.4510023368234304     
         129   8.4510023368234304     
         130   8.3975333185943750     
         131   8.4170860389914939     
         132   8.4408944395992354     
         133   8.3733044328080588     
         134   8.4155507473465292     
         135   8.4503920540950901     
         136   8.4503920540950901     
         137   8.4047828024482030     
         138   8.4047828024482030     
         139   8.4299979400424103     
         140   8.4292089368470400     
         141   8.4212798797784512     
         142   8.4212798797784512     
         143   8.4212798797784512     
         144   8.4038482075416905     
         145   8.4261282411875182     
         146   8.4487298326108533     
         147   8.4199109189837280     
         148   8.4199109189837280     
         149   8.4021400929881427     
         150   8.4477737631343910     
         151   8.4418285519389045     
         152   8.4418285519389045     
         153   8.4225564697974225     
         154   8.4051520785799578     
         155   8.4033417238204127     
         156   8.4065298848191397     
         157   8.4155227506293979     
         158   8.4155227506293979     
         159   8.3637657689929288     
         160   8.3632839548533280     
         161   8.3632839548533280     
         162   8.3645783479926017     
         163   8.3638039412560605     
         164   8.3638039412560605     
         165   8.3940390575443633     
         166   8.3888744421543766     
         167   8.3933197625529026     
         168   8.3837684328039295     
         169   8.4121429320813217     
         170   8.4125626846669075     
         171   8.4288782989013846     
         172   8.4288782989013846     
         173   8.4343994986413549     
         174   8.3971767909051849     
         175   8.3583856689677294     
         176   8.3623891160527908     
         177   8.3844308392408777     
         178   8.3755299335290694     
         179   8.3755299335290694     
         180   8.3708877071728462     
         181   8.3831116868227813     
         182   8.3751844636174582     
         183   8.3940266479784125     
         184   8.4080006664526845     
         185   8.4150220244286622     
         186   8.4071306781187438     
         187   8.4116355478216125     
         188   8.4116355478216125     
         189   8.4116355478216125     
         190   8.4116355478216125     
         191   8.4116355478216125     
         192   8.4116355478216125     
         193   8.4260530136317229     
         194   8.4260530136317229     
         195   8.4158404885357161     
         196   8.4448776990711920     
         197   8.4300695537823636     
         198   8.3957738772751842     
         199   8.3764652417322800     
         200   8.3764652417322800     
         201   8.3941652166547041     
         202   8.3992937164886516     
         203   8.3992937164886516     
         204   8.3992937164886516     
         205   8.4108970350528196     
         206   8.4108970350528196     
         207   8.4108970350528196     
         208   8.3933315922972529     
         209   8.3933315922972529     
         210   8.3933315922972529     
         211   8.3864226356386258     
         212   8.4370351811293087     
         213   8.4384090566702152     
         214   8.4162399423108329     
         215   8.4162399423108329     
         216   8.4356715492382524     
         217   8.4356715492382524     
         218   8.4281311546170894     
         219   8.4038818812817500     
         220   8.4038818812817500     
         221   8.4518085617416574     
         222   8.4472953048959738     
         223   8.4411453761724538     
         224   8.4096404270862575     
         225   8.4406522564347277     
         226   8.4142971422396595     
         227   8.4142971422396595     
         228   8.4158224048881713     
         229   8.4050912595175014     
         230   8.4050912595175014     
         231   8.4162597419384753     
         232   8.3999089059979326     
         233   8.3999089059979326     
         234   8.3999089059979326     
         235   8.4160772044471681     
         236   8.3776419803260200     
         237   8.3776419803260200     
         238   8.4217755345168328     
         239   8.3872102579167169     
         240   8.3974495148128714     
         241   8.3974495148128714     
         242   8.3691156750789748     
         243   8.3691156750789748     
         244   8.3691156750789748     
         245   8.3940770535104026     
         246   8.4164825718473875     
         247   8.4230416285142269     
         248   8.3955284722039973     
         249   8.3955284722039973     
         250   8.4250573261557626     
         251   8.4250573261557626     
         252   8.4468623574957586     
         253   8.4035267397802027     
         254   8.4096899552742990     
         255   8.4343972661112918     
         256   8.4619505052978532     
         257   8.4619505052978532     
         258   8.4706979935125162     
         259   8.4277060058453568     
         260   8.4277060058453568     
         261   8.4394940578911601     
         262   8.4394940578911601     
         263   8.4562383654722542     
         264   8.4150127517793472     
         265   8.4140421655977420     
         266   8.4313823577332716     
         267   8.4264482068029878     
         268   8.4264482068029878     
         269   8.4051214634990465     
         270   8.4405161320866764     
         271   8.4405161320866764     
         272   8.4229037611542115     
         273   8.3887802765139394     
         274   8.4300568095312354     
         275   8.4175809784094362     
         276   8.4175809784094362     
         277   8.4175809784094362     
         278   8.4175809784094362     
         279   8.4065161052014474     
         280   8.4116246893095479     
         281   8.4265346896320814     
         282   8.4086231011150172     
         283   8.4086231011150172     
         284   8.4086231011150172     
         285   8.4086231011150172     
         286   8.4266316185693029     
         287   8.4565115964007251     
         288   8.4602401924499837     
         289   8.4429673168907495     
         290   8.4429673168907495     
         291   8.4167379894218257     
         292   8.4468032546638074     
         293   8.4413677809482532     
         294   8.4158750708401175     
         295   8.3898602653050762     
         296   8.4079477951609043     
         297   8.4079477951609043     
         298   8.3933245188542003     
         299   8.4106208031607750     
         300   8.4106208031607750     
         301   8.4106208031607750     
         302   8.3952590413862964     
         303   8.4031885899463550     
         304   8.4101464313632661     
         305   8.4101464313632661     
         306   8.4101464313632661     
         307   8.3923630933845335     
         308   8.4208458728424755     
         309   8.4208458728424755     
         310   8.4160884817923574     
         311   8.4160884817923574     
         312   8.4391169877017163     
         313   8.4391169877017163     
         314   8.4391169877017163     
         315   8.4484270147355947     
         316   8.4727846284351997     
         317   8.4492103074983085     
         318   8.4310876168589051     
         319   8.4216506759197109     
         320   8.4216506759197109     
         321   8.4216506759197109     
         322   8.4216506759197109     
         323   8.4152473884746364     
         324   8.4152473884746364     
         325   8.4005056853915878     
         326   8.3944067255627282     
         327   8.4009279523847589     
         328   8.4098680558816739     
         329   8.3833543980790992     
         330   8.4087266233523135     
         331   8.3851635630398871     
         332   8.3851635630398871     
         333   8.3766113760136367     
         334   8.3910758134445320     
         335   8.3883351011621414     
         336   8.3883351011621414     
         337   8.4122611404012098     
         338   8.4122611404012098     
         339   8.4340954861797268     
         340   8.4333540261963709     
         341   8.4333540261963709     
         342   8.4140142265230917     
         343   8.3967937732342861     
         344   8.4117201004110775     
         345   8.4117201004110775     
         346   8.3977678993697822     
         347   8.3969324846761175     
         348   8.3986917077595553     
         349   8.3987189629695393     
         350   8.3942978337226553     
         351   8.4386392170235514     
         352   8.4386392170235514     
         353   8.4386392170235514     
         354   8.4386392170235514     
         355   8.4386392170235514     
         356   8.4142836360546180     
         357   8.4168824083194025     
         358   8.4555629090091013     
         359   8.4487210253758729     
         360   8.4227934458855653     
         361   8.4386066382051563     
         362   8.4386066382051563     
         363   8.4386066382051563     
         364   8.4386066382051563     
         365   8.4481854261967531     
         366   8.4366823685052896     
         367   8.4366823685052896     
         368   8.4366823685052896     
         369   8.4248334486517642     
         370   8.4248334486517642     
         371   8.4091080077499694     
         372   8.4022433308036817     
         373   8.4022433308036817     
         374   8.3974780306265231     
         375   8.3974780306265231     
         376   8.4081497538707737     
         377   8.4081497538707737     
         378   8.4081497538707737     
         379   8.3786625499220460     
         380   8.3765726503111004     
         381   8.3729741950908885     
         382   8.3650517348917450     
         383   8.3718851615170156     
         384   8.3743638975925840     
         385   8.3793048304912485     
         386   8.3793048304912485     
         387   8.3880261845554696     
         388   8.4115524369861294     
         389   8.4115524369861294     
         390   8.3736630341376799     
         391   8.3869122287252900     
         392   8.3869122287252900     
         393   8.4006242823049995     
         394   8.4006242823049995     
         395   8.3586043111803860     
         396   8.3586043111803860     
         397   8.3714216578668967     
         398   8.3882722981508344     
         399   8.3718705330544836     
         400   8.3718705330544836     
         401   8.3718705330544836     
         402   8.3718705330544836     
         403   8.4118375725259327     
         404   8.3955457743129891     
         405   8.4194438107199900     
         406   8.4340462229040813     
         407   8.4240638250917339     
         408   8.4265404354824547     
         409   8.4254360567238731     
         410   8.3776094478190455     
         411   8.3776094478190455     
         412   8.3923136557700104     
         413   8.3923136557700104     
         414   8.4292993022865517     
         415   8.4013755844600126     
         416   8.3924419877422896     
         417   8.4133930015275755     
         418   8.4133930015275755     
         419   8.4410202140747934     
         420   8.4210067407857458     
         421   8.4229114524543327     
         422   8.4387886020927567     
         423   8.4245573421135287     
         424   8.3892269801574937     
         425   8.4022314938589329     
         426   8.4131962302930550     
         427   8.4542442746829281     
         428   8.4511778702900564     
         429   8.4076131958948697     
         430   8.4447394907291589     
         431   8.4340247398600088     
         432   8.4329823632099838     
         433   8.4329823632099838     
         434   8.4329823632099838     
         435   8.4735689380914820     
         436   8.4735689380914820     
         437   8.4428458871851948     
         438   8.4013823554261151     
         439   8.4268542820742205     
         440   8.4162243369811325     
         441   8.4456889480043067     
         442   8.4456889480043067     
         443   8.4052207834429673     
         444   8.4084796059655691     
         445   8.3813749303436129     
         446   8.4166169579380306     
         447   8.4090179376098355     
         448   8.4330990028474524     
         449   8.4423027709362159     
         450   8.4423027709362159     
         451   8.4527160950622839     
         452   8.4527160950622839     
         453   8.4245273681298070     
         454   8.3927391644062705     
         455   8.4376077202622355     
         456   8.4275247654635415     
         457   8.4275247654635415     
         458   8.4269419073717984     
         459   8.4116834042537452     
         460   8.3686057204380990     
         461   8.4163548152263825     
         462   8.3698641005292611     
         463   8.3721793173245675     
         464   8.3863882323745607     
         465   8.3710954374025235     
         466   8.3710954374025235     
         467   8.4055068144949843     
         468   8.4055068144949843     
         469   8.4055068144949843     
         470   8.3895053466933458     
         471   8.3811172113915600     
         472   8.4140455328058650     
         473   8.4140455328058650     
         474   8.3744830324056849     
         475   8.4047689756467374     
         476   8.4461773901117887     
         477   8.4312354074018572     
         478   8.4348605857823689     
         479   8.4219856736310987     
         480   8.4163403201779285     
         481   8.4163403201779285     
         482   8.4163403201779285     
         483   8.4319487511470079     
         484   8.4319487511470079     
         485   8.4319487511470079     
         486   8.3894400355532142     
         487   8.3844483780158949     
         488   8.3844483780158949     
         489   8.4272134575979170     
         490   8.4272134575979170     
         491   8.4272134575979170     
         492   8.4342640882552153     
         493   8.3624403416687265     
         494   8.3624403416687265     
         495   8.3736776926686680     
         496   8.3736776926686680     
         497   8.3736776926686680     
         498   8.3906882324745826     
         499   8.4028348984638406     
         500   8.3658430848604244     
         501   8.3658430848604244     
         502   8.3658430848604244     
         503   8.3658430848604244     
         504   8.3832340869641229     
         505   8.3832340869641229     
         506   8.3832340869641229     
         507   8.3832340869641229     
         508   8.3511913761024950     
         509   8.3688319725787217     
         510   8.3688319725787217     
         511   8.3780892631417636     
         512   8.3780892631417636     
         513   8.3785823821251526     
         514   8.3690675161784736     
         515   8.3668475787309049     
         516   8.3487124716917318     
         517   8.3487124716917318     
         518   8.3822810768183196     
         519   8.3822810768183196     
         520   8.3764284259478359     
         521   8.3681202878601333     
         522   8.3734569978751843     
         523   8.3452336655739447     
         524   8.3413845315603528     
         525   8.3413845315603528     
         526   8.3852676812169751     
         527   8.3852676812169751     
         528   8.3852676812169751     
         529   8.3799480738721428     
         530   8.3799480738721428     
         531   8.3610579235375013     
         532   8.3774718704166737     
         533   8.3790927706003870     
         534   8.3695609115340126     
         535   8.3695609115340126     
         536   8.3628206555580853     
         537   8.3692307884143453     
         538   8.3692307884143453     
         539   8.3692307884143453     
         540   8.3796461507014790     
         541   8.3453911582210125     
         542   8.3203624135207530     
         543   8.3716134543779432     
         544   8.3457814705639546     
         545   8.3647677991479306     
         546   8.3647677991479306     
         547   8.3942097192972458     
         548   8.3971464826342661     
         549   8.4142606569844887     
         550   8.3743738040859217     
         551   8.4107586924466275     
         552   8.3893017561219541     
         553   8.4332234291653130     
         554   8.4332234291653130     
         555   8.4332234291653130     
         556   8.4332234291653130     
         557   8.4003231172450548     
         558   8.3910524237262347     
         559   8.4050891306620397     
         560   8.3826175351739138     
         561   8.3796993939710411     
         562   8.3796993939710411     
         563   8.4222693415741716     
         564   8.4140007946891693     
         565   8.4140007946891693     
         566   8.4140007946891693     
         567   8.4235732570218289     
         568   8.4381063442913007     
         569   8.4381063442913007     
         570   8.4294416193561101     
         571   8.4294416193561101     
         572   8.4294416193561101     
         573   8.4509082480224063     
         574   8.4231548155346783     
         575   8.4389489227987671     
         576   8.4141811686581338     
         577   8.4141811686581338     
         578   8.4041442778560036     
         579   8.4307742268303336     
         580   8.4432342286727522     
         581   8.4360945207443088     
         582   8.4172738451184177     
         583   8.4172738451184177     
         584   8.4147226802999686     
         585   8.4051328712548017     
         586   8.4438840620314082     
         587   8.4468518514207194     
         588   8.4148068891435734     
         589   8.4148068891435734     
         590   8.4537722508369626     
         591   8.4380132888296266     
         592   8.4393788442439330     
         593   8.4640715669514179     
         594   8.4259193060884225     
         595   8.4259193060884225     
         596   8.4524286992419508     
         597   8.4241814703245428     
         598   8.4241814703245428     
         599   8.4241814703245428     
         600   8.4258963224608792     
         601   8.4258963224608792     
         602   8.4258963224608792     
         603   8.4258963224608792     
         604   8.4258963224608792     
         605   8.4258963224608792     
         606   8.4258963224608792     
         607   8.4258963224608792     
         608   8.4420671961475726     
         609   8.4587548101168775     
         610   8.4587548101168775     
         611   8.4587548101168775     
         612   8.4587548101168775     
         613   8.4363533733926346     
         614   8.4307286521701243     
         615   8.4307286521701243     
         616   8.4307286521701243     
         617   8.4471172494417033     
         618   8.4306965278300048     
         619   8.4306965278300048     
         620   8.4309779432833558     
         621   8.4309779432833558     
         622   8.4309779432833558     
         623   8.4483022297891637     
         624   8.4483022297891637     
         625   8.4364870055403944     
         626   8.4243551280532500     
         627   8.4150817262861182     
         628   8.4224042747853929     
         629   8.4487373204646374     
         630   8.4346733954429869     
         631   8.4346733954429869     
         632   8.4154981233540855     
         633   8.4154981233540855     
         634   8.4154981233540855     
         635   8.4154981233540855     
         636   8.4082273649756054     
         637   8.4082273649756054     
         638   8.4138685247465741     
         639   8.4071927453838438     
         640   8.4300089829198495     
         641   8.4417596977340725     
         642   8.4823174924063149     
         643   8.4823174924063149     
         644   8.4823174924063149     
         645   8.4686645691945071     
         646   8.4314243946756680     
         647   8.4175687958466145     
         648   8.4274632489174799     
         649   8.4462790078574503     
         650   8.4390950403834086     
         651   8.4408273531518603     
         652   8.4408273531518603     
         653   8.4408273531518603     
         654   8.4021016171167542     
         655   8.4075390945638482     
         656   8.4075390945638482     
         657   8.4075390945638482     
         658   8.4170293965659724     
         659   8.4218642235282068     
         660   8.3868203899742824     
         661   8.4305345606959268     
         662   8.4364059841049635     
         663   8.4518875261438531     
         664   8.4518875261438531     
         665   8.4556950375394155     
         666   8.4315197818932077     
         667   8.4279258048651009     
         668   8.3945215851243553     
         669   8.3553516474851133     
         670   8.3553516474851133     
         671   8.3577243955286278     
         672   8.3932461511175660     
         673   8.3932461511175660     
         674   8.3805432939338260     
         675   8.3805432939338260     
         676   8.3676877023989782     
         677   8.3969514544397015     
         678   8.3920942357995862     
         679   8.3680419691796093     
         680   8.3625930602014016     
         681   8.3625930602014016     
         682   8.3709315594494473     
         683   8.3864522640901260     
         684   8.3864522640901260     
         685   8.4329630654076801     
         686   8.4322130568539428     
         687   8.4322130568539428     
         688   8.4322130568539428     
         689   8.4322130568539428     
         690   8.4255245341781997     
         691   8.4255245341781997     
         692   8.4122923265515936     
         693   8.4122923265515936     
         694   8.4760447936524166     
         695   8.4560714100768770     
         696   8.4436550173816816     
         697   8.4436550173816816     
         698   8.4232469587501360     
         699   8.4232469587501360     
         700   8.4232469587501360     
         701   8.4519171153778743     
         702   8.4519171153778743     
         703   8.4220814219922566     
         704   8.4377327351784057     
         705   8.4377327351784057     
         706   8.4111335829501499     
         707   8.4503577549393611     
         708   8.4598093596632093     
         709   8.4195427027654439     
         710   8.4391543509267954     
         711   8.4518633761827608     
         712   8.4276243233599466     
         713   8.3911041087617875     
         714   8.4028467982651929     
         715   8.4021708618213378     
         716   8.4021708618213378     
         717   8.4463478254110989     
         718   8.4463478254110989     
         719   8.4463478254110989     
         720   8.4463478254110989     
         721   8.4281299375355765     
         722   8.3940545279384331     
         723   8.3940545279384331     
         724   8.4195152249082845     
         725   8.4352700614998337     
         726   8.4238371068984144     
         727   8.4077321097640674     
         728   8.3804923836600675     
         729   8.3872505209290651     
         730   8.3872505209290651     
         731   8.3777120214394269     
         732   8.3777120214394269     
         733   8.3777120214394269     
         734   8.3777120214394269     
         735   8.3777120214394269     
         736   8.3954364134847612     
         737   8.3954364134847612     
         738   8.3987206054861385     
         739   8.3808643762193249     
         740   8.4049709987296932     
         741   8.4049709987296932     
         742   8.4049709987296932     
         743   8.4128683416548249     
         744   8.4128683416548249     
         745   8.3627712213527179     
         746   8.3769850919798863     
         747   8.4075506958275117     
         748   8.3733285411748604     
         749   8.3759799494216942     
         750   8.3476003214090149     
         751   8.3476003214090149     
         752   8.3448999205321748     
         753   8.3519553910652604     
         754   8.3526461813918100     
         755   8.4048853554153293     
         756   8.4111409002420316     
         757   8.3978944350565641     
         758   8.4100811929708925     
         759   8.4314248398768381     
         760   8.4314248398768381     
         761   8.4127876454753210     
         762   8.4127876454753210     
         763   8.4115640034236030     
         764   8.4112489741812446     
         765   8.4248177113309239     
         766   8.4005022641800426     
         767   8.4005022641800426     
         768   8.3975500999118484     
         769   8.4060448565588981     
         770   8.4173973592817362     
         771   8.4173973592817362     
         772   8.3934004968335429     
         773   8.3934004968335429     
         774   8.3934004968335429     
         775   8.3869301947864034     
         776   8.4271496893849935     
         777   8.4323470007545751     
         778   8.4099641620124039     
         779   8.4186869180345330     
         780   8.4077199486915237     
         781   8.4077199486915237     
         782   8.4077199486915237     
         783   8.4077199486915237     
         784   8.4383639787113918     
         785   8.4137455750715393     
         786   8.4137455750715393     
         787   8.4123715435992334     
         788   8.4123715435992334     
         789   8.4281737271116981     
         790   8.4334992939798923     
         791   8.4334992939798923     
         792   8.4293849254607416     
         793   8.4293849254607416     
         794   8.4293849254607416     
         795   8.4213221930093720     
         796   8.4213221930093720     
         797   8.4127417044324115     
         798   8.4227311986931692     
         799   8.4191151304054834     
         800   8.4305687278224415     
         801   8.3935620723109583     
         802   8.3935620723109583     
         803   8.3935620723109583     
         804   8.3817314425596425     
         805   8.3965832012526711     
         806   8.3676570977593432     
         807   8.4118095125220300     
         808   8.4018713632583264     
         809   8.3866664561861022     
         810   8.3993766125156686     
         811   8.3993766125156686     
         812   8.3993766125156686     
         813   8.3988205147045232     
         814   8.3988205147045232     
         815   8.3888692308868453     
         816   8.3888692308868453     
         817   8.3828886494715711     
         818   8.3828886494715711     
         819   8.3828886494715711     
         820   8.3828886494715711     
         821   8.3902448269873080     
         822   8.4230433332051380     
         823   8.4303420560913462     
         824   8.4395765218612571     
         825   8.4230030419775854     
         826   8.4230030419775854     
         827   8.4230030419775854     
         828   8.3785581856558871     
         829   8.4054178650659797     
         830   8.4066353316251448     
         831   8.4489066150505181     
         832   8.4489066150505181     
         833   8.4489066150505181     
         834   8.4224775901586764     
         835   8.4224775901586764     
         836   8.4562296330560383     
         837   8.4562296330560383     
         838   8.4646414925039597     
         839   8.4373646973375092     
         840   8.4373646973375092     
         841   8.4373646973375092     
         842   8.4284902126061318     
         843   8.4284902126061318     
         844   8.4307758497794261     
         845   8.4228867848665363     
         846   8.4335696557810014     
         847   8.4217437286951871     
         848   8.4303445706295523     
         849   8.4132102054154547     
         850   8.4132102054154547     
         851   8.4162709602012544     
         852   8.4341465769594013     
         853   8.4790146125056989     
         854   8.4412254248128491     
         855   8.4357813551469540     
         856   8.4732105500747181     
         857   8.4648075327044658     
         858   8.4648075327044658     
         859   8.4648075327044658     
         860   8.4648075327044658     
         861   8.4396606296119678     
         862   8.4789147509622271     
         863   8.4619018829305777     
         864   8.4767994397670527     
         865   8.4767994397670527     
         866   8.4767994397670527     
         867   8.4868518388995717     
         868   8.4868518388995717     
         869   8.4351490092370547     
         870   8.4103087131458416     
         871   8.4103087131458416     
         872   8.4103087131458416     
         873   8.4103087131458416     
         874   8.4520184894914312     
         875   8.4520184894914312     
         876   8.4389751491725757     
         877   8.4636869537835384     
         878   8.4636869537835384     
         879   8.4375500426076826     
         880   8.4224300864545203     
         881   8.4224300864545203     
         882   8.4205592888081675     
         883   8.4205592888081675     
         884   8.4015368840312945     
         885   8.4796726964956228     
         886   8.4454622306616418     
         887   8.4593832456450784     
         888   8.4372320717693441     
         889   8.4139713620323349     
         890   8.4158546615123253     
         891   8.4158546615123253     
         892   8.4286283050084965     
         893   8.4295663653085970     
         894   8.4295663653085970     
         895   8.4265596086986054     
         896   8.4542202353948497     
         897   8.4691833835705470     
         898   8.4413815046996348     
         899   8.4455062064077797     
         900   8.4424591383400305     
         901   8.4279511127621038     
         902   8.4123926648375171     
         903   8.4572798001707543     
         904   8.4302019297561870     
         905   8.4286550083562588     
         906   8.4360061013193963     
         907   8.4318770821210283     
         908   8.4680822973353944     
         909   8.4680822973353944     
         910   8.4657649725541813     
         911   8.4059354536060322     
         912   8.4013479724773070     
         913   8.4013479724773070     
         914   8.4696501318801563     
         915   8.4547732244823059     
         916   8.4314843615391162     
         917   8.4013185724200561     
         918   8.4348732291088453     
         919   8.4177491653268905     
         920   8.4182431020697095     
         921   8.4183564429980589     
         922   8.4183564429980589     
         923   8.4183564429980589     
         924   8.4183564429980589     
         925   8.4183564429980589     
         926   8.4183564429980589     
         927   8.4041377319352666     
         928   8.3901142934601847     
         929   8.3834200940440500     
         930   8.4131247640274900     
         931   8.4131247640274900     
         932   8.3959965637451806     
         933   8.4241092575716703     
         934   8.4554847185746400     
         935   8.4554847185746400     
         936   8.4554847185746400     
         937   8.4554847185746400     
         938   8.4253279795556075     
         939   8.4372706277538985     
         940   8.4484324258431194     
         941   8.4712458368709971     
         942   8.4712458368709971     
         943   8.4404538932669606     
         944   8.4404538932669606     
         945   8.4629680432160548     
         946   8.4629680432160548     
         947   8.4228604512843930     
         948   8.4228604512843930     
         949   8.4322647804498594     
         950   8.4285561843579675     
         951   8.4285561843579675     
         952   8.4285561843579675     
         953   8.4285561843579675     
         954   8.4183788865945921     
         955   8.4183788865945921     
         956   8.4331139860093067     
         957   8.4399903351793721     
         958   8.4211893986523165     
         959   8.4211893986523165     
         960   8.4211893986523165     
         961   8.4211893986523165     
         962   8.4503346336280050     
         963   8.4473235029604901     
         964   8.4361027731830269     
         965   8.4245846752679192     
         966   8.4260356000471965     
         967   8.4410132865709944     
         968   8.4258916797319241     
         969   8.4465246469773625     
         970   8.4446913965533152     
         971   8.4446913965533152     
         972   8.4413795904774354     
         973   8.4413795904774354     
         974   8.4413795904774354     
         975   8.4496067130506827     
         976   8.4310642799396529     
         977   8.4310642799396529     
         978   8.4310642799396529     
         979   8.4508084072811798     
         980   8.3830950427354765     
         981   8.4087916974596446     
         982   8.4285960167879317     
         983   8.4285960167879317     
         984   8.4285960167879317     
         985   8.4285960167879317     
         986   8.4285960167879317     
         987   8.4619194497068335     
         988   8.4553032359477065     
         989   8.4553032359477065     
         990   8.4553032359477065     
         991   8.4112215254739429     
         992   8.4112215254739429     
         993   8.4175831863685069     
         994   8.3940221734077660     
         995   8.4125952733807150     
         996   8.4599749045877335     
         997   8.4599749045877335     
         998   8.4376479866816894     
         999   8.4376479866816894     
        1000   8.4376479866816894     
        1001   8.4376479866816894     
        1002   8.4386376804131906     
        1003   8.4379113556255518     
        1004   8.4141459830215286     
        1005   8.4141459830215286     
        1006   8.4141459830215286     
        1007   8.3887496739925176     
        1008   8.3961786954470305     
        1009   8.4066727398644367     
        1010   8.4245604639198941     
        1011   8.4245604639198941     
        1012   8.4007129229066724     
        1013   8.4007129229066724     
        1014   8.4132287504594920     
        1015   8.4015079132672330     
        1016   8.3840889591237389     
        1017   8.3840889591237389     
        1018   8.4244797455465825     
        1019   8.4162552783851954     
        1020   8.4459648233132878     
        1021   8.4383718917235075     
        1022   8.4383718917235075     
        1023   8.4160769640537101     
        1024   8.4160769640537101     
        1025   8.4160769640537101     
        1026   8.4160769640537101     
        1027   8.4160769640537101     
        1028   8.4160769640537101     
        1029   8.4160769640537101     
        1030   8.4562507546033565     
        1031   8.4562507546033565     
        1032   8.4562507546033565     
        1033   8.4212799704273564     
        1034   8.4353689561616232     
        1035   8.4353689561616232     
        1036   8.4407982545347036     
        1037   8.4241512863593275     
        1038   8.4656340758539130     
        1039   8.4206185862774667     
        1040   8.4206185862774667     
        1041   8.4179178776496535     
        1042   8.4179178776496535     
        1043   8.4547144844551347     
        1044   8.4149839052694073     
        1045   8.4470119620251634     
        1046   8.4270060521976244     
        1047   8.4270060521976244     
        1048   8.4270060521976244     
        1049   8.4270060521976244     
        1050   8.4224189690720426     
        1051   8.4224189690720426     
        1052   8.4224189690720426     
        1053   8.4224189690720426     
        1054   8.4224189690720426     
        1055   8.4536342536828482     
        1056   8.4536342536828482     
        1057   8.4354347209246470     
        1058   8.4453179973398083     
        1059   8.4453179973398083     
        1060   8.4493918833023045     
        1061   8.4389962716899074     
        1062   8.4167154992314259     
        1063   8.4678331180760953     
        1064   8.4678331180760953     
        1065   8.4678331180760953     
        1066   8.4551107907915650     
        1067   8.4311662355274031     
        1068   8.4769925918339339     
        1069   8.4769925918339339     
        1070   8.4769925918339339     
        1071   8.4494854231113283     
        1072   8.4428041650259349     
        1073   8.4428041650259349     
        1074   8.4130035536517678     
        1075   8.4327092480318857     
        1076   8.4327092480318857     
        1077   8.4327092480318857     
        1078   8.3932711868928216     
        1079   8.4239109090306847     
        1080   8.4141507856213824     
        1081   8.4362328420436654     
        1082   8.4106229597917856     
        1083   8.4106229597917856     
        1084   8.4476714888568836     
        1085   8.4201859087652977     
        1086   8.4263613401850339     
        1087   8.4263613401850339     
        1088   8.4263613401850339     
        1089   8.4368174431123002     
        1090   8.4290953739881100     
        1091   8.4119752180345699     
        1092   8.4517856328290026     
        1093   8.4517856328290026     
        1094   8.4157512995613004     
        1095   8.3963674564603910     
        1096   8.3961250288340779     
        1097   8.4008992098032067     
        1098   8.4296731121528836     
        1099   8.4057925692452002     
        1100   8.4057925692452002     
        1101   8.4034946408284430     
        1102   8.4034946408284430     
        1103   8.4167844469241153     
        1104   8.4167844469241153     
        1105   8.4229428030389251     
        1106   8.4229428030389251     
        1107   8.4241620250500890     
        1108   8.4241620250500890     
        1109   8.4055364447053744     
        1110   8.4308865696263329     
        1111   8.4308865696263329     
        1112   8.4308865696263329     
        1113   8.4477940764975443     
        1114   8.4319105046364626     
        1115   8.4319105046364626     
        1116   8.4130825726404552     
        1117   8.4434232861466860     
        1118   8.4242023291711732     
        1119   8.4308848750715537     
        1120   8.4308848750715537     
        1121   8.4441851890961299     
        1122   8.4441851890961299     
        1123   8.4501280190281456     
        1124   8.4501280190281456     
        1125   8.4218216208815093     
        1126   8.4271573395295327     
        1127   8.4174757844334298     
        1128   8.4174757844334298     
        1129   8.4459713342038150     
        1130   8.4459713342038150     
        1131   8.4073778998355895     
        1132   8.4266460736691791     
        1133   8.4266460736691791     
        1134   8.4250285434860004     
        1135   8.4250285434860004     
        1136   8.4069143155971755     
        1137   8.3866463109080751     
        1138   8.4197888870622233     
        1139   8.4406116164336531     
        1140   8.4406116164336531     
        1141   8.4406116164336531     
        1142   8.4406116164336531     
        1143   8.4655879400561425     
        1144   8.4374379307508587     
        1145   8.4523271365200454     
        1146   8.4315378416363203     
        1147   8.4619303586196377     
        1148   8.4619303586196377     
        1149   8.4619303586196377     
        1150   8.4510755024486368     
        1151   8.4510755024486368     
        1152   8.4510755024486368     
        1153   8.4510755024486368     
        1154   8.4146714265003997     
        1155   8.4146714265003997     
        1156   8.4146714265003997     
        1157   8.4217209036202014     
        1158   8.4355706923331795     
        1159   8.4288640274712883     
        1160   8.4288640274712883     
        1161   8.4247895081324540     
        1162   8.4177199084490120     
        1163   8.3925356955393990     
        1164   8.3925356955393990     
        1165   8.4163873883286460     
        1166   8.4242438555589150     
        1167   8.4112967003861581     
        1168   8.3799382854898372     
        1169   8.3799382854898372     
        1170   8.3850217241740133     
        1171   8.3850217241740133     
        1172   8.4174828939277067     
        1173   8.3845771189251561     
        1174   8.3845771189251561     
        1175   8.4002458362176675     
        1176   8.4270867641887168     
        1177   8.3814642423082013     
        1178   8.3814642423082013     
        1179   8.4090638432003590     
        1180   8.3852135278479398     
        1181   8.3852135278479398     
        1182   8.4272202520944575     
        1183   8.4199630518810586     
        1184   8.4348031925505165     
        1185   8.4014235421741486     
        1186   8.3930614014055482     
        1187   8.4377829403434657     
        1188   8.4126860329199484     
        1189   8.4265665188397989     
        1190   8.4265665188397989     
        1191   8.4238501614090691     
        1192   8.4186725442057089     
        1193   8.4186725442057089     
        1194   8.4188949949316800     
        1195   8.3902478590388245     
        1196   8.3902478590388245     
        1197   8.3931150686812614     
        1198   8.4133681941174050     
        1199   8.4133681941174050     
        1200   8.4133681941174050     
        1201   8.3654531205292528     
        1202   8.3830467368179882     
        1203   8.3830467368179882     
        1204   8.3620729921634052     
        1205   8.3620729921634052     
        1206   8.3620729921634052     
        1207   8.3620729921634052     
        1208   8.3620729921634052     
        1209   8.3801598974027698     
        1210   8.3558693017322501     
        1211   8.3558693017322501     
        1212   8.3865530276669986     
        1213   8.3865530276669986     
        1214   8.3865530276669986     
        1215   8.3714158857168925     
        1216   8.3871123234842013     
        1217   8.3997217853718418     
        1218   8.3997217853718418     
        1219   8.3997217853718418     
        1220   8.3997217853718418     
        1221   8.3889368252668337     
        1222   8.3889368252668337     
        1223   8.3413755186011240     
        1224   8.3413755186011240     
        1225   8.3413755186011240     
        1226   8.3275934374091332     
        1227   8.3535279116474914     
        1228   8.3737620858026212     
        1229   8.3737620858026212     
        1230   8.3737620858026212     
        1231   8.3892513849648562     
        1232   8.3892513849648562     
        1233   8.3855935030968904     
        1234   8.3855935030968904     
        1235   8.3932008948227690     
        1236   8.4064898245579904     
        1237   8.4018630814578650     
        1238   8.3898867643032080     
        1239   8.3648694583037475     
        1240   8.3773420650907884     
        1241   8.3773420650907884     
        1242   8.3951891055328076     
        1243   8.3951891055328076     
        1244   8.4200984938090411     
        1245   8.3917171234159156     
        1246   8.3917171234159156     
        1247   8.3585098876516550     
        1248   8.3585098876516550     
        1249   8.3876673455123676     
        1250   8.3769818457042131     
        1251   8.3685750159243142     
        1252   8.3685750159243142     
        1253   8.3722403829528318     
        1254   8.3722403829528318     
        1255   8.4086784772284542     
        1256   8.3909117555911052     
        1257   8.4078963441897905     
        1258   8.4078963441897905     
        1259   8.4078963441897905     
        1260   8.4078963441897905     
        1261   8.4309697191683561     
        1262   8.4309697191683561     
        1263   8.4309697191683561     
        1264   8.4309697191683561     
        1265   8.4309697191683561     
        1266   8.3892676546184752     
        1267   8.4230419389942490     
        1268   8.4230419389942490     
        1269   8.3962768826071006     
        1270   8.3962768826071006     
        1271   8.3962768826071006     
        1272   8.4101315078562475     
        1273   8.3713753032390628     
        1274   8.3728095205366131     
        1275   8.3808704742945928     
        1276   8.3808704742945928     
        1277   8.3821833438405609     
        1278   8.4245641964750462     
        1279   8.4080891208848527     
        1280   8.4080891208848527     
        1281   8.4264278859349790     
        1282   8.4264278859349790     
        1283   8.4388302006452403     
        1284   8.4313620296442320     
        1285   8.4313620296442320     
        1286   8.4533676975737322     
        1287   8.4533676975737322     
        1288   8.4175608599711254     
        1289   8.4065819610911241     
        1290   8.4117311425416474     
        1291   8.4051416690424627     
        1292   8.4030194990707265     
        1293   8.4034776502937998     
        1294   8.3893077944336909     
        1295   8.3549213457089735     
        1296   8.3573706421605536     
        1297   8.3757747964489901     
        1298   8.3988550200117000     
        1299   8.4124159158214642     
        1300   8.4099691736147673     
        1301   8.4109819632965230     
        1302   8.4109819632965230     
        1303   8.4109819632965230     
        1304   8.4109819632965230     
        1305   8.4231876756917856     
        1306   8.4231876756917856     
        1307   8.4326558577746145     
        1308   8.4107805677618543     
        1309   8.3790316828626707     
        1310   8.3780734894564652     
        1311   8.4034210046478197     
        1312   8.3820423809688425     
        1313   8.3862588515169350     
        1314   8.3931731602166249     
        1315   8.3931731602166249     
        1316   8.4209089777518731     
        1317   8.4282135335759367     
        1318   8.3952165103111458     
        1319   8.4008532476661131     
        1320   8.4153088064747497     
        1321   8.4250826684716262     
        1322   8.3892968912175920     
        1323   8.3892968912175920     
        1324   8.4065836256538695     
        1325   8.3679249277127781     
        1326   8.4040532254785827     
        1327   8.3955633654169795     
        1328   8.3955633654169795     
        1329   8.3955633654169795     
        1330   8.3955633654169795     
        1331   8.4109920301289165     
        1332   8.4400727624647747     
        1333   8.4400727624647747     
        1334   8.4400727624647747     
        1335   8.4212247741701098     
        1336   8.4362293332898162     
        1337   8.4362293332898162     
        1338   8.4362293332898162     
        1339   8.4362293332898162     
        1340   8.4562018696842234     
        1341   8.4562018696842234     
        1342   8.4357700131121121     
        1343   8.4063347848577301     
        1344   8.4217400748132079     
        1345   8.4207078284897463     
        1346   8.4470143079654143     
        1347   8.4470143079654143     
        1348   8.4629056730817069     
        1349   8.4326488570977887     
        1350   8.4104856907295833     
        1351   8.4161127925285300     
        1352   8.4430270713474123     
        1353   8.4430270713474123     
        1354   8.4399756826049472     
        1355   8.4399756826049472     
        1356   8.4214281679341525     
        1357   8.4210344043329339     
        1358   8.4210344043329339     
        1359   8.4651703755915282     
        1360   8.4378722024617385     
        1361   8.4484865742856314     
        1362   8.4406545744096739     
        1363   8.4641111078824238     
        1364   8.4644325283009678     
        1365   8.4644325283009678     
        1366   8.4307231787494672     
        1367   8.4307231787494672     
        1368   8.4087072740358106     
        1369   8.4211946540628997     
        1370   8.4211946540628997     
        1371   8.3867384928862165     
        1372   8.4161759526241138     
        1373   8.4086525289112064     
        1374   8.4086525289112064     
        1375   8.4160975587385440     
        1376   8.4084029386366073     
        1377   8.4084029386366073     
        1378   8.4003523699830041     
        1379   8.3990079822914243     
        1380   8.3823325344549673     
        1381   8.3823325344549673     
        1382   8.4063596844785238     
        1383   8.3744285323053678     
        1384   8.4047624850154889     
        1385   8.4085266858486349     
        1386   8.3954223165763580     
        1387   8.3954223165763580     
        1388   8.3954223165763580     
        1389   8.3740652349459257     
        1390   8.3460255767874170     
        1391   8.3460255767874170     
        1392   8.3543984289844282     
        1393   8.3756360597998238     
        1394   8.3756360597998238     
        1395   8.3521688747599327     
        1396   8.3521688747599327     
        1397   8.3835521438964324     
        1398   8.3835521438964324     
        1399   8.3835521438964324     
        1400   8.3835521438964324     
        1401   8.4122430281486196     
        1402   8.3945958464956245     
        1403   8.3989646012975356     
        1404   8.4107926647923517     
        1405   8.4225105599374128     
        1406   8.4225105599374128     
        1407   8.4428701875920176     
        1408   8.4284086813131527     
        1409   8.4281535069592373     
        1410   8.3981603719777240     
        1411   8.3981603719777240     
        1412   8.4116246438338642     
        1413   8.4116246438338642     
        1414   8.4116246438338642     
        1415   8.3730141618130105     
        1416   8.3861375903903816     
        1417   8.3861375903903816     
        1418   8.4323804481779305     
        1419   8.4196015630851182     
        1420   8.4196015630851182     
        1421   8.4196015630851182     
        1422   8.3955739749457106     
        1423   8.4340835352306751     
        1424   8.4094131055141563     
        1425   8.4253008157578400     
        1426   8.4253008157578400     
        1427   8.4190320524469833     
        1428   8.4417005172686270     
        1429   8.4453004566499104     
        1430   8.4420295485165671     
        1431   8.4227045001491643     
        1432   8.3784037917587426     
        1433   8.4190593081189604     
        1434   8.4071228762030792     
        1435   8.4027294641129355     
        1436   8.3893067707134001     
        1437   8.4089691914802156     
        1438   8.3793905924758079     
        1439   8.3989664584307917     
        1440   8.4145255454438654     
        1441   8.3720169004395864     
        1442   8.3945255067208961     
        1443   8.3894565715899212     
        1444   8.4287778355439418     
        1445   8.3845375187864075     
        1446   8.3845375187864075     
        1447   8.3845375187864075     
        1448   8.3845375187864075     
        1449   8.3845375187864075     
        1450   8.3845375187864075     
        1451   8.3845375187864075     
        1452   8.3488862706639466     
        1453   8.3763377669640828     
        1454   8.3763377669640828     
        1455   8.3763377669640828     
        1456   8.3763377669640828     
        1457   8.3763377669640828     
        1458   8.3614511593568022     
        1459   8.3614511593568022     
        1460   8.3614511593568022     
        1461   8.3614511593568022     
        1462   8.3791799356391987     
        1463   8.3791799356391987     
        1464   8.3791799356391987     
        1465   8.3517096327822919     
        1466   8.3866814057261454     
        1467   8.3866814057261454     
        1468   8.3478064114514545     
        1469   8.3799552507086013     
        1470   8.3568784696055491     
        1471   8.3932073837723546     
        1472   8.3613531788959055     
        1473   8.3613531788959055     
        1474   8.3532859459604829     
        1475   8.3532859459604829     
        1476   8.3672181357018864     
        1477   8.3693574599698675     
        1478   8.3693574599698675     
        1479   8.3831756427615858     
        1480   8.3817914861124283     
        1481   8.4362570302405757     
        1482   8.4362570302405757     
        1483   8.4244720173611274     
        1484   8.3936973332767160     
        1485   8.3940527015860837     
        1486   8.3866966302698245     
        1487   8.4177850227333195     
        1488   8.4007493327720404     
        1489   8.4114563474691124     
        1490   8.4114563474691124     
        1491   8.4325522824587562     
        1492   8.3826167748398088     
        1493   8.3826167748398088     
        1494   8.4228809431003491     
        1495   8.4228809431003491     
        1496   8.4228809431003491     
        1497   8.4228809431003491     
        1498   8.4491960699137270     
        1499   8.4491960699137270     
        1500   8.4491960699137270     
        1501   8.4365925923590250     
        1502   8.4365925923590250     
        1503   8.3971496375583801     
        1504   8.4268752454977829     
        1505   8.4268752454977829     
        1506   8.4291287778145598     
        1507   8.4291287778145598     
        1508   8.4291287778145598     
        1509   8.4163478756183494     
        1510   8.4173859091847110     
        1511   8.4173859091847110     
        1512   8.4173859091847110     
        1513   8.4173859091847110     
        1514   8.4000299568422410     
        1515   8.4063202565766915     
        1516   8.3933161110252410     
        1517   8.4088910018757481     
        1518   8.4088910018757481     
        1519   8.4028280151243280     
        1520   8.4028280151243280     
        1521   8.4312536147004984     
        1522   8.4187085878612535     
        1523   8.4187085878612535     
        1524   8.4355607274765525     
        1525   8.4146269999391468     
        1526   8.4167203250445066     
        1527   8.4283076094023652     
        1528   8.4482999746412073     
        1529   8.4107475396309272     
        1530   8.4005808815803942     
        1531   8.4005808815803942     
        1532   8.4459263651633485     
        1533   8.4227305621327186     
        1534   8.4202469234379187     
        1535   8.3857773244787044     
        1536   8.3910303383247786     
        1537   8.3389328851298554     
        1538   8.3437652083210043     
        1539   8.3437652083210043     
        1540   8.3437652083210043     
        1541   8.3437652083210043     
        1542   8.3877179809773210     
        1543   8.3993629478158098     
        1544   8.4021664841465604     
        1545   8.3691478798468779     
        1546   8.3835404984667790     
        1547   8.3875123465017687     
        1548   8.3875123465017687     
        1549   8.3933201742030388     
        1550   8.3933201742030388     
        1551   8.4230387413099663     
        1552   8.4062799589824646     
        1553   8.3726854086183877     
        1554   8.4095318754533217     
        1555   8.3982656034124670     
        1556   8.3971748073322825     
        1557   8.4089920462814653     
        1558   8.4104943323914014     
        1559   8.4001551243091992     
        1560   8.3994733816318234     
        1561   8.4214257775680359     
        1562   8.4214257775680359     
        1563   8.4300905620583322     
        1564   8.4531817304904866     
        1565   8.4664791727438136     
        1566   8.4030774007224878     
        1567   8.4423154904633151     
        1568   8.4423154904633151     
        1569   8.4423154904633151     
        1570   8.4186788152954044     
        1571   8.4186788152954044     
        1572   8.4082499338831926     
        1573   8.4082499338831926     
        1574   8.4335056599312015     
        1575   8.4292713270477631     
        1576   8.3860704498129177     
        1577   8.3860704498129177     
        1578   8.4281622601234094     
        1579   8.4204220987643961     
        1580   8.4280169544659138     
        1581   8.4305118519657558     
        1582   8.4305118519657558     
        1583   8.4305118519657558     
        1584   8.4502941563601226     
        1585   8.4831938830254572     
        1586   8.4604775284181777     
        1587   8.4696786852758450     
        1588   8.4672534210442176     
        1589   8.4734511316449996     
        1590   8.4852288700650256     
        1591   8.4852288700650256     
        1592   8.4852288700650256     
        1593   8.4852288700650256     
        1594   8.4441919058263082     
        1595   8.4458179031618421     
        1596   8.4458179031618421     
        1597   8.4126691695837117     
        1598   8.4126691695837117     
        1599   8.4126691695837117     
        1600   8.3925028769763657     
        1601   8.4075208273951514     
        1602   8.4278110064530711     
        1603   8.4157053624139433     
        1604   8.4250975973059674     
        1605   8.4250975973059674     
        1606   8.4250975973059674     
        1607   8.4237074919747368     
        1608   8.4827184850490376     
        1609   8.5141904248313445     
        1610   8.4858096190551677     
        1611   8.4858096190551677     
        1612   8.4858096190551677     
        1613   8.4858096190551677     
        1614   8.4858096190551677     
        1615   8.4858096190551677     
        1616   8.4858096190551677     
        1617   8.4615746495938815     
        1618   8.4444756341487608     
        1619   8.4483109592930585     
        1620   8.4483109592930585     
        1621   8.4149705258429908     
        1622   8.4149705258429908     
        1623   8.4149705258429908     
        1624   8.4072119853659757     
        1625   8.4154089362549236     
        1626   8.4112327577065393     
        1627   8.4271496824644583     
        1628   8.4200939683359781     
        1629   8.4200939683359781     
        1630   8.4200939683359781     
        1631   8.4200939683359781     
        1632   8.4227736931525623     
        1633   8.4236383901512699     
        1634   8.3925485861205935     
        1635   8.4288332837052966     
        1636   8.4361935267194514     
        1637   8.4361935267194514     
        1638   8.4361935267194514     
        1639   8.4468552656992770     
        1640   8.4468552656992770     
        1641   8.4174840560617579     
        1642   8.4510669787482726     
        1643   8.4669469664855317     
        1644   8.4669469664855317     
        1645   8.4504881524256685     
        1646   8.4504881524256685     
        1647   8.4390845753073762     
        1648   8.4390845753073762     
        1649   8.4087920710538508     
        1650   8.4087920710538508     
        1651   8.4075920313126051     
        1652   8.4028748093135537     
        1653   8.4339600141860913     
        1654   8.4134194520578234     
        1655   8.4134194520578234     
        1656   8.4399651689738704     
        1657   8.4403426867216496     
        1658   8.4446005650744294     
        1659   8.4529827785354463     
        1660   8.4368786117608341     
        1661   8.4399682963079847     
        1662   8.4570859073825382     
        1663   8.4464433084981128     
        1664   8.4586817966644148     
        1665   8.4590432876824639     
        1666   8.4397441801664623     
        1667   8.4454166147343557     
        1668   8.4549241194526008     
        1669   8.4412243088473087     
        1670   8.4457111557545730     
        1671   8.4008205713114172     
        1672   8.3938763478649374     
        1673   8.4242379724296814     
        1674   8.4257263072381523     
        1675   8.3958941086192471     
        1676   8.4084684184618688     
        1677   8.4374756726388931     
        1678   8.4201567836846394     
        1679   8.4201567836846394     
        1680   8.4084753510738182     
        1681   8.4084753510738182     
        1682   8.3851663477946676     
        1683   8.4107734372522032     
        1684   8.4122327965095227     
        1685   8.3823718334240489     
        1686   8.3823718334240489     
        1687   8.3823718334240489     
        1688   8.3823718334240489     
        1689   8.3740774908070694     
        1690   8.3742563745722798     
        1691   8.3742563745722798     
        1692   8.3742563745722798     
        1693   8.3742563745722798     
        1694   8.3631108716322888     
        1695   8.3925376095933899     
        1696   8.3863445129604237     
        1697   8.3889118533987350     
        1698   8.3880240151918102     
        1699   8.3880240151918102     
        1700   8.3880240151918102     
        1701   8.3678760874217204     
        1702   8.3678760874217204     
        1703   8.3929906544171704     
        1704   8.3929906544171704     
        1705   8.3818525655595089     
        1706   8.3818525655595089     
        1707   8.3818525655595089     
        1708   8.4156909283181491     
        1709   8.4156909283181491     
        1710   8.3899447977623307     
        1711   8.3899447977623307     
        1712   8.3899362248389551     
        1713   8.3824188620243092     
        1714   8.3651563188100440     
        1715   8.3565771775832278     
        1716   8.3909645980351328     
        1717   8.3909645980351328     
        1718   8.3909645980351328     
        1719   8.3782644540839186     
        1720   8.3782644540839186     
        1721   8.3619960160391091     
        1722   8.3785234579192025     
        1723   8.3911859275091381     
        1724   8.3806214509390635     
        1725   8.4283172900629832     
        1726   8.4283172900629832     
        1727   8.3931677623996901     
        1728   8.3787221666663907     
        1729   8.3787221666663907     
        1730   8.3787221666663907     
        1731   8.3966407918875756     
        1732   8.3965489433808269     
        1733   8.3968877570506937     
        1734   8.3968877570506937     
        1735   8.3968877570506937     
        1736   8.3962802120678433     
        1737   8.3962802120678433     
        1738   8.3790300537500801     
        1739   8.3790300537500801     
        1740   8.3790300537500801     
        1741   8.3790300537500801     
        1742   8.4146666684014431     
        1743   8.3967667189072195     
        1744   8.3968398412131364     
        1745   8.4047426178943727     
        1746   8.3978871721837276     
        1747   8.3978871721837276     
        1748   8.4351334378764289     
        1749   8.4351334378764289     
        1750   8.4415971170502875     
        1751   8.4415971170502875     
        1752   8.4415971170502875     
        1753   8.3974411478757496     
        1754   8.3974411478757496     
        1755   8.4003096785923734     
        1756   8.4003096785923734     
        1757   8.4003096785923734     
        1758   8.4211069141439765     
        1759   8.4211069141439765     
        1760   8.4100643902523178     
        1761   8.4239438843628918     
        1762   8.4003088096030325     
        1763   8.3886689786956712     
        1764   8.3920673728748127     
        1765   8.4326431934543447     
        1766   8.4540052987761172     
        1767   8.4117886991870066     
        1768   8.4362053964478338     
        1769   8.4445695541294636     
        1770   8.4280976172372082     
        1771   8.4377788621069030     
        1772   8.4055860106920903     
        1773   8.4091815029387007     
        1774   8.3976379447162088     
        1775   8.4287846842446292     
        1776   8.3988442446307943     
        1777   8.3988442446307943     
        1778   8.3988442446307943     
        1779   8.3988442446307943     
        1780   8.3988442446307943     
        1781   8.4221856370889405     
        1782   8.4079190728148525     
        1783   8.4291119484098829     
        1784   8.4023827485986793     
        1785   8.4122349784173132     
        1786   8.4122349784173132     
        1787   8.4153886519839549     
        1788   8.4153886519839549     
        1789   8.3659021851942601     
        1790   8.3659021851942601     
        1791   8.3659021851942601     
        1792   8.3659021851942601     
        1793   8.3659021851942601     
        1794   8.3659021851942601     
        1795   8.3908615064600429     
        1796   8.4210319756412275     
        1797   8.4210319756412275     
        1798   8.4210319756412275     
        1799   8.3955108731381856     
        1800   8.4085532471914615     
        1801   8.3759835459751475     
        1802   8.3881688130596466     
        1803   8.4400580038798942     
        1804   8.4400580038798942     
        1805   8.4400580038798942     
        1806   8.4600187537299529     
        1807   8.4260952594992169     
        1808   8.4032659051008238     
        1809   8.3953059062078417     
        1810   8.4299032108754677     
        1811   8.3981366732800424     
        1812   8.3981366732800424     
        1813   8.3981366732800424     
        1814   8.4025489943181366     
        1815   8.4069109723504596     
        1816   8.4122329430959084     
        1817   8.4153773003405981     
        1818   8.4037321334501893     
        1819   8.4037321334501893     
        1820   8.4010807406941481     
        1821   8.3955546328567667     
        1822   8.4159041453291170     
        1823   8.4063331666109473     
        1824   8.4190868584758025     
        1825   8.4297075960938628     
        1826   8.4271388795595268     
        1827   8.4271388795595268     
        1828   8.3957184849884783     
        1829   8.3957184849884783     
        1830   8.3919146617058402     
        1831   8.3907715361499289     
        1832   8.4231902719039287     
        1833   8.3916744177793525     
        1834   8.3916744177793525     
        1835   8.4178593413439344     
        1836   8.4178593413439344     
        1837   8.4178593413439344     
        1838   8.4070305489898534     
        1839   8.3850955291228964     
        1840   8.3764562612655666     
        1841   8.3714149550753909     
        1842   8.4007209295745593     
        1843   8.4007209295745593     
        1844   8.4219938644493304     
        1845   8.4262845715140955     
        1846   8.4262845715140955     
        1847   8.4032555312832411     
        1848   8.4237392475179842     
        1849   8.4045493430484317     
        1850   8.4017649213283754     
        1851   8.4017649213283754     
        1852   8.4017649213283754     
        1853   8.4079911111103023     
        1854   8.4079911111103023     
        1855   8.4005561097144650     
        1856   8.3793852910108910     
        1857   8.4050047312401652     
        1858   8.3678443775078843     
        1859   8.3678443775078843     
        1860   8.3678443775078843     
        1861   8.3678443775078843     
        1862   8.3678443775078843     
        1863   8.4197471641640043     
        1864   8.4425059990945233     
        1865   8.4284711377096109     
        1866   8.4089552944704309     
        1867   8.3961325839705019     
        1868   8.3961325839705019     
        1869   8.3961325839705019     
        1870   8.4074249516948374     
        1871   8.4074249516948374     
        1872   8.4163179955110206     
        1873   8.4163179955110206     
        1874   8.4134639463686511     
        1875   8.4134639463686511     
        1876   8.4134639463686511     
        1877   8.4576968724381523     
        1878   8.4576968724381523     
        1879   8.4576968724381523     
        1880   8.4182299694240577     
        1881   8.4182299694240577     
        1882   8.4182299694240577     
        1883   8.3942407066387457     
        1884   8.4275449549363639     
        1885   8.4044101931425494     
        1886   8.3728560373852723     
        1887   8.3810801013040361     
        1888   8.3972903856623731     
        1889   8.3929183496577977     
        1890   8.3993698443634663     
        1891   8.4225961447857749     
        1892   8.4225961447857749     
        1893   8.4225961447857749     
        1894   8.4225961447857749     
        1895   8.3989362078314791     
        1896   8.3989362078314791     
        1897   8.3989362078314791     
        1898   8.4084075674912278     
        1899   8.3906935624530909     
        1900   8.3962630016118283     
        1901   8.4160557722112799     
        1902   8.4160557722112799     
        1903   8.4160557722112799     
        1904   8.4386350307333231     
        1905   8.4386350307333231     
        1906   8.4594496488920790     
        1907   8.4494700403069629     
        1908   8.4494700403069629     
        1909   8.4092286540653429     
        1910   8.4092286540653429     
        1911   8.4484322963131984     
        1912   8.4191536162684546     
        1913   8.4298726518752893     
        1914   8.4447756488688341     
        1915   8.4447756488688341     
        1916   8.4460729572259154     
        1917   8.4227460310771800     
        1918   8.4214602249385191     
        1919   8.4202815515786948     
        1920   8.4202815515786948     
        1921   8.4202815515786948     
        1922   8.4224117268138219     
        1923   8.4224117268138219     
        1924   8.4448466438919922     
        1925   8.4448466438919922     
        1926   8.4557273045219610     
        1927   8.4174520452267458     
        1928   8.3884153610495886     
        1929   8.4081377806034716     
        1930   8.4081377806034716     
        1931   8.3891678595691648     
        1932   8.3807728487145798     
        1933   8.4132511897992082     
        1934   8.3817511251339258     
        1935   8.3888220708664321     
        1936   8.3888220708664321     
        1937   8.3888220708664321     
        1938   8.4079912955213043     
        1939   8.4079912955213043     
        1940   8.3681839038313939     
        1941   8.3681839038313939     
        1942   8.3617912267419925     
        1943   8.3501592245376823     
        1944   8.3846228060236445     
        1945   8.3746843067606580     
        1946   8.4041735539794953     
        1947   8.3993141043405295     
        1948   8.3917940281290520     
        1949   8.3917940281290520     
        1950   8.3269277852020984     
        1951   8.3269277852020984     
        1952   8.3507301325469658     
        1953   8.3507301325469658     
        1954   8.3627111930520215     
        1955   8.3643662383595849     
        1956   8.3643662383595849     
        1957   8.3643662383595849     
        1958   8.3498233809548648     
        1959   8.3574384219567950     
        1960   8.3516186508281063     
        1961   8.3860455792303483     
        1962   8.3879225366562107     
        1963   8.3610066644392607     
        1964   8.3610066644392607     
        1965   8.3967166779716180     
        1966   8.3967166779716180     
        1967   8.3967166779716180     
        1968   8.3992707055522651     
        1969   8.3992707055522651     
        1970   8.3992707055522651     
        1971   8.3992707055522651     
        1972   8.3977433491639992     
        1973   8.3866490454369078     
        1974   8.4064010706848080     
        1975   8.4064010706848080     
        1976   8.4071433183491990     
        1977   8.3992309509978700     
        1978   8.3992309509978700     
        1979   8.3992309509978700     
        1980   8.4146604150702302     
        1981   8.4018100041186159     
        1982   8.4018100041186159     
        1983   8.4018100041186159     
        1984   8.4018100041186159     
        1985   8.3733883796038935     
        1986   8.3733883796038935     
        1987   8.3965729875492858     
        1988   8.4076894696310589     
        1989   8.3768695960351796     
        1990   8.3768695960351796     
        1991   8.3897583852002100     
        1992   8.3967373569697941     
        1993   8.3848680588007607     
        1994   8.3794935621329572     
        1995   8.3782551925208821     
        1996   8.3782551925208821     
        1997   8.3638561189901601     
        1998   8.4013200592033037     
        1999   8.3807702351134594     
        2000   8.3830067435888544     
