 SAMPLE,  BOXLENGTH
           1   9.0112045137950716     
           2   9.0537150048229478     
           3   9.0044692248627687     
           4   9.0044692248627687     
           5   9.0634538690828190     
           6   9.0625007155911419     
           7   8.9845987639480764     
           8   8.9845987639480764     
           9   8.9745847485636183     
          10   8.9745847485636183     
          11   8.9901750303344414     
          12   8.9661817671199326     
          13   8.9725268982670627     
          14   8.9725268982670627     
          15   8.9825641670641794     
          16   8.9635892350590058     
          17   8.9995303086866585     
          18   9.0592474263361158     
          19   9.0212220835150188     
          20   9.0212220835150188     
          21   8.9816185526579275     
          22   9.0340706632242522     
          23   9.0356737863530405     
          24   9.0331313862642357     
          25   9.0272416206188559     
          26   9.0246378728217778     
          27   9.0632655669975293     
          28   9.0329793577474486     
          29   9.0367200180145222     
          30   9.0486223260047254     
          31   9.0268295388935638     
          32   9.0265684966605360     
          33   9.0265684966605360     
          34   9.0265684966605360     
          35   9.0448607509477892     
          36   9.0887704788814467     
          37   9.1034726892217250     
          38   9.0741935260064679     
          39   9.0538948067413880     
          40   9.0997973126242702     
          41   9.0948516723692929     
          42   9.0838788308519121     
          43   9.0806350520040926     
          44   9.0806350520040926     
          45   9.0917614832261258     
          46   9.0958391833348706     
          47   9.0817241087427583     
          48   9.0817241087427583     
          49   9.0817241087427583     
          50   9.0817241087427583     
          51   9.0817241087427583     
          52   9.0506071088459503     
          53   9.0374228720516250     
          54   9.0518896250629144     
          55   9.0518896250629144     
          56   9.0522384144236288     
          57   9.0577905161700194     
          58   9.0577905161700194     
          59   9.0577905161700194     
          60   9.0577905161700194     
          61   9.0577905161700194     
          62   9.0511243778196153     
          63   9.0039695884062496     
          64   9.0171701688215915     
          65   9.0707747245401027     
          66   9.1016562401354761     
          67   9.0890270578780168     
          68   9.0321837605033402     
          69   9.0321837605033402     
          70   9.0864492112047408     
          71   9.0685335458161838     
          72   9.0873321331650736     
          73   9.0896016936402706     
          74   9.0896016936402706     
          75   9.0518016367204783     
          76   9.0638940883807990     
          77   9.1144224806077077     
          78   9.1144224806077077     
          79   9.1372330583128107     
          80   9.1009728454924179     
          81   9.1009728454924179     
          82   9.1599412500080941     
          83   9.1403246721317739     
          84   9.1019886947807258     
          85   9.0956404844890226     
          86   9.0956404844890226     
          87   9.0363869203079226     
          88   9.0008706669503820     
          89   9.0475370275988549     
          90   9.0475370275988549     
          91   9.0360530184607342     
          92   9.0664999973890250     
          93   9.0664999973890250     
          94   9.0664999973890250     
          95   9.1147872991883485     
          96   9.0728400358853012     
          97   9.0728400358853012     
          98   9.0178018168079888     
          99   8.9865873674136534     
         100   9.0280793713725132     
         101   9.0994894705555822     
         102   9.0460362962744583     
         103   9.0772805051587504     
         104   9.0692404707156822     
         105   9.0692404707156822     
         106   9.0663711308524579     
         107   9.0663711308524579     
         108   9.0663711308524579     
         109   9.0547573682258058     
         110   9.0658624441970499     
         111   9.0707235308992598     
         112   9.0707235308992598     
         113   9.0596348849551731     
         114   9.0596348849551731     
         115   9.0620691159507771     
         116   9.0594007447113754     
         117   9.0199708973883492     
         118   9.1001275466929350     
         119   9.0838186385986273     
         120   9.0838186385986273     
         121   9.0838186385986273     
         122   9.0823571571861201     
         123   9.0723653186128388     
         124   9.0391638475544305     
         125   9.0930890956483470     
         126   9.1510308436034808     
         127   9.1510308436034808     
         128   9.1510308436034808     
         129   9.1510308436034808     
         130   9.1510308436034808     
         131   9.1510308436034808     
         132   9.1510308436034808     
         133   9.1510308436034808     
         134   9.1547319788586314     
         135   9.0960548743477059     
         136   9.1027363389358289     
         137   9.0644176126917522     
         138   9.0972795084847711     
         139   9.0843763275258471     
         140   9.1203917010123572     
         141   9.1203917010123572     
         142   9.1203917010123572     
         143   9.1190760138178550     
         144   9.0954392461153031     
         145   9.0693962877104539     
         146   9.0380602922938120     
         147   9.0991016510263059     
         148   9.0955772775732626     
         149   9.0955772775732626     
         150   9.0955772775732626     
         151   9.0955772775732626     
         152   9.0955772775732626     
         153   9.0690985102900523     
         154   9.0212095098605651     
         155   9.0431631195011697     
         156   9.0566288346851831     
         157   9.0637439191505198     
         158   9.0296356176336641     
         159   9.0250623825347791     
         160   9.0250623825347791     
         161   9.0250623825347791     
         162   9.0278432020193922     
         163   9.0278432020193922     
         164   9.0499391669669720     
         165   9.0554134394140728     
         166   9.0636884711063193     
         167   9.0521115149877414     
         168   9.0260972136277182     
         169   9.0770071946151756     
         170   9.0434806903126557     
         171   9.0434806903126557     
         172   9.0762073122783242     
         173   9.0268752123858587     
         174   9.0263238266857257     
         175   9.0345890488143787     
         176   9.0345890488143787     
         177   9.0409897199485822     
         178   9.0409897199485822     
         179   9.0644966081298630     
         180   9.0785283403172787     
         181   9.0670165198593438     
         182   9.0886057347983815     
         183   9.0540316385649362     
         184   8.9875284168794174     
         185   8.9875284168794174     
         186   8.9819154520274900     
         187   8.9828997953160954     
         188   8.9670942576874122     
         189   8.9741370207403950     
         190   9.0317521220235051     
         191   9.0176437656970574     
         192   9.0106549118074764     
         193   9.0303111667414697     
         194   9.0643469626406645     
         195   9.0643469626406645     
         196   9.0598203704340303     
         197   9.0839857903585361     
         198   9.1102600554344395     
         199   9.0814543462912152     
         200   9.1006645424779506     
         201   9.1188292151478851     
         202   9.0712137418112331     
         203   9.0712137418112331     
         204   9.1102642847220245     
         205   9.1203862678859231     
         206   9.0707578805079123     
         207   9.0707578805079123     
         208   9.1112199208026414     
         209   9.0735404115521181     
         210   9.0735404115521181     
         211   9.0592774632300337     
         212   9.0647398200228544     
         213   9.0708449504121571     
         214   9.0964459693414401     
         215   9.0179221751042746     
         216   9.1120511929977912     
         217   9.0594222560264885     
         218   9.0594222560264885     
         219   9.0939599383715795     
         220   9.0939599383715795     
         221   9.0939599383715795     
         222   9.0461336558127048     
         223   9.0461336558127048     
         224   9.0461336558127048     
         225   9.0461336558127048     
         226   9.0682862168577625     
         227   9.0626111533530729     
         228   9.0451156993654731     
         229   9.0451156993654731     
         230   9.0451156993654731     
         231   9.0408905786257758     
         232   8.9932864988475902     
         233   9.0499423828110501     
         234   9.0499423828110501     
         235   9.0499423828110501     
         236   8.9983449261858190     
         237   8.9983449261858190     
         238   9.0172902032611209     
         239   9.0172902032611209     
         240   9.0721058246956172     
         241   9.0478892917128206     
         242   9.0329747973524182     
         243   9.0908587109636656     
         244   9.0908587109636656     
         245   9.0576403017880782     
         246   9.0389508955933611     
         247   9.0031448521117614     
         248   9.0031448521117614     
         249   9.0031448521117614     
         250   9.0525405798775367     
         251   9.0525405798775367     
         252   9.0197079428614622     
         253   9.0264472721917688     
         254   9.0768213124552588     
         255   9.0768213124552588     
         256   9.0768213124552588     
         257   9.0784307501786845     
         258   9.1193324110610376     
         259   9.0707532313931782     
         260   9.0469481362275079     
         261   9.1302780849432725     
         262   9.1302780849432725     
         263   9.1253425076629675     
         264   9.1295285331975453     
         265   9.1128929310855700     
         266   9.1273665896329526     
         267   9.1273665896329526     
         268   9.0592298235797859     
         269   9.0595584686359647     
         270   9.0595584686359647     
         271   9.0581613482552985     
         272   9.0166589338527281     
         273   9.0047315733256443     
         274   9.0047315733256443     
         275   9.0363445965575515     
         276   9.0479590095008344     
         277   9.0388427306503605     
         278   9.0089290393541734     
         279   9.0581994418028504     
         280   9.0379515286057348     
         281   9.0379515286057348     
         282   9.0379515286057348     
         283   9.0638758177820868     
         284   9.0638758177820868     
         285   9.0638758177820868     
         286   9.0033447342030346     
         287   9.0033447342030346     
         288   9.0033447342030346     
         289   8.9992960807392492     
         290   9.0622358528022673     
         291   9.0853234035041606     
         292   9.0758610569742739     
         293   9.0942856860629142     
         294   9.0703941897308873     
         295   9.0703941897308873     
         296   9.0703941897308873     
         297   9.0639653110000697     
         298   9.0569108262391627     
         299   9.0569108262391627     
         300   8.9755947998389214     
         301   9.0154552150095846     
         302   9.0203489589803034     
         303   9.0005107529482213     
         304   9.0115188120576235     
         305   9.0580056300591458     
         306   9.0580056300591458     
         307   9.0516428146803740     
         308   9.0080109636650381     
         309   9.0383350274319092     
         310   9.0392011831913326     
         311   9.0274833709624058     
         312   9.0274833709624058     
         313   9.0274833709624058     
         314   9.0274833709624058     
         315   9.0274833709624058     
         316   9.0299043245312500     
         317   9.0299043245312500     
         318   9.0520964882143868     
         319   9.1126111924416282     
         320   9.0858599413894350     
         321   9.0858599413894350     
         322   9.0821653687925217     
         323   9.0194377515040625     
         324   9.0665728620262964     
         325   9.0665728620262964     
         326   9.0586684508710746     
         327   9.1063648377717179     
         328   9.1063648377717179     
         329   9.1152338763719438     
         330   9.0501762469289986     
         331   9.1042985247937196     
         332   9.1159771470227913     
         333   9.1159771470227913     
         334   9.0574126573640932     
         335   9.0360180729357413     
         336   9.0432557988833437     
         337   9.0432557988833437     
         338   9.0432557988833437     
         339   9.0432557988833437     
         340   9.0432557988833437     
         341   9.0860275287202281     
         342   9.0791190442758456     
         343   9.0687478890238928     
         344   9.0194841050584706     
         345   9.0194841050584706     
         346   8.9916566001438341     
         347   8.9916566001438341     
         348   8.9801791690065862     
         349   9.0393167759263857     
         350   9.0053127984462940     
         351   9.0427209483710662     
         352   9.0749576169394128     
         353   9.0447309935639399     
         354   9.0447309935639399     
         355   9.0447309935639399     
         356   9.0447309935639399     
         357   9.0397378014681440     
         358   9.0774621688481147     
         359   8.9983031928583976     
         360   8.9983031928583976     
         361   8.9639278906946434     
         362   9.0018815502709479     
         363   9.0427414441148120     
         364   9.0219266330679382     
         365   9.0900341836377283     
         366   9.0428315496224769     
         367   9.0428315496224769     
         368   9.0428315496224769     
         369   9.0428315496224769     
         370   9.0619159271906256     
         371   9.0257633020504073     
         372   8.9964723823758526     
         373   8.9964723823758526     
         374   8.9964723823758526     
         375   8.9964723823758526     
         376   8.9964723823758526     
         377   8.9600033771306151     
         378   9.0001261395591250     
         379   8.9788667205596120     
         380   9.0028765522588241     
         381   9.0028765522588241     
         382   8.9441493402043157     
         383   8.9607023948065603     
         384   8.9607023948065603     
         385   8.9607023948065603     
         386   8.9495633840401947     
         387   8.9684350032409004     
         388   8.9549141938657009     
         389   9.0134371946369569     
         390   8.9757376030309022     
         391   8.9900009996099541     
         392   9.0345266274987139     
         393   9.0345266274987139     
         394   9.0330746192466940     
         395   9.0330746192466940     
         396   9.0246656964800813     
         397   9.0334377074446035     
         398   9.0767692603845926     
         399   9.0605915682004561     
         400   9.0551387904545475     
         401   9.0897968549697499     
         402   9.0883696221030732     
         403   9.0970920260010715     
         404   9.0378354428165917     
         405   9.0274545600650615     
         406   9.0059284010826506     
         407   9.0321939244215113     
         408   9.0596064019006306     
         409   9.0596064019006306     
         410   9.0411504289680114     
         411   9.0411504289680114     
         412   9.0640687863903739     
         413   9.0640687863903739     
         414   9.0563341518883789     
         415   9.0428698329707533     
         416   9.0428698329707533     
         417   9.0696397456804227     
         418   9.0555264631656662     
         419   9.0555264631656662     
         420   9.0555264631656662     
         421   9.0555264631656662     
         422   9.0555264631656662     
         423   9.0555264631656662     
         424   9.0441888049169243     
         425   9.0893205565817929     
         426   9.0893205565817929     
         427   9.0649160634081074     
         428   9.0181393888717274     
         429   9.0100089073821525     
         430   9.0178166142749330     
         431   9.0178166142749330     
         432   9.0457680416812227     
         433   9.0410803549886385     
         434   8.9982409284770046     
         435   9.0434251814646487     
         436   9.0534784552481344     
         437   9.0509989190844475     
         438   9.0509989190844475     
         439   9.0447647170582783     
         440   9.0447647170582783     
         441   9.0238303372911002     
         442   9.0027180410161183     
         443   9.0027180410161183     
         444   9.0027180410161183     
         445   9.0236560417173184     
         446   9.0433995783528349     
         447   9.0784754641079424     
         448   9.0984102440856862     
         449   9.0984102440856862     
         450   9.0984102440856862     
         451   9.0878655495311520     
         452   9.0878655495311520     
         453   9.0878655495311520     
         454   8.9838561352351913     
         455   9.0160722121431167     
         456   9.0325294027703791     
         457   9.0165312859213493     
         458   8.9695153677961521     
         459   9.0249843748500620     
         460   9.0249843748500620     
         461   9.0799072122423379     
         462   9.0799072122423379     
         463   9.0751724140124690     
         464   9.0752623440209881     
         465   9.0837142962552146     
         466   9.0429275881841527     
         467   9.0446527735821807     
         468   9.0207240797878239     
         469   9.0844128257330965     
         470   9.0844128257330965     
         471   9.0277798385295771     
         472   9.0500297326633472     
         473   9.0708846490038226     
         474   9.0813134278294747     
         475   9.0799939269823327     
         476   9.0799939269823327     
         477   9.0695243638827510     
         478   9.0118620329880041     
         479   9.0083099912111173     
         480   9.0393698569269674     
         481   9.0397721589983444     
         482   9.0115459188274389     
         483   9.0401408975544779     
         484   9.0401408975544779     
         485   9.0608882409598017     
         486   9.0777496616345363     
         487   9.1012900226938829     
         488   9.1087617693995799     
         489   9.1087617693995799     
         490   9.0470143999450165     
         491   9.0470143999450165     
         492   9.0470143999450165     
         493   9.0136715031980419     
         494   9.0136715031980419     
         495   9.0506630663349501     
         496   9.0666731437412125     
         497   9.0666731437412125     
         498   9.1088417600162828     
         499   9.1088417600162828     
         500   9.0721910640916281     
         501   9.1054487333169831     
         502   9.1189904322047859     
         503   9.1089844124379873     
         504   9.1089844124379873     
         505   9.0815008571592628     
         506   9.0815008571592628     
         507   9.0815008571592628     
         508   9.0815008571592628     
         509   9.0815008571592628     
         510   9.0219631717054050     
         511   9.0387547302938049     
         512   9.0387547302938049     
         513   9.0387547302938049     
         514   9.0396513186919289     
         515   9.0888142300360002     
         516   9.0785132487915767     
         517   9.0841322613896498     
         518   9.0841322613896498     
         519   9.0540764417147166     
         520   9.0540764417147166     
         521   9.0562708123776083     
         522   9.0294655852569683     
         523   9.0526392284952859     
         524   9.0773409404264402     
         525   9.1179103387201437     
         526   9.0865751353608850     
         527   9.0519589474756614     
         528   9.0311111070240209     
         529   9.0505959070998703     
         530   9.0795610595216267     
         531   9.0790480018686637     
         532   9.0583781492391804     
         533   9.0848460193880438     
         534   9.0531001652740066     
         535   9.0531001652740066     
         536   9.0514927220200860     
         537   9.0514927220200860     
         538   9.1123620800707847     
         539   9.1123620800707847     
         540   9.1074848220630820     
         541   9.0754801629339106     
         542   9.1130970346617346     
         543   9.1130970346617346     
         544   9.0600784512289501     
         545   9.1045484427839121     
         546   9.1045484427839121     
         547   9.0444420474447984     
         548   9.0444420474447984     
         549   9.0444420474447984     
         550   9.0444420474447984     
         551   9.0722688612241846     
         552   9.0173873369442834     
         553   9.0351861881745847     
         554   9.0369602972049705     
         555   9.0574030263166829     
         556   9.0197076343283182     
         557   9.0042943046029720     
         558   9.0358628175313829     
         559   9.0358628175313829     
         560   9.0034696049070284     
         561   9.0099085621578894     
         562   9.0525872110352115     
         563   9.0574000466460571     
         564   9.0592632583713044     
         565   9.0893622397708320     
         566   9.0893622397708320     
         567   9.0790370668045011     
         568   9.1028521677276828     
         569   9.1028521677276828     
         570   9.0628241937113501     
         571   9.0815851325614698     
         572   9.0263204341836314     
         573   9.0347731142376198     
         574   9.0502826135411993     
         575   9.0502826135411993     
         576   9.0482853060200501     
         577   9.0411048751778313     
         578   9.0411048751778313     
         579   9.0560696449212816     
         580   9.0519431182683352     
         581   9.0389083418271667     
         582   9.0590524341464480     
         583   9.0372906235612280     
         584   9.0057402716420416     
         585   9.0805819101802516     
         586   9.0775647488888200     
         587   9.1220511606923171     
         588   9.0766774456011596     
         589   9.1166982084188426     
         590   9.1166982084188426     
         591   9.0440031212574912     
         592   9.0663253924563811     
         593   9.0467738164769838     
         594   9.0467738164769838     
         595   9.0486447520421471     
         596   9.0563700163702716     
         597   9.0563700163702716     
         598   9.0813771289481497     
         599   9.0875683314194333     
         600   9.0702429094722934     
         601   9.0702429094722934     
         602   9.0702429094722934     
         603   9.0702429094722934     
         604   9.0857208081876966     
         605   9.0566774943080439     
         606   9.0756516480407239     
         607   9.0756516480407239     
         608   9.0756516480407239     
         609   9.0440610499422789     
         610   9.0101727426703189     
         611   9.0143479536187723     
         612   9.0143479536187723     
         613   9.0455269353032861     
         614   9.0932930805570251     
         615   9.0035672075938820     
         616   9.0035672075938820     
         617   9.0398244642866352     
         618   9.0626147623631503     
         619   9.0592952943571277     
         620   9.0592952943571277     
         621   9.0592952943571277     
         622   9.0592952943571277     
         623   9.0591073180368458     
         624   9.0897483004426842     
         625   9.0897483004426842     
         626   9.0897483004426842     
         627   9.0701327534487621     
         628   9.0360635728901393     
         629   9.0333882762397177     
         630   9.0504923024213220     
         631   9.0941937040511558     
         632   9.1076067761729647     
         633   9.0527973160723416     
         634   9.0621818120087596     
         635   9.0234450558539496     
         636   9.0234450558539496     
         637   9.0175097912172575     
         638   9.0175097912172575     
         639   9.0814578405663351     
         640   9.0235698244684190     
         641   9.0143507928460931     
         642   9.0160612679177401     
         643   9.0335269322910179     
         644   9.0151360500844255     
         645   9.0065821324018049     
         646   9.0423845964870999     
         647   9.0423845964870999     
         648   9.0368949063050064     
         649   8.9988821244938393     
         650   9.0117630406823377     
         651   9.0554792501268633     
         652   9.0461452412080092     
         653   9.0427034855934405     
         654   9.0499096917456097     
         655   9.0325414870327094     
         656   9.0325414870327094     
         657   8.9671462149283734     
         658   8.9714500211631876     
         659   9.0030103563980450     
         660   9.0141311348057052     
         661   9.0186024182945719     
         662   9.0186024182945719     
         663   9.0428100288824353     
         664   9.0425314773795211     
         665   9.0451850884010998     
         666   9.0451850884010998     
         667   8.9979140031913136     
         668   9.0126295093257074     
         669   9.0649070643040677     
         670   9.0238946820262296     
         671   9.0481253823474077     
         672   9.0481253823474077     
         673   9.0336795999952457     
         674   9.0043081138583432     
         675   9.0067371347239789     
         676   8.9990463798661562     
         677   8.9990463798661562     
         678   8.9981865128803697     
         679   8.9924143872607605     
         680   9.0394882785489195     
         681   9.0394882785489195     
         682   9.0359732766399610     
         683   9.0359732766399610     
         684   9.0359732766399610     
         685   9.0230338645561581     
         686   9.0370960319559455     
         687   9.0370960319559455     
         688   9.0370960319559455     
         689   9.0570170162266876     
         690   9.0570170162266876     
         691   9.0422010115552123     
         692   8.9792632472023222     
         693   8.9792632472023222     
         694   9.0098709762390214     
         695   9.0098709762390214     
         696   9.0098709762390214     
         697   9.0035903862155493     
         698   9.0263932998571406     
         699   8.9989523059958785     
         700   8.9989523059958785     
         701   8.9989523059958785     
         702   8.9989523059958785     
         703   8.9854457878899314     
         704   8.9854457878899314     
         705   8.9854457878899314     
         706   8.9717014434942080     
         707   8.9717014434942080     
         708   8.9717014434942080     
         709   8.9717014434942080     
         710   8.9764515508707081     
         711   8.9764515508707081     
         712   8.9687774700841292     
         713   8.9687774700841292     
         714   8.9972186370368981     
         715   8.9948646900044960     
         716   9.0314602798467121     
         717   8.9777350044594133     
         718   8.9841365791814152     
         719   9.0222555776541125     
         720   9.0287287469341990     
         721   9.0287287469341990     
         722   9.0287287469341990     
         723   9.0287287469341990     
         724   9.0287287469341990     
         725   9.0211990733332197     
         726   8.9911217639231396     
         727   8.9911217639231396     
         728   8.9903952941108027     
         729   8.9540691056208139     
         730   8.9770984398739611     
         731   8.9677339346748060     
         732   9.0013032215738100     
         733   9.0102164163592544     
         734   8.9932183017282377     
         735   9.0215023904509906     
         736   9.0368188512945622     
         737   9.0368188512945622     
         738   9.0368814308070018     
         739   8.9421167605561713     
         740   8.9417516567892878     
         741   8.9386319190471486     
         742   8.9626884714630659     
         743   9.0025932596940965     
         744   9.0141779493232193     
         745   9.0290049845335538     
         746   9.0434477330518686     
         747   9.0201656770463678     
         748   9.0279972431282172     
         749   9.0281250720540349     
         750   9.0351633675168284     
         751   8.9766175027902602     
         752   9.0323633721353058     
         753   8.9799829084988119     
         754   8.9417236794255981     
         755   9.0229422888101851     
         756   9.0229422888101851     
         757   9.0229422888101851     
         758   8.9841191054333045     
         759   8.9841191054333045     
         760   9.0199699477438990     
         761   9.0072484225694538     
         762   8.9792682740364231     
         763   8.9792682740364231     
         764   8.9592635365027462     
         765   8.9592635365027462     
         766   8.9684138606382096     
         767   8.9658108778394219     
         768   8.9882747710619384     
         769   8.9649081582032739     
         770   8.9718437080542479     
         771   8.9907088650715252     
         772   9.0393035330835954     
         773   8.9850485765479498     
         774   8.9850485765479498     
         775   9.0123944159245291     
         776   8.9978765270964747     
         777   9.0441301117924322     
         778   8.9948139349326581     
         779   9.0525080507883082     
         780   9.0056003482735267     
         781   9.0098551718982218     
         782   9.0098551718982218     
         783   9.0098551718982218     
         784   9.0098551718982218     
         785   9.0098551718982218     
         786   9.0098551718982218     
         787   9.0443701632920686     
         788   9.0530686928473898     
         789   9.0155714759858476     
         790   9.0621940132349454     
         791   9.1204864639403613     
         792   9.1120342672575063     
         793   9.0951915021900156     
         794   9.0951915021900156     
         795   9.0421819135018460     
         796   9.0421819135018460     
         797   9.0791115664563158     
         798   9.1027821109092262     
         799   9.0971731849170467     
         800   9.0957696914951374     
         801   9.0957696914951374     
         802   9.0525362125931537     
         803   9.0525362125931537     
         804   9.0564509300775207     
         805   9.0459072534672789     
         806   9.0626152473251427     
         807   9.1080249557017225     
         808   9.1391365493033128     
         809   9.1391365493033128     
         810   9.1391365493033128     
         811   9.0748600350879620     
         812   9.0368049361928264     
         813   9.0385467283887788     
         814   9.0424333386622919     
         815   8.9976742522474584     
         816   9.0516260334698107     
         817   8.9983469832432910     
         818   9.0361037923536109     
         819   9.0361037923536109     
         820   9.0458402393694435     
         821   8.9759354313349409     
         822   9.0120789014347196     
         823   9.0428099673756375     
         824   9.0428099673756375     
         825   9.0475419268386741     
         826   9.0680645787341128     
         827   9.0680645787341128     
         828   9.0357127065951914     
         829   9.0357127065951914     
         830   9.0588239444508289     
         831   9.0660562876170694     
         832   9.0660562876170694     
         833   9.0752037033257036     
         834   9.0752037033257036     
         835   9.0677289184880365     
         836   9.0714986367957362     
         837   9.1038841728149418     
         838   9.1038841728149418     
         839   9.1038841728149418     
         840   9.1038841728149418     
         841   9.0892381245485545     
         842   9.0596485895959837     
         843   9.0479110847547162     
         844   9.0657860284939691     
         845   9.0765862793875822     
         846   9.0765862793875822     
         847   9.0975244734652723     
         848   9.0586756942418116     
         849   9.0586756942418116     
         850   9.0586756942418116     
         851   9.1180214370962069     
         852   9.1128266127351996     
         853   9.0646377071267423     
         854   9.0868786401385488     
         855   9.0868786401385488     
         856   9.0989729288325822     
         857   9.0989729288325822     
         858   9.0989729288325822     
         859   9.0953482294005550     
         860   9.0613946954471434     
         861   9.0607838641498137     
         862   9.0607838641498137     
         863   9.0339475844295087     
         864   9.0568943104819084     
         865   9.0580866867163508     
         866   9.0580866867163508     
         867   9.0496269110050065     
         868   9.0782528606071864     
         869   9.0745504532302537     
         870   9.0745504532302537     
         871   9.0745504532302537     
         872   9.0665856500512660     
         873   9.1022113084766509     
         874   9.1022113084766509     
         875   9.0078769455597243     
         876   9.0491127002027394     
         877   9.0491127002027394     
         878   9.0448603043583020     
         879   9.0448603043583020     
         880   9.0553184807319180     
         881   9.0480857392117091     
         882   9.0480857392117091     
         883   9.0395156618250923     
         884   9.0790518087663425     
         885   9.1009133508717550     
         886   9.0722721542512232     
         887   9.0844731840937278     
         888   9.1016727296300832     
         889   9.0875126245271094     
         890   9.0875126245271094     
         891   9.0999401566178229     
         892   9.0606815433168251     
         893   9.1091478532474373     
         894   9.0822044518913838     
         895   9.0811731188730000     
         896   9.1075842565618252     
         897   9.1107929268629260     
         898   9.1107929268629260     
         899   9.0820290942020545     
         900   9.0820290942020545     
         901   9.0820290942020545     
         902   9.0660404928201519     
         903   9.0722138840794369     
         904   9.0402349768793169     
         905   9.0443799459457708     
         906   9.0138447281178777     
         907   9.0138447281178777     
         908   8.9956347295758867     
         909   9.0452511689902320     
         910   9.0452511689902320     
         911   9.0476666470679614     
         912   9.0054114398179284     
         913   9.0054114398179284     
         914   9.0357736930740362     
         915   9.0899610981628260     
         916   9.0440011865324692     
         917   9.0387410461124293     
         918   9.0397028703735547     
         919   9.0772578126865575     
         920   9.0772578126865575     
         921   9.0684865298821578     
         922   9.0322517824642201     
         923   9.0322517824642201     
         924   9.0357207781857802     
         925   9.0357207781857802     
         926   9.1124540365340589     
         927   9.1135433016864464     
         928   9.0998973717766862     
         929   9.0998973717766862     
         930   9.0688639923627417     
         931   9.1030435445226772     
         932   9.0595040074718032     
         933   9.0595040074718032     
         934   9.0500797320350603     
         935   9.0500797320350603     
         936   9.0500797320350603     
         937   9.0376180306341904     
         938   9.0548750886357805     
         939   9.0311628768022718     
         940   9.0372246643440342     
         941   9.0257703874561912     
         942   9.0257703874561912     
         943   9.0257703874561912     
         944   9.0551167650524604     
         945   9.0486603991020598     
         946   9.0555567950502276     
         947   9.1106287431683448     
         948   9.1245360859795959     
         949   9.1198528034738047     
         950   9.1198528034738047     
         951   9.1198528034738047     
         952   9.1112819724026775     
         953   9.0504497426792270     
         954   9.0504497426792270     
         955   9.0850975146272415     
         956   9.0765852707771195     
         957   9.0765852707771195     
         958   9.0765852707771195     
         959   9.0765852707771195     
         960   9.0839449024686534     
         961   9.0839449024686534     
         962   9.0515812988820663     
         963   9.0515812988820663     
         964   9.0842168799274496     
         965   9.0843241625428348     
         966   9.0330214995080542     
         967   9.0928090483811914     
         968   9.0395103527427576     
         969   9.0929247564790039     
         970   9.0982609221770403     
         971   9.1051688360142471     
         972   9.1051688360142471     
         973   9.1069717231541514     
         974   9.0656295741474384     
         975   9.0980432483979214     
         976   9.0424149621242105     
         977   9.0989647880929088     
         978   9.1142173037719818     
         979   9.0663988731945988     
         980   9.0986495938866998     
         981   9.0986495938866998     
         982   9.1019937459214777     
         983   9.1019937459214777     
         984   9.1019937459214777     
         985   9.0679599483781299     
         986   9.0679599483781299     
         987   9.0878851848118547     
         988   9.1455686134290186     
         989   9.1142463317981637     
         990   9.1142463317981637     
         991   9.0647134181949962     
         992   9.1018278617136144     
         993   9.1018278617136144     
         994   9.0483693846444258     
         995   9.0716369432754327     
         996   9.0210218620466840     
         997   9.0192575467816987     
         998   9.0601695063154679     
         999   9.0601695063154679     
        1000   9.0601695063154679     
        1001   9.0681229306966475     
        1002   9.1200905648603037     
        1003   9.1000782030987271     
        1004   9.1000782030987271     
        1005   9.0720439382842724     
        1006   9.0879523719011797     
        1007   9.0715158262396933     
        1008   9.0525899981873081     
        1009   9.0243452189439282     
        1010   9.0708827625126567     
        1011   9.0708827625126567     
        1012   9.0250173540295719     
        1013   9.0385958451392785     
        1014   9.0688783037133724     
        1015   9.0418896606523944     
        1016   9.0418896606523944     
        1017   9.0174894947777915     
        1018   9.0174894947777915     
        1019   9.0089850395051752     
        1020   9.0312675483952223     
        1021   9.0052715439138815     
        1022   9.0052715439138815     
        1023   9.0515262463358663     
        1024   9.0297316383102650     
        1025   9.0207276916705652     
        1026   9.0233997786085318     
        1027   9.0250187508973934     
        1028   9.0250187508973934     
        1029   9.0250187508973934     
        1030   9.0432391270815451     
        1031   8.9901218594939607     
        1032   8.9698189789009213     
        1033   8.9698189789009213     
        1034   9.0135672333777936     
        1035   9.0135672333777936     
        1036   9.0135672333777936     
        1037   8.9802302722922018     
        1038   9.0533872291525164     
        1039   9.0581091574351191     
        1040   8.9970837840986579     
        1041   8.9970837840986579     
        1042   8.9372668331549665     
        1043   8.9641716990775464     
        1044   8.9641716990775464     
        1045   8.9795589766872599     
        1046   8.9510857869244234     
        1047   8.9533280089047818     
        1048   8.9709182837266859     
        1049   8.9709182837266859     
        1050   8.9996595659227303     
        1051   8.9478529327880292     
        1052   8.9943162560528140     
        1053   8.9791050749921677     
        1054   8.9986551702099025     
        1055   9.0021184050933982     
        1056   9.0469362591133375     
        1057   9.0469362591133375     
        1058   9.0469362591133375     
        1059   9.0112914407332596     
        1060   9.0163371435010582     
        1061   9.0163141485651241     
        1062   9.0571685422732404     
        1063   9.0577733800478164     
        1064   9.0873346428056312     
        1065   9.0873346428056312     
        1066   9.0535099913142911     
        1067   9.0535099913142911     
        1068   9.0535099913142911     
        1069   9.0452606487239322     
        1070   9.0586732428032537     
        1071   9.0297928847423776     
        1072   9.0778616480662055     
        1073   9.0260070500214091     
        1074   9.0220190650126852     
        1075   9.0391285116419535     
        1076   9.0913769746618129     
        1077   9.0958474568919971     
        1078   9.0958474568919971     
        1079   9.0958474568919971     
        1080   9.0578497242763323     
        1081   9.0578497242763323     
        1082   9.0578497242763323     
        1083   9.0505769615791092     
        1084   9.1054261125444302     
        1085   9.0487516686961573     
        1086   9.0487516686961573     
        1087   9.1090478701126401     
        1088   9.0557693150193401     
        1089   9.1010679855928132     
        1090   9.0599932825478042     
        1091   9.0599932825478042     
        1092   9.0566057477034221     
        1093   9.0315465857597204     
        1094   9.0979313882603030     
        1095   9.0519400378196835     
        1096   9.1129265900362135     
        1097   9.1129265900362135     
        1098   9.1129265900362135     
        1099   9.1142101570294969     
        1100   9.1142101570294969     
        1101   9.1142101570294969     
        1102   9.1201088218625586     
        1103   9.0806795857297686     
        1104   9.0936630756661518     
        1105   9.0792112110743943     
        1106   9.0548450161558449     
        1107   9.0548450161558449     
        1108   9.0256628277521944     
        1109   9.0458543829332143     
        1110   9.0524756676602820     
        1111   8.9948226676056784     
        1112   9.0418846013873573     
        1113   9.0978156903283125     
        1114   9.0978156903283125     
        1115   9.0542898861852219     
        1116   9.1011756843885081     
        1117   9.0459397204094572     
        1118   9.0459397204094572     
        1119   9.0459397204094572     
        1120   9.0361828048567361     
        1121   9.0784711653876737     
        1122   9.0812904677825035     
        1123   9.0346153392374724     
        1124   9.0346153392374724     
        1125   9.0800104398662409     
        1126   9.0446839535138217     
        1127   8.9888262854479279     
        1128   9.0207375212196546     
        1129   9.0207375212196546     
        1130   9.0207375212196546     
        1131   9.0768018926670706     
        1132   9.1064194662312126     
        1133   9.0872226756404082     
        1134   9.0473168251602569     
        1135   9.0473168251602569     
        1136   9.0473168251602569     
        1137   9.0781379740833437     
        1138   9.0835553439876460     
        1139   9.0396952859962862     
        1140   9.0580776568131682     
        1141   9.0652314300963663     
        1142   9.0791823844447830     
        1143   9.0699669943990138     
        1144   9.0270310222179297     
        1145   9.0214085901433183     
        1146   9.0214085901433183     
        1147   9.0730094984142493     
        1148   9.0730094984142493     
        1149   9.0690262550379845     
        1150   9.0690262550379845     
        1151   9.0947739264425635     
        1152   9.0027729165698211     
        1153   9.0246105107682233     
        1154   9.0246105107682233     
        1155   9.0269144609049317     
        1156   9.0033671397044159     
        1157   9.0033671397044159     
        1158   9.0033671397044159     
        1159   9.0033671397044159     
        1160   9.0545989535759972     
        1161   9.0298857588114991     
        1162   9.0328173163089112     
        1163   9.0133739656889205     
        1164   9.0341436388101730     
        1165   9.0090904410285066     
        1166   8.9931254301084103     
        1167   9.0137363203742087     
        1168   9.0448348000541472     
        1169   9.0776106058167834     
        1170   9.0776106058167834     
        1171   9.0422578689228814     
        1172   9.0794581486086621     
        1173   9.0725973098178514     
        1174   9.1098604768914839     
        1175   9.1148769485918351     
        1176   9.0540029331209411     
        1177   9.0540029331209411     
        1178   9.0540029331209411     
        1179   9.0710456710746072     
        1180   9.0443038621202820     
        1181   9.0766958619955087     
        1182   9.0766958619955087     
        1183   9.1155078752963430     
        1184   9.1207926162487301     
        1185   9.1089806778996607     
        1186   9.0888010255702589     
        1187   9.1047936960456042     
        1188   9.0898151850366631     
        1189   9.0898151850366631     
        1190   9.0967113886158870     
        1191   9.0967113886158870     
        1192   9.0899388759494215     
        1193   9.0899388759494215     
        1194   9.0188543062354078     
        1195   9.0188543062354078     
        1196   9.0465648823916514     
        1197   9.0465648823916514     
        1198   9.0465648823916514     
        1199   9.0105950158641299     
        1200   9.0105950158641299     
        1201   9.0223791419835475     
        1202   9.0425740334051472     
        1203   9.1366453519054236     
        1204   9.1366453519054236     
        1205   9.1366453519054236     
        1206   9.1077569775379246     
        1207   9.1077569775379246     
        1208   9.0966402355446796     
        1209   9.0608942581696414     
        1210   9.0759410541319081     
        1211   9.0466948401355136     
        1212   9.0692668195528015     
        1213   9.0692668195528015     
        1214   9.0692668195528015     
        1215   9.0692668195528015     
        1216   9.0904678956947436     
        1217   9.0904678956947436     
        1218   9.0904678956947436     
        1219   9.0743389858560857     
        1220   9.0860474961826014     
        1221   9.0586858474100058     
        1222   9.0512908791915123     
        1223   9.0933001775019662     
        1224   9.0920401666705342     
        1225   9.0781383833273903     
        1226   9.0952604046937040     
        1227   9.0641311966642011     
        1228   9.0291190560121191     
        1229   9.0480922494772358     
        1230   9.0480922494772358     
        1231   9.0441896845764500     
        1232   9.0441896845764500     
        1233   9.0441896845764500     
        1234   9.0523186006803638     
        1235   9.0697805096415287     
        1236   9.0358814120218245     
        1237   9.0388287704333177     
        1238   9.1021481080793549     
        1239   9.0707111193765826     
        1240   9.0851656374353560     
        1241   9.0851656374353560     
        1242   9.0851656374353560     
        1243   9.0287213194158458     
        1244   9.0287213194158458     
        1245   9.0820342180125984     
        1246   9.0820342180125984     
        1247   9.0820342180125984     
        1248   9.0984436662827051     
        1249   9.0984436662827051     
        1250   9.0855531758127483     
        1251   9.0520849122145570     
        1252   9.0169282013529291     
        1253   9.0717442083723885     
        1254   9.0717442083723885     
        1255   9.0503406988060657     
        1256   9.0039677493250370     
        1257   9.0039677493250370     
        1258   9.0039677493250370     
        1259   9.0401742921740578     
        1260   9.0042875466714491     
        1261   9.0042875466714491     
        1262   9.0188359233616193     
        1263   9.0128506981451508     
        1264   9.0128506981451508     
        1265   9.0128506981451508     
        1266   9.0571198475625163     
        1267   9.0372750407298614     
        1268   9.0490842385276480     
        1269   9.0884606840284157     
        1270   9.0884606840284157     
        1271   9.0964742238291052     
        1272   9.0856378666197699     
        1273   9.0856378666197699     
        1274   9.0765697270985779     
        1275   9.0420815260158900     
        1276   9.0968634823949639     
        1277   9.0968634823949639     
        1278   9.0659744690998760     
        1279   9.0864143080315056     
        1280   9.0425073436794143     
        1281   9.0425073436794143     
        1282   9.0293449813830264     
        1283   8.9736905219562519     
        1284   9.0286754385453332     
        1285   9.0286754385453332     
        1286   9.0210167324950579     
        1287   9.0210167324950579     
        1288   9.0338305661915630     
        1289   9.0338305661915630     
        1290   9.0601688785988532     
        1291   9.0905335827501599     
        1292   9.0351390015808075     
        1293   9.0115349637869837     
        1294   9.0450721845947690     
        1295   9.0450721845947690     
        1296   9.0527984377648156     
        1297   9.0458443072532386     
        1298   9.0223862873637621     
        1299   9.0223862873637621     
        1300   9.0281828279900189     
        1301   9.0739805528987407     
        1302   9.0739805528987407     
        1303   9.0739805528987407     
        1304   9.0809857386294848     
        1305   9.0809857386294848     
        1306   9.0453213257442719     
        1307   9.0786260480239189     
        1308   9.0786260480239189     
        1309   9.0797977775082188     
        1310   9.0837106772421716     
        1311   9.1093254475745962     
        1312   9.0751040834145158     
        1313   9.0534646427848902     
        1314   9.0534646427848902     
        1315   9.1070604264505928     
        1316   9.1009991792570624     
        1317   9.0436843010170520     
        1318   9.0470387718763536     
        1319   9.0815437688680412     
        1320   9.0815437688680412     
        1321   9.0815437688680412     
        1322   9.0802212208110600     
        1323   9.0655756061732440     
        1324   9.1022944380075383     
        1325   9.1022944380075383     
        1326   9.0749616441508305     
        1327   9.0855772457143367     
        1328   9.0515805676164334     
        1329   9.0457837085302764     
        1330   9.0556456904823044     
        1331   9.0556456904823044     
        1332   9.0556456904823044     
        1333   9.0652581930612932     
        1334   9.0676077459478766     
        1335   9.0319964969151130     
        1336   8.9731552796791476     
        1337   8.9546926396746116     
        1338   8.9793080662933455     
        1339   9.0206610589122835     
        1340   9.0206610589122835     
        1341   9.0051998552561550     
        1342   9.0051998552561550     
        1343   8.9786603495529231     
        1344   8.9854644480328840     
        1345   8.9625365808081945     
        1346   8.9625365808081945     
        1347   8.9962779927486256     
        1348   8.9821154312272817     
        1349   8.9669446088083493     
        1350   9.0004482405558939     
        1351   8.9971066047935260     
        1352   8.9971066047935260     
        1353   8.9775426012108621     
        1354   9.0376045480391056     
        1355   9.0742197227265766     
        1356   9.0599745816746822     
        1357   9.0174812514445666     
        1358   9.0174812514445666     
        1359   9.0174812514445666     
        1360   9.0174812514445666     
        1361   9.0174812514445666     
        1362   9.0174812514445666     
        1363   9.0884868499543696     
        1364   9.0862777695499641     
        1365   9.0814611230297420     
        1366   9.0929478954509353     
        1367   9.0929478954509353     
        1368   9.0357584894127818     
        1369   8.9906894155296229     
        1370   8.9906894155296229     
        1371   8.9727407193576205     
        1372   9.0330939138498820     
        1373   9.0330939138498820     
        1374   9.0062379754184594     
        1375   9.0215059533310100     
        1376   9.0215059533310100     
        1377   9.0393761261394925     
        1378   9.0393761261394925     
        1379   9.0393761261394925     
        1380   9.0040097409261293     
        1381   9.0040097409261293     
        1382   9.0040097409261293     
        1383   9.0040097409261293     
        1384   9.0465890152441624     
        1385   9.0114135189923736     
        1386   9.0407309520591141     
        1387   9.0733695187302761     
        1388   9.0733695187302761     
        1389   9.0603947504461697     
        1390   9.0763287857399337     
        1391   9.0763287857399337     
        1392   9.0802030878634206     
        1393   9.1114672315414751     
        1394   9.1114672315414751     
        1395   9.0192950628433692     
        1396   9.0572981468749756     
        1397   8.9914943708529140     
        1398   8.9914943708529140     
        1399   8.9914943708529140     
        1400   9.0330987326458327     
        1401   9.0385129535111552     
        1402   9.0385129535111552     
        1403   8.9852565934639479     
        1404   8.9776033157141075     
        1405   8.9776033157141075     
        1406   8.9776033157141075     
        1407   8.9776033157141075     
        1408   8.9776033157141075     
        1409   8.9776033157141075     
        1410   8.9776033157141075     
        1411   8.9760512628994125     
        1412   8.9266787218600232     
        1413   8.9757367379883295     
        1414   8.9572222545913380     
        1415   9.0057682641628656     
        1416   9.0036765413014503     
        1417   8.9919534684549927     
        1418   9.0254128769807718     
        1419   9.0221837153237576     
        1420   9.0329734609854171     
        1421   9.0329734609854171     
        1422   9.0276524548337349     
        1423   9.0276524548337349     
        1424   9.0052541501246939     
        1425   9.0414490876962610     
        1426   9.0414490876962610     
        1427   9.0400442027342773     
        1428   9.0400442027342773     
        1429   9.0043767742367429     
        1430   8.9970385122941359     
        1431   9.0466525205020609     
        1432   9.0466525205020609     
        1433   9.0448270796347607     
        1434   9.0805068719022728     
        1435   9.0339478203994830     
        1436   8.9793338021846765     
        1437   8.9793338021846765     
        1438   8.9793338021846765     
        1439   8.9793338021846765     
        1440   9.0327840560356449     
        1441   9.0327840560356449     
        1442   9.1047514427595342     
        1443   9.1047514427595342     
        1444   9.0875240918528792     
        1445   9.0739377619179002     
        1446   9.0445432293371031     
        1447   9.0721379911570814     
        1448   9.0721379911570814     
        1449   9.0681885662674873     
        1450   9.1198625376329616     
        1451   9.1198625376329616     
        1452   9.0620386964373694     
        1453   9.0068039415589887     
        1454   9.0126204226860107     
        1455   9.0126204226860107     
        1456   9.0442547279940140     
        1457   9.0490386842985586     
        1458   9.0447922508193113     
        1459   9.0466533659664101     
        1460   9.0444750788948216     
        1461   9.0193637708093579     
        1462   9.0193637708093579     
        1463   9.0193637708093579     
        1464   9.0193637708093579     
        1465   9.0618832150419024     
        1466   9.0142095153019408     
        1467   8.9986416969269030     
        1468   9.0535098968491443     
        1469   9.0535098968491443     
        1470   9.0548625619848462     
        1471   9.0331769602412813     
        1472   9.0257406219797573     
        1473   9.0134149182386167     
        1474   9.0134149182386167     
        1475   9.0134149182386167     
        1476   8.9581629470566266     
        1477   8.9581629470566266     
        1478   8.9884382326429915     
        1479   8.9435775868077627     
        1480   9.0070663247218405     
        1481   9.0070663247218405     
        1482   8.9964103965168771     
        1483   8.9665418625958591     
        1484   8.9665418625958591     
        1485   8.9732958160882497     
        1486   8.9773162243596083     
        1487   8.9828936842799774     
        1488   8.9828936842799774     
        1489   8.9888414304381712     
        1490   8.9888414304381712     
        1491   8.9204466352400704     
        1492   8.9601146423142826     
        1493   8.9601146423142826     
        1494   8.9881857364625120     
        1495   8.9552221119696362     
        1496   8.9527141339525524     
        1497   8.9527141339525524     
        1498   8.9527141339525524     
        1499   8.9527141339525524     
        1500   8.9527141339525524     
        1501   8.9527141339525524     
        1502   8.9246335501703786     
        1503   8.9568546032718412     
        1504   8.9600440069622067     
        1505   8.9753164982735765     
        1506   8.9742326524292046     
        1507   8.9931176673447446     
        1508   9.0664055828372021     
        1509   8.9725937302497449     
        1510   9.0272119137016933     
        1511   9.0406647721241384     
        1512   9.0242784928334778     
        1513   9.0242784928334778     
        1514   9.0242784928334778     
        1515   9.0302293089494388     
        1516   9.0630691886222721     
        1517   9.0630691886222721     
        1518   9.0457235975235015     
        1519   9.0253366482990547     
        1520   9.0509405855004452     
        1521   9.0509405855004452     
        1522   9.0509405855004452     
        1523   9.0509405855004452     
        1524   9.0509405855004452     
        1525   9.0284661528609416     
        1526   8.9733767137268963     
        1527   8.9745786068462117     
        1528   8.9745786068462117     
        1529   8.9745786068462117     
        1530   8.9180178360658271     
        1531   8.9180178360658271     
        1532   8.8578582769976233     
        1533   8.9462541577409365     
        1534   8.9644072902081717     
        1535   8.9854980045055992     
        1536   8.9854980045055992     
        1537   8.9965635484088136     
        1538   8.9528778511004248     
        1539   8.9833473515790931     
        1540   8.9833473515790931     
        1541   9.0589406797102630     
        1542   9.0440388262581468     
        1543   9.0440388262581468     
        1544   9.0368404840744656     
        1545   9.0616600692639668     
        1546   9.0616600692639668     
        1547   9.0020066645012289     
        1548   9.0049826574455221     
        1549   9.0106322037220039     
        1550   8.9709673157159511     
        1551   8.9587790636072420     
        1552   8.9794728995019817     
        1553   8.9794728995019817     
        1554   8.9794728995019817     
        1555   8.9794728995019817     
        1556   8.9712409930474060     
        1557   8.9675382202289295     
        1558   8.9867703338036105     
        1559   8.9867703338036105     
        1560   8.9963232187064381     
        1561   8.9483189148440232     
        1562   8.9483189148440232     
        1563   8.9483189148440232     
        1564   8.9483189148440232     
        1565   8.9770472499534630     
        1566   8.9959481996692539     
        1567   8.9959481996692539     
        1568   8.9828875843507063     
        1569   8.9943781621854075     
        1570   8.9262267370769983     
        1571   8.9465600662167191     
        1572   9.0000741339546675     
        1573   9.0477487026407903     
        1574   9.0637183545951103     
        1575   9.0114881205915864     
        1576   8.9975107620566082     
        1577   8.9975107620566082     
        1578   9.0116585821272341     
        1579   8.9926168516509826     
        1580   9.0174711425760847     
        1581   9.0174711425760847     
        1582   9.0344191581843436     
        1583   9.0344191581843436     
        1584   9.0344191581843436     
        1585   9.0351926871199844     
        1586   9.0351926871199844     
        1587   9.0610116289532190     
        1588   9.0610116289532190     
        1589   9.0938918072736605     
        1590   9.0938918072736605     
        1591   9.0938918072736605     
        1592   9.0938918072736605     
        1593   9.0938918072736605     
        1594   9.0938918072736605     
        1595   9.0135565196582039     
        1596   8.9861517905560131     
        1597   8.9861517905560131     
        1598   8.9861517905560131     
        1599   8.9861517905560131     
        1600   9.0254466713453922     
        1601   9.0573294496725261     
        1602   9.0951074774683249     
        1603   9.0848624599267307     
        1604   9.0272914421622303     
        1605   9.0741693589535402     
        1606   9.0406073597826815     
        1607   9.0062240345779188     
        1608   9.0286812814637827     
        1609   9.0791813571801327     
        1610   9.0547161758268579     
        1611   9.0481164828693057     
        1612   9.0481164828693057     
        1613   9.0437347587470445     
        1614   9.0320617651537649     
        1615   9.0320617651537649     
        1616   9.0287131425692504     
        1617   9.0135970039724178     
        1618   9.0086768979373115     
        1619   9.0163116920442778     
        1620   9.0023324554930007     
        1621   9.0165692319211779     
        1622   9.0114948811135189     
        1623   9.0042913550306931     
        1624   9.0338007822173090     
        1625   9.0385179410948968     
        1626   8.9949888592049820     
        1627   9.0601144296502589     
        1628   9.0200374199710094     
        1629   9.0200374199710094     
        1630   9.0494064458037595     
        1631   9.0301921809609524     
        1632   9.0301921809609524     
        1633   9.0301921809609524     
        1634   9.0449984999177051     
        1635   9.0251762358917063     
        1636   9.0251762358917063     
        1637   9.0257850063994454     
        1638   9.0363653664361703     
        1639   9.0670219522812960     
        1640   9.0824770018769598     
        1641   9.0430918445482824     
        1642   9.0309764757010740     
        1643   9.0830516563538737     
        1644   9.0380968321504280     
        1645   9.0380968321504280     
        1646   9.0529985772480455     
        1647   9.0298365388333384     
        1648   9.0298365388333384     
        1649   9.0779642123676680     
        1650   9.0651538680739847     
        1651   9.0373454414824472     
        1652   9.0373454414824472     
        1653   9.0362760932517787     
        1654   9.0338739862215238     
        1655   9.0556551190019317     
        1656   9.0556551190019317     
        1657   9.0556551190019317     
        1658   9.0215893578901625     
        1659   9.0215893578901625     
        1660   9.0215893578901625     
        1661   9.0215893578901625     
        1662   8.9787859536459926     
        1663   8.9897343627781385     
        1664   9.0240644660338916     
        1665   8.9704420822780104     
        1666   8.9681262996633784     
        1667   8.9681262996633784     
        1668   9.0113123438451179     
        1669   9.0113123438451179     
        1670   9.0755992130481502     
        1671   9.0700499649669144     
        1672   9.0503652778661561     
        1673   9.0820097302565976     
        1674   9.0597399040217255     
        1675   9.0597399040217255     
        1676   9.0597399040217255     
        1677   9.0597399040217255     
        1678   9.1143420763546494     
        1679   9.0564566568341753     
        1680   9.0564566568341753     
        1681   9.0532683696917537     
        1682   9.0638085210195243     
        1683   9.0638085210195243     
        1684   9.0836118874274856     
        1685   9.1156685984627739     
        1686   9.0431855209645704     
        1687   9.0431855209645704     
        1688   9.0042970147536074     
        1689   9.0042970147536074     
        1690   9.0042970147536074     
        1691   8.9714876087253863     
        1692   8.9714876087253863     
        1693   9.0297097245935216     
        1694   9.0297097245935216     
        1695   9.0297097245935216     
        1696   9.0855531500264490     
        1697   9.0956416444575101     
        1698   9.0742050807249619     
        1699   9.0890906165825047     
        1700   9.0647066849438414     
        1701   9.1124318963113868     
        1702   9.1124318963113868     
        1703   9.0426382259580436     
        1704   9.0962128875205792     
        1705   9.0962128875205792     
        1706   9.0706075070057022     
        1707   9.0939324777681279     
        1708   9.0939324777681279     
        1709   9.0945418837404244     
        1710   9.0532014852229370     
        1711   9.0532014852229370     
        1712   9.0482476798787275     
        1713   9.0134443129803845     
        1714   9.0134443129803845     
        1715   9.0134443129803845     
        1716   8.9953679553294510     
        1717   9.0521901885664757     
        1718   9.0351302282980068     
        1719   9.0351302282980068     
        1720   9.0125046658899706     
        1721   9.0295849781661026     
        1722   9.0671534869485946     
        1723   9.0116993531525988     
        1724   9.0116993531525988     
        1725   9.0731872930284130     
        1726   9.0433883467668679     
        1727   9.0954666559741764     
        1728   9.0954666559741764     
        1729   9.1003756623073055     
        1730   9.0824287557756165     
        1731   9.0625657278096021     
        1732   9.1160615088375110     
        1733   9.1304267750238566     
        1734   9.0966678913002408     
        1735   9.0336124730846912     
        1736   9.0925957070145955     
        1737   9.0925957070145955     
        1738   9.0328704074355439     
        1739   9.0653205557538374     
        1740   9.0653205557538374     
        1741   9.0653205557538374     
        1742   9.0653205557538374     
        1743   9.0143467620866726     
        1744   9.0143467620866726     
        1745   9.0625328245081427     
        1746   9.0892027924846257     
        1747   9.0891298911620932     
        1748   9.0891298911620932     
        1749   9.0735297172769744     
        1750   9.0563814388727408     
        1751   9.0731347668989528     
        1752   9.0731347668989528     
        1753   9.0693378895344203     
        1754   9.0610679072044586     
        1755   9.0610679072044586     
        1756   9.0610679072044586     
        1757   9.0610679072044586     
        1758   8.9996111944108943     
        1759   9.0292719131228996     
        1760   9.0292719131228996     
        1761   9.0240874245502454     
        1762   9.0402833134316793     
        1763   9.0402833134316793     
        1764   9.0402833134316793     
        1765   9.0402833134316793     
        1766   8.9829227609234845     
        1767   8.9829227609234845     
        1768   8.9749886846727751     
        1769   8.9844457345106132     
        1770   8.9556900509650266     
        1771   8.9383229435192213     
        1772   8.9665725195335604     
        1773   9.0052103442417391     
        1774   9.0052103442417391     
        1775   9.0052103442417391     
        1776   8.9471503184337369     
        1777   8.9471503184337369     
        1778   9.0060975495084534     
        1779   8.9534241485421688     
        1780   8.9485026334021462     
        1781   9.0015977765921065     
        1782   9.0015977765921065     
        1783   9.0372832763188491     
        1784   9.0372832763188491     
        1785   8.9860804890015569     
        1786   8.9691337500432269     
        1787   8.9941411938691207     
        1788   8.9670137762690381     
        1789   8.9511542196332545     
        1790   8.9789828851763982     
        1791   8.9365128810764496     
        1792   8.9337661967859514     
        1793   8.9337661967859514     
        1794   8.9566909113966169     
        1795   8.9618095097764012     
        1796   8.9963435982894460     
        1797   9.0009207477607713     
        1798   8.9148837930831863     
        1799   8.9323402924620741     
        1800   8.9323402924620741     
        1801   8.9717730093688850     
        1802   8.9228217915468448     
        1803   8.9228217915468448     
        1804   8.9434891352394086     
        1805   8.9293235290232023     
        1806   8.9293235290232023     
        1807   8.9522250973385535     
        1808   8.9892603745456263     
        1809   8.9590746512094377     
        1810   8.9590746512094377     
        1811   9.0067250281905320     
        1812   8.9867909208642498     
        1813   8.9794041922024306     
        1814   9.0115248530221645     
        1815   9.0115248530221645     
        1816   9.0115248530221645     
        1817   9.0430663716247004     
        1818   9.0430663716247004     
        1819   9.0355628757595952     
        1820   9.0355628757595952     
        1821   9.0355628757595952     
        1822   9.0355628757595952     
        1823   9.0613247989901033     
        1824   9.0537357389348756     
        1825   9.0537357389348756     
        1826   9.0537357389348756     
        1827   9.0537357389348756     
        1828   9.0254313554050984     
        1829   8.9885327397012418     
        1830   9.0308611976196449     
        1831   9.0308611976196449     
        1832   9.0074023498158429     
        1833   8.9967725047293712     
        1834   8.9967725047293712     
        1835   9.0295738801276269     
        1836   9.0295738801276269     
        1837   9.0144091881468391     
        1838   9.0157769363567546     
        1839   8.9795494799423157     
        1840   8.9538022209689920     
        1841   8.9538022209689920     
        1842   8.9428171400537497     
        1843   8.9482769997715721     
        1844   9.0056953221460496     
        1845   9.0056953221460496     
        1846   9.0407756480605883     
        1847   9.0407756480605883     
        1848   9.0407756480605883     
        1849   9.0407756480605883     
        1850   9.0407756480605883     
        1851   9.0407756480605883     
        1852   9.0407756480605883     
        1853   9.0503960791051075     
        1854   9.0503960791051075     
        1855   9.0471664194501233     
        1856   8.9951729742572315     
        1857   8.9951729742572315     
        1858   8.9687855644112311     
        1859   8.9835532168044470     
        1860   9.0016368774541657     
        1861   9.0072083194159607     
        1862   9.0070307732768029     
        1863   9.0533724796420465     
        1864   9.0257829764685393     
        1865   9.0381409576661831     
        1866   9.0438717541246856     
        1867   9.0591021910143326     
        1868   9.1096234543136116     
        1869   9.0888558250491709     
        1870   9.0839360004850729     
        1871   9.0810075022908912     
        1872   9.0715038272835837     
        1873   9.0966128256717127     
        1874   9.0807934664215164     
        1875   9.1260310040768502     
        1876   9.1182104014067118     
        1877   9.1182104014067118     
        1878   9.1066035920635020     
        1879   9.1066035920635020     
        1880   9.0655331796358549     
        1881   9.0895118950381981     
        1882   9.1228507425745118     
        1883   9.0837081915148108     
        1884   9.0837081915148108     
        1885   9.0709906396559301     
        1886   9.0909596927273295     
        1887   9.0678445241327879     
        1888   9.0765002594416693     
        1889   9.0560054193894697     
        1890   9.0560054193894697     
        1891   9.0560054193894697     
        1892   9.0560054193894697     
        1893   9.0775941576376447     
        1894   9.0482556214897301     
        1895   9.0482556214897301     
        1896   9.0603607400068729     
        1897   9.0964368044137629     
        1898   9.0947742077593823     
        1899   9.0970891864995718     
        1900   9.1241745913845040     
        1901   9.1408970882511120     
        1902   9.1399383434944674     
        1903   9.1364746886069916     
        1904   9.1364746886069916     
        1905   9.1364746886069916     
        1906   9.1364746886069916     
        1907   9.1299840631283775     
        1908   9.0992522147142338     
        1909   9.1022467245235230     
        1910   9.0935801814965433     
        1911   9.0855487060685522     
        1912   9.0810162725279682     
        1913   9.0810162725279682     
        1914   9.0810162725279682     
        1915   9.0488914590368825     
        1916   9.0488914590368825     
        1917   9.0678452123122781     
        1918   9.0850551283285252     
        1919   9.0847549630744098     
        1920   9.0740911422966271     
        1921   9.0469365447423709     
        1922   9.0469365447423709     
        1923   9.0469365447423709     
        1924   9.0261242216028457     
        1925   9.0182953783281672     
        1926   9.0174942832007439     
        1927   9.0719127933671881     
        1928   9.0632013084283702     
        1929   9.0123472380511966     
        1930   9.0123472380511966     
        1931   8.9970258821004219     
        1932   9.0189238650332850     
        1933   9.0153797553623125     
        1934   8.9657872559797518     
        1935   8.9992113364637429     
        1936   8.9992113364637429     
        1937   8.9992113364637429     
        1938   8.9414407084712515     
        1939   8.9757219067906213     
        1940   8.9830951945612991     
        1941   9.0113613994368738     
        1942   9.0113613994368738     
        1943   9.0113613994368738     
        1944   9.0113613994368738     
        1945   8.9536064395890431     
        1946   8.9736968081590565     
        1947   8.9651852717323912     
        1948   8.9790209205749161     
        1949   8.9824835741134130     
        1950   9.0240074351065012     
        1951   9.0109211853707247     
        1952   9.0109211853707247     
        1953   9.0176439663093060     
        1954   9.0176439663093060     
        1955   8.9627482804792002     
        1956   9.0143540514773672     
        1957   9.0615173165766922     
        1958   9.0113725763924499     
        1959   9.0113725763924499     
        1960   9.0443802456072522     
        1961   9.0360255853223990     
        1962   9.0360255853223990     
        1963   9.0360255853223990     
        1964   9.0040126890797705     
        1965   9.0101245871592397     
        1966   8.9712234064239631     
        1967   8.9712234064239631     
        1968   8.9914323288529854     
        1969   8.9914323288529854     
        1970   8.9974498723957979     
        1971   9.0134527132901532     
        1972   9.0009520089852870     
        1973   8.9979002550857974     
        1974   9.0414479347790682     
        1975   8.9932086311153565     
        1976   8.9515240247968464     
        1977   8.9947613436647718     
        1978   8.9947613436647718     
        1979   8.9770910224742675     
        1980   9.0167322297112324     
        1981   9.0167322297112324     
        1982   9.0167322297112324     
        1983   9.0167322297112324     
        1984   9.0167322297112324     
        1985   9.0167322297112324     
        1986   9.0242165587292522     
        1987   9.0242165587292522     
        1988   9.0242165587292522     
        1989   9.0242165587292522     
        1990   9.0242165587292522     
        1991   9.0767647940799669     
        1992   9.0767647940799669     
        1993   9.0366934516877659     
        1994   9.0029718659246978     
        1995   9.0271906886458666     
        1996   9.0271906886458666     
        1997   9.0835007380046804     
        1998   9.1074122534479205     
        1999   9.1074122534479205     
        2000   9.0730783859425657     
