 SAMPLE,  BOXLENGTH
           1   8.0881298086021065     
           2   8.0728092900735753     
           3   8.0728092900735753     
           4   8.0728092900735753     
           5   8.0728092900735753     
           6   8.0783457782286536     
           7   8.0783457782286536     
           8   8.0510845743003312     
           9   8.0510845743003312     
          10   8.0512466806891183     
          11   8.0512466806891183     
          12   8.0611995702779407     
          13   8.0579817268747593     
          14   8.0886919170048177     
          15   8.0886919170048177     
          16   8.0904920883861831     
          17   8.0658543736162702     
          18   8.0977810287902514     
          19   8.0991245256433313     
          20   8.0758809688626023     
          21   8.0765022624794724     
          22   8.0671949229878788     
          23   8.0821704954956992     
          24   8.0838421266879177     
          25   8.0738230627981800     
          26   8.0738230627981800     
          27   8.0728553985471496     
          28   8.0728553985471496     
          29   8.0728553985471496     
          30   8.0597915864725831     
          31   8.0894584372543790     
          32   8.1085519463515165     
          33   8.1085519463515165     
          34   8.0717415512817894     
          35   8.0717415512817894     
          36   8.0361944627280657     
          37   8.0361944627280657     
          38   8.0554279114265626     
          39   8.0582792818142401     
          40   8.0438541954686347     
          41   8.0524353521968042     
          42   8.0649596607209020     
          43   8.0649596607209020     
          44   8.0649596607209020     
          45   8.0649596607209020     
          46   8.0649596607209020     
          47   8.0720714577038564     
          48   8.0720714577038564     
          49   8.0720714577038564     
          50   8.0720714577038564     
          51   8.0877494176741855     
          52   8.0724705316098415     
          53   8.0787999301260367     
          54   8.0675920945739872     
          55   8.0587421374787276     
          56   8.0666045755538995     
          57   8.0554250548740800     
          58   8.0274343240302883     
          59   8.0352753495187823     
          60   8.0814335571797358     
          61   8.0736778310220991     
          62   8.0866825697994535     
          63   8.0866825697994535     
          64   8.0866825697994535     
          65   8.0866825697994535     
          66   8.0597622659667234     
          67   8.0597622659667234     
          68   8.0597622659667234     
          69   8.0461821127115947     
          70   8.0461821127115947     
          71   8.0461821127115947     
          72   8.0546594479914599     
          73   8.0546594479914599     
          74   8.0542463346746356     
          75   8.0542463346746356     
          76   8.0542463346746356     
          77   8.0417548043428830     
          78   8.0417548043428830     
          79   8.0503641043230285     
          80   8.0907194300372680     
          81   8.0720686339930143     
          82   8.0720686339930143     
          83   8.0720686339930143     
          84   8.0720686339930143     
          85   8.0645959628574868     
          86   8.0529054598915391     
          87   8.0529054598915391     
          88   8.0666590541405920     
          89   8.0666590541405920     
          90   8.0666590541405920     
          91   8.0666590541405920     
          92   8.0791459406336141     
          93   8.0853452826281487     
          94   8.0853452826281487     
          95   8.0853452826281487     
          96   8.0541067271442071     
          97   8.0479421169775041     
          98   8.0479421169775041     
          99   8.0760696325345052     
         100   8.0782131479935391     
         101   8.0877800373223057     
         102   8.0877800373223057     
         103   8.0788450807108099     
         104   8.0788450807108099     
         105   8.0771402126609431     
         106   8.0553924914706982     
         107   8.0553924914706982     
         108   8.0553924914706982     
         109   8.0728388098225441     
         110   8.0728388098225441     
         111   8.0645130427753724     
         112   8.0645130427753724     
         113   8.0509248987141078     
         114   8.0620176665985834     
         115   8.0565809619282227     
         116   8.0382366313623557     
         117   8.0543325894553437     
         118   8.0543325894553437     
         119   8.0725407961257716     
         120   8.0725407961257716     
         121   8.0892777721937126     
         122   8.0892777721937126     
         123   8.0702940648816988     
         124   8.1100861059604110     
         125   8.1329328838014145     
         126   8.1176736168020707     
         127   8.1176736168020707     
         128   8.1176736168020707     
         129   8.0931042219456089     
         130   8.0420066774071977     
         131   8.0601846481461106     
         132   8.0601846481461106     
         133   8.0601846481461106     
         134   8.0366907947334614     
         135   8.0528383429545194     
         136   8.0658875408675090     
         137   8.0667402387771467     
         138   8.0667402387771467     
         139   8.0667402387771467     
         140   8.0686884899632147     
         141   8.0646493803183059     
         142   8.0646493803183059     
         143   8.0356361831087249     
         144   8.0356361831087249     
         145   8.0356361831087249     
         146   8.0741925875520941     
         147   8.0890766302482326     
         148   8.0701808399416723     
         149   8.0639366440085958     
         150   8.0639366440085958     
         151   8.0639366440085958     
         152   8.0607723040642760     
         153   8.0520686182546743     
         154   8.0520686182546743     
         155   8.0393055733597460     
         156   8.0499694750954980     
         157   8.0369161893856109     
         158   8.0363482682464031     
         159   8.0366599575850248     
         160   8.0370219084460022     
         161   8.0370219084460022     
         162   8.0450988317135046     
         163   8.0450988317135046     
         164   8.0618009637407901     
         165   8.0557703179761457     
         166   8.0557703179761457     
         167   8.0557703179761457     
         168   8.0639247135683831     
         169   8.0343194764331916     
         170   8.0703328014683873     
         171   8.0703328014683873     
         172   8.0831315819521805     
         173   8.0720932630571500     
         174   8.0742899396975591     
         175   8.0573413074212610     
         176   8.0808205279094771     
         177   8.0808205279094771     
         178   8.0829692509986710     
         179   8.0852181470879909     
         180   8.0852181470879909     
         181   8.0797715441125071     
         182   8.1161462280629895     
         183   8.1161462280629895     
         184   8.1078068411080615     
         185   8.1050455510366959     
         186   8.0632350210301400     
         187   8.0713922905384887     
         188   8.0758002030355396     
         189   8.0983383551618626     
         190   8.0983383551618626     
         191   8.0381719103831184     
         192   8.0381719103831184     
         193   8.0412400495124903     
         194   8.0538881816893912     
         195   8.0472632242135909     
         196   8.0330903911904059     
         197   8.0716842012312888     
         198   8.0631971167056307     
         199   8.0631971167056307     
         200   8.0631971167056307     
         201   8.0631971167056307     
         202   8.0934062811178169     
         203   8.0934062811178169     
         204   8.0934062811178169     
         205   8.0447086029456329     
         206   8.0734101749352458     
         207   8.0587885366410195     
         208   8.0675623347524770     
         209   8.0675623347524770     
         210   8.0729104345148279     
         211   8.0729104345148279     
         212   8.0790825776583404     
         213   8.0707576995109207     
         214   8.0759764309519522     
         215   8.0729800463918959     
         216   8.0729800463918959     
         217   8.0512263706258889     
         218   8.0512263706258889     
         219   8.0512263706258889     
         220   8.0561462667577075     
         221   8.0815247584995866     
         222   8.0815247584995866     
         223   8.0816393373533089     
         224   8.0816393373533089     
         225   8.0947299175502430     
         226   8.0701701721180630     
         227   8.0812701292335873     
         228   8.0905098228335905     
         229   8.0905098228335905     
         230   8.0905098228335905     
         231   8.0938287971161120     
         232   8.0642968125716976     
         233   8.0937433389098299     
         234   8.0937433389098299     
         235   8.0805783666882434     
         236   8.0805783666882434     
         237   8.0805783666882434     
         238   8.0805783666882434     
         239   8.0798293409474322     
         240   8.0787479358419851     
         241   8.0644611208043067     
         242   8.0644611208043067     
         243   8.0676108576551844     
         244   8.0676108576551844     
         245   8.0652177285394249     
         246   8.0514336174444061     
         247   8.0562765726231653     
         248   8.0687480518171970     
         249   8.0687480518171970     
         250   8.0601232605536488     
         251   8.0601232605536488     
         252   8.0400311152950561     
         253   8.0343383192821705     
         254   8.0343383192821705     
         255   8.0343383192821705     
         256   8.0553608163971919     
         257   8.0821649404029063     
         258   8.0665035637864708     
         259   8.0435709958614492     
         260   8.0588680598127986     
         261   8.0588680598127986     
         262   8.0553916453357370     
         263   8.0709442421067461     
         264   8.0853987937325016     
         265   8.0726418579042196     
         266   8.0606134669264904     
         267   8.0787757755762186     
         268   8.0787757755762186     
         269   8.0469471427755686     
         270   8.0546875983488970     
         271   8.0474753998672668     
         272   8.0289748905062179     
         273   8.0644312265995843     
         274   8.0644312265995843     
         275   8.0644312265995843     
         276   8.0644312265995843     
         277   8.0773785128619870     
         278   8.0931046905317157     
         279   8.0737745599898787     
         280   8.0587129976370893     
         281   8.0809901275720932     
         282   8.0809901275720932     
         283   8.0809901275720932     
         284   8.0852982442132060     
         285   8.0992901955656951     
         286   8.0739412489066957     
         287   8.0955724704483671     
         288   8.0955724704483671     
         289   8.0955724704483671     
         290   8.0955724704483671     
         291   8.0955724704483671     
         292   8.0918053992387780     
         293   8.0897420553203094     
         294   8.0884276896446945     
         295   8.0884276896446945     
         296   8.1036615476868672     
         297   8.0981707441125863     
         298   8.0968194189596314     
         299   8.1000766415249394     
         300   8.1000766415249394     
         301   8.0993657670205579     
         302   8.0497864813741558     
         303   8.0878449153415914     
         304   8.0878449153415914     
         305   8.0932020489257415     
         306   8.0867080971567695     
         307   8.0555808157662252     
         308   8.0853580997606151     
         309   8.0968308348804925     
         310   8.0968308348804925     
         311   8.0652258644160035     
         312   8.0721861452208135     
         313   8.0685827419417873     
         314   8.0685827419417873     
         315   8.0756305238554500     
         316   8.0756305238554500     
         317   8.0756305238554500     
         318   8.0756305238554500     
         319   8.0756305238554500     
         320   8.0624131890757091     
         321   8.0624131890757091     
         322   8.0624131890757091     
         323   8.0624131890757091     
         324   8.0959415921469002     
         325   8.0959415921469002     
         326   8.0878871690023146     
         327   8.1049472722892482     
         328   8.1049472722892482     
         329   8.0851531285536016     
         330   8.0731787044146639     
         331   8.0731787044146639     
         332   8.0925186454848248     
         333   8.0926411956485520     
         334   8.0604629671103680     
         335   8.0687854088067663     
         336   8.1046256102575409     
         337   8.1046256102575409     
         338   8.1046256102575409     
         339   8.1046256102575409     
         340   8.0836633286308430     
         341   8.0915268184897364     
         342   8.0915268184897364     
         343   8.0915268184897364     
         344   8.0787917768280320     
         345   8.0633519622664203     
         346   8.0633519622664203     
         347   8.0723344318382946     
         348   8.0723344318382946     
         349   8.0681752469516450     
         350   8.0681752469516450     
         351   8.0561357887919574     
         352   8.0951728896279480     
         353   8.1055290942736864     
         354   8.1055290942736864     
         355   8.0712384458028641     
         356   8.0712384458028641     
         357   8.0910131068252529     
         358   8.0910131068252529     
         359   8.0720625404113022     
         360   8.0805345450934940     
         361   8.0924874980145063     
         362   8.0924874980145063     
         363   8.0852986356590790     
         364   8.0852986356590790     
         365   8.0918738617287005     
         366   8.0918738617287005     
         367   8.0918738617287005     
         368   8.0993421334590217     
         369   8.0993421334590217     
         370   8.0558634354756471     
         371   8.0558634354756471     
         372   8.0935801964755960     
         373   8.0943558543120613     
         374   8.0770349832580060     
         375   8.0770349832580060     
         376   8.0770349832580060     
         377   8.0770349832580060     
         378   8.0770349832580060     
         379   8.0386392395226807     
         380   8.0494713377540030     
         381   8.0832701319030971     
         382   8.0832701319030971     
         383   8.0815651494610066     
         384   8.0880744075038162     
         385   8.0895772387026970     
         386   8.0596456349983718     
         387   8.0596456349983718     
         388   8.0794565052191771     
         389   8.0970832971217082     
         390   8.0970832971217082     
         391   8.0918267827543460     
         392   8.0918267827543460     
         393   8.0565634669440254     
         394   8.0859241598410083     
         395   8.0996182614672563     
         396   8.0899977612477709     
         397   8.0770905745350206     
         398   8.0551864941025446     
         399   8.0551864941025446     
         400   8.0551864941025446     
         401   8.0542536970687468     
         402   8.0829761335701029     
         403   8.1087319924867280     
         404   8.0870439929474927     
         405   8.0870439929474927     
         406   8.0657584509457951     
         407   8.0948053043246109     
         408   8.0932486850031822     
         409   8.0578121056911414     
         410   8.0616336688977430     
         411   8.0881594444852674     
         412   8.0812198333259726     
         413   8.0812198333259726     
         414   8.0856125726724795     
         415   8.0736652057654403     
         416   8.0809942829518189     
         417   8.0663346126529181     
         418   8.0663346126529181     
         419   8.0876525766505711     
         420   8.0562905993361529     
         421   8.0807323254363617     
         422   8.0637073497636127     
         423   8.0632075825777356     
         424   8.0768477907245977     
         425   8.0822752242312017     
         426   8.0709498123996948     
         427   8.0456469504642012     
         428   8.0596768187231280     
         429   8.0596768187231280     
         430   8.0596768187231280     
         431   8.0520906529027307     
         432   8.0551485501119853     
         433   8.0551485501119853     
         434   8.0551485501119853     
         435   8.0538060382232999     
         436   8.0731217980094314     
         437   8.0666426417457142     
         438   8.0779427467571381     
         439   8.0779427467571381     
         440   8.0802869829621251     
         441   8.0841028426732482     
         442   8.0944083643809090     
         443   8.0863947871174879     
         444   8.0594148450791661     
         445   8.0673311732494160     
         446   8.0673311732494160     
         447   8.0466318060503230     
         448   8.0466318060503230     
         449   8.0688099270345752     
         450   8.0785326194759737     
         451   8.0785326194759737     
         452   8.0785326194759737     
         453   8.0785326194759737     
         454   8.0912400984247110     
         455   8.0912400984247110     
         456   8.0599343670326640     
         457   8.0674784818713992     
         458   8.0669333225756468     
         459   8.0585735574894652     
         460   8.0505917810143330     
         461   8.0505917810143330     
         462   8.0505917810143330     
         463   8.0657398017584114     
         464   8.0484329554856195     
         465   8.0479435278811984     
         466   8.0479435278811984     
         467   8.0696130327453659     
         468   8.0839311478476876     
         469   8.0479589061644479     
         470   8.0479589061644479     
         471   8.0383925920118386     
         472   8.0383925920118386     
         473   8.0380599919845519     
         474   8.0380599919845519     
         475   8.0442663068411626     
         476   8.0442663068411626     
         477   8.0080818435037973     
         478   8.0278156547102011     
         479   8.0278156547102011     
         480   8.0278156547102011     
         481   8.0278156547102011     
         482   8.0043305326932490     
         483   8.0269428337551965     
         484   8.0209118047941068     
         485   8.0181827321906294     
         486   8.0181827321906294     
         487   8.0163664224990967     
         488   8.0469731181987996     
         489   8.0243273379443494     
         490   8.0243273379443494     
         491   8.0243273379443494     
         492   8.0243273379443494     
         493   8.0443438676512109     
         494   8.0352829178312426     
         495   8.0286747069202953     
         496   8.0686434906941340     
         497   8.0364944116797403     
         498   8.0612149421705173     
         499   8.0264283499140774     
         500   8.0256727463924040     
         501   8.0256727463924040     
         502   8.0272896878215292     
         503   8.0447249240307102     
         504   8.0676806737470148     
         505   8.0676806737470148     
         506   8.0676806737470148     
         507   8.0800613625549058     
         508   8.0800613625549058     
         509   8.0632806534490342     
         510   8.0656542505272828     
         511   8.0709822126884596     
         512   8.0709822126884596     
         513   8.0709822126884596     
         514   8.0709822126884596     
         515   8.0457149587405983     
         516   8.0868348590317733     
         517   8.0645034054860840     
         518   8.0578187832954828     
         519   8.0956834734000118     
         520   8.0723886206649063     
         521   8.0811998462364052     
         522   8.0579611940023685     
         523   8.0728150581374365     
         524   8.0655358879796530     
         525   8.0655358879796530     
         526   8.0655358879796530     
         527   8.0442959188314411     
         528   8.0442959188314411     
         529   8.0763393341657679     
         530   8.0672663588577436     
         531   8.0672881796738753     
         532   8.1011544484238893     
         533   8.0703966411651926     
         534   8.0703966411651926     
         535   8.0837055035593082     
         536   8.0830043356120083     
         537   8.0830043356120083     
         538   8.0564803399495446     
         539   8.0794269322602137     
         540   8.0854413955039366     
         541   8.0950839505802534     
         542   8.1027002541332394     
         543   8.1027002541332394     
         544   8.1027002541332394     
         545   8.1027002541332394     
         546   8.1027002541332394     
         547   8.0891613679111636     
         548   8.0712519859410428     
         549   8.0815618475364701     
         550   8.0815618475364701     
         551   8.0996558811133852     
         552   8.0996558811133852     
         553   8.0939287347909961     
         554   8.0936909700298205     
         555   8.0936909700298205     
         556   8.0936909700298205     
         557   8.0913713936851632     
         558   8.0963541881414294     
         559   8.0818550637665592     
         560   8.0818550637665592     
         561   8.0813362177728347     
         562   8.0984612119057395     
         563   8.0466472226080654     
         564   8.0671882646498769     
         565   8.1061234406580471     
         566   8.1061234406580471     
         567   8.0884523009085569     
         568   8.0724125128845259     
         569   8.0724125128845259     
         570   8.0724125128845259     
         571   8.0724125128845259     
         572   8.0817907085980121     
         573   8.0975505087605733     
         574   8.0975505087605733     
         575   8.0632492749585865     
         576   8.0632492749585865     
         577   8.0632492749585865     
         578   8.0595303859709500     
         579   8.0595303859709500     
         580   8.0804673133599536     
         581   8.0804673133599536     
         582   8.0924556765563569     
         583   8.0797480362103293     
         584   8.0797480362103293     
         585   8.0797480362103293     
         586   8.0797480362103293     
         587   8.0797480362103293     
         588   8.0662144770624273     
         589   8.0752052144384177     
         590   8.0918537810596121     
         591   8.0736731890925935     
         592   8.0736731890925935     
         593   8.0736731890925935     
         594   8.0736731890925935     
         595   8.0883992088938701     
         596   8.0735725063334431     
         597   8.0735725063334431     
         598   8.0735725063334431     
         599   8.0728643493846182     
         600   8.0728643493846182     
         601   8.0760879128750442     
         602   8.0760879128750442     
         603   8.0842039870265836     
         604   8.0842039870265836     
         605   8.0826373130956899     
         606   8.0966789358234870     
         607   8.1024852740907871     
         608   8.1024852740907871     
         609   8.0930604120479028     
         610   8.0772417808028827     
         611   8.1045465849971166     
         612   8.0857328632301968     
         613   8.0791195546645937     
         614   8.0791195546645937     
         615   8.0791195546645937     
         616   8.0818416011510710     
         617   8.0537723375015045     
         618   8.0749554431895891     
         619   8.0749554431895891     
         620   8.0878322255567152     
         621   8.0878322255567152     
         622   8.0878322255567152     
         623   8.0878044483411387     
         624   8.0878044483411387     
         625   8.0878044483411387     
         626   8.0878044483411387     
         627   8.0772580881678451     
         628   8.0844079701425020     
         629   8.0844079701425020     
         630   8.0844079701425020     
         631   8.0793941845172004     
         632   8.0974884899210497     
         633   8.0673914256392791     
         634   8.0782514868087887     
         635   8.0930870706521958     
         636   8.0930870706521958     
         637   8.0930870706521958     
         638   8.0924459888096063     
         639   8.0909410355799842     
         640   8.0909410355799842     
         641   8.0909410355799842     
         642   8.0909410355799842     
         643   8.0832564624150560     
         644   8.0832564624150560     
         645   8.0832564624150560     
         646   8.0832564624150560     
         647   8.0853180992077114     
         648   8.0847113340855294     
         649   8.0813883146617478     
         650   8.0813883146617478     
         651   8.0652008126507777     
         652   8.1011900921366813     
         653   8.0687484061972974     
         654   8.0441393318684558     
         655   8.0441393318684558     
         656   8.0663252573834399     
         657   8.0892566884131512     
         658   8.0892566884131512     
         659   8.0892566884131512     
         660   8.0535635890912403     
         661   8.0716963866437670     
         662   8.0716963866437670     
         663   8.0716963866437670     
         664   8.0716963866437670     
         665   8.0879860308496418     
         666   8.0914706621357322     
         667   8.0682746922078774     
         668   8.0682746922078774     
         669   8.0924625904803857     
         670   8.0810822280717680     
         671   8.0897850027283660     
         672   8.0331597310189178     
         673   8.0639874710621733     
         674   8.0639874710621733     
         675   8.0684657527097912     
         676   8.0817491624765871     
         677   8.0814671949232650     
         678   8.0814671949232650     
         679   8.0647731775699700     
         680   8.0647731775699700     
         681   8.0450539873024685     
         682   8.0450539873024685     
         683   8.0450539873024685     
         684   8.0534872787087988     
         685   8.0534872787087988     
         686   8.0498733591436142     
         687   8.0366293420903610     
         688   8.0366293420903610     
         689   8.0910024114061425     
         690   8.0430869115846040     
         691   8.0500735856808170     
         692   8.0500735856808170     
         693   8.0198074497567884     
         694   8.0198074497567884     
         695   8.0198074497567884     
         696   8.0565790606343342     
         697   8.0565790606343342     
         698   8.0518597779967251     
         699   8.0794620701794759     
         700   8.0463029339765395     
         701   8.0713284677153503     
         702   8.0951389761691157     
         703   8.0798624623241455     
         704   8.0902270487394148     
         705   8.0851152236505524     
         706   8.0851152236505524     
         707   8.0851152236505524     
         708   8.0859397270546740     
         709   8.0734730834126083     
         710   8.0802193710646328     
         711   8.0358743748711152     
         712   8.0704863957449753     
         713   8.0704863957449753     
         714   8.0704863957449753     
         715   8.0792781244657075     
         716   8.0783389366018064     
         717   8.0783389366018064     
         718   8.0488796141548082     
         719   8.0268519812036860     
         720   8.0268519812036860     
         721   8.0538196967915230     
         722   8.0538196967915230     
         723   8.0538196967915230     
         724   8.0538196967915230     
         725   8.0482734761873207     
         726   8.0482734761873207     
         727   8.0392231728286276     
         728   8.0651112599079564     
         729   8.0883093915337891     
         730   8.0673202793001622     
         731   8.0581068920384364     
         732   8.0604371595666375     
         733   8.0686993450307689     
         734   8.0550185939201597     
         735   8.0620838829386976     
         736   8.0620838829386976     
         737   8.0677913303157140     
         738   8.0677913303157140     
         739   8.0779642836614922     
         740   8.0779642836614922     
         741   8.0531635543717144     
         742   8.0580742171330986     
         743   8.0903715884831477     
         744   8.0903715884831477     
         745   8.0436922648250313     
         746   8.0841515665224737     
         747   8.0841515665224737     
         748   8.0841515665224737     
         749   8.0841515665224737     
         750   8.0755404101309338     
         751   8.0755404101309338     
         752   8.0923216834731679     
         753   8.0939642635683544     
         754   8.0939642635683544     
         755   8.0739059441988434     
         756   8.0448136560291257     
         757   8.0550430619646178     
         758   8.0615433155762286     
         759   8.0933177990741392     
         760   8.0526639383228495     
         761   8.0526639383228495     
         762   8.0598840882386575     
         763   8.0913700734557725     
         764   8.0421661954186767     
         765   8.0791859279571074     
         766   8.0469012183843525     
         767   8.0424277425575017     
         768   8.0855351571004235     
         769   8.0754788851941921     
         770   8.0810838618846130     
         771   8.0810838618846130     
         772   8.0810838618846130     
         773   8.0810838618846130     
         774   8.0810838618846130     
         775   8.0810838618846130     
         776   8.0810838618846130     
         777   8.0810838618846130     
         778   8.0810838618846130     
         779   8.0860463989390130     
         780   8.0860463989390130     
         781   8.1012386750080196     
         782   8.0859700567629673     
         783   8.0859700567629673     
         784   8.0859700567629673     
         785   8.1112971747057578     
         786   8.1112971747057578     
         787   8.1112971747057578     
         788   8.0764137705645958     
         789   8.0764137705645958     
         790   8.0952984217934514     
         791   8.0952984217934514     
         792   8.0951524472818353     
         793   8.0951524472818353     
         794   8.0659752374379217     
         795   8.0914395421346335     
         796   8.0914395421346335     
         797   8.0762629754470385     
         798   8.0534814772616787     
         799   8.0761575501934910     
         800   8.0761575501934910     
         801   8.0846709547839861     
         802   8.0846709547839861     
         803   8.0843195852006975     
         804   8.0843195852006975     
         805   8.0843195852006975     
         806   8.0684822398207707     
         807   8.0751185437724065     
         808   8.0751185437724065     
         809   8.0812330426804255     
         810   8.0812330426804255     
         811   8.0843226897587943     
         812   8.0882744136508045     
         813   8.1026011897674337     
         814   8.0633892538272267     
         815   8.0818592924801536     
         816   8.0987654026939406     
         817   8.1063419118119597     
         818   8.1063419118119597     
         819   8.1021738283280378     
         820   8.0684152404949270     
         821   8.0769417835857116     
         822   8.0720480418579790     
         823   8.0982569494030887     
         824   8.1087389287672949     
         825   8.0879581768116520     
         826   8.0803547606214021     
         827   8.0803547606214021     
         828   8.0990888523401310     
         829   8.0872888404776617     
         830   8.0696400882205257     
         831   8.1008873184133616     
         832   8.0990139739786873     
         833   8.0850152148867167     
         834   8.1000858137948235     
         835   8.1000858137948235     
         836   8.0722838148915859     
         837   8.0722838148915859     
         838   8.0384078371502223     
         839   8.0601536655111836     
         840   8.0740999085604290     
         841   8.0740999085604290     
         842   8.0740294936351358     
         843   8.0459955088393524     
         844   8.0631719921083729     
         845   8.0631719921083729     
         846   8.0631719921083729     
         847   8.0675104131944835     
         848   8.0658771586844171     
         849   8.0658771586844171     
         850   8.0713083872784850     
         851   8.0713083872784850     
         852   8.0564151817260381     
         853   8.0366180534412006     
         854   8.0366180534412006     
         855   8.0571382706569619     
         856   8.0571382706569619     
         857   8.0681843767144219     
         858   8.0565951427319948     
         859   8.0532656512201477     
         860   8.0635434048045607     
         861   8.0340648896179658     
         862   8.0340648896179658     
         863   8.0761412495164659     
         864   8.0568571850892035     
         865   8.0568571850892035     
         866   8.0568571850892035     
         867   8.0639504284463985     
         868   8.0593374975423000     
         869   8.0783340602936402     
         870   8.0783340602936402     
         871   8.0839704376956494     
         872   8.0714688275128932     
         873   8.0513775587785545     
         874   8.0544582099697344     
         875   8.0507761457951403     
         876   8.0507761457951403     
         877   8.0507761457951403     
         878   8.0675609071099537     
         879   8.0853033455126724     
         880   8.0853033455126724     
         881   8.0857986945244171     
         882   8.0579265468767307     
         883   8.0579265468767307     
         884   8.0482621599790551     
         885   8.0482621599790551     
         886   8.0264919918474380     
         887   8.0307628939626046     
         888   8.0372699643776411     
         889   8.0525141658319459     
         890   8.0440452355552434     
         891   8.0440452355552434     
         892   8.0440452355552434     
         893   8.0645456199988637     
         894   8.0434206251049289     
         895   8.0522595541925224     
         896   8.0468096043113864     
         897   8.0290798546801643     
         898   8.0695718876170606     
         899   8.0695718876170606     
         900   8.0695718876170606     
         901   8.0914241490882439     
         902   8.0914241490882439     
         903   8.0625182172154197     
         904   8.0625182172154197     
         905   8.0625182172154197     
         906   8.0625182172154197     
         907   8.0624658945546948     
         908   8.0474011166939103     
         909   8.0573246819230899     
         910   8.0726190161851008     
         911   8.0364704330322034     
         912   8.0364704330322034     
         913   8.0364704330322034     
         914   8.0364704330322034     
         915   8.0657623204534890     
         916   8.0614590875055896     
         917   8.0773260775433915     
         918   8.0773260775433915     
         919   8.0892777228165844     
         920   8.0675862967172911     
         921   8.0692858719018972     
         922   8.0628725270983193     
         923   8.0411214323289180     
         924   8.0431303019010318     
         925   8.0811797011451389     
         926   8.0879269144873636     
         927   8.0879269144873636     
         928   8.0879269144873636     
         929   8.0879269144873636     
         930   8.0646143659174268     
         931   8.0424743325881458     
         932   8.0346766170614821     
         933   8.0346766170614821     
         934   8.0282464494066055     
         935   8.0504352651752615     
         936   8.0854343054702245     
         937   8.0776046975531806     
         938   8.0897520155277682     
         939   8.0559523555882429     
         940   8.0649517708221232     
         941   8.1050326560903141     
         942   8.0818701099618355     
         943   8.0805290716698952     
         944   8.0793738027094104     
         945   8.0889711015214374     
         946   8.0889711015214374     
         947   8.0636601315489642     
         948   8.0636601315489642     
         949   8.0636601315489642     
         950   8.0829515187697911     
         951   8.0358230647651450     
         952   8.0669225381904059     
         953   8.0501955794614037     
         954   8.0501955794614037     
         955   8.0581457236769349     
         956   8.0875324837633844     
         957   8.0950046709991437     
         958   8.0702967873675835     
         959   8.0702967873675835     
         960   8.0568137024228186     
         961   8.0568137024228186     
         962   8.0788057607805435     
         963   8.0659041165463456     
         964   8.0704360659824950     
         965   8.0704360659824950     
         966   8.0704360659824950     
         967   8.0770796240968057     
         968   8.0780929984661523     
         969   8.0609006989270444     
         970   8.0517013091082550     
         971   8.0517013091082550     
         972   8.0517013091082550     
         973   8.0550063274458843     
         974   8.0828116758733408     
         975   8.0828116758733408     
         976   8.0845641356412177     
         977   8.0770599982570985     
         978   8.0664954789366945     
         979   8.0533268374428797     
         980   8.0496869031020228     
         981   8.0752925317885822     
         982   8.0637393462999469     
         983   8.0637393462999469     
         984   8.0637393462999469     
         985   8.0637393462999469     
         986   8.0637393462999469     
         987   8.0637393462999469     
         988   8.0660694717547514     
         989   8.0617303382072389     
         990   8.0617303382072389     
         991   8.0617303382072389     
         992   8.0722786043567680     
         993   8.0722786043567680     
         994   8.0545755035856406     
         995   8.0612301382217044     
         996   8.0377476874720752     
         997   8.0452685542159461     
         998   8.0356878429070058     
         999   8.0528791027591637     
        1000   8.0548578668107851     
        1001   8.1000077316438723     
        1002   8.0748184280157496     
        1003   8.0667228007679164     
        1004   8.0574588687553312     
        1005   8.0623491970289347     
        1006   8.0496945400183328     
        1007   8.0496945400183328     
        1008   8.0405265663690599     
        1009   8.0195151786410719     
        1010   8.0195151786410719     
        1011   8.0195151786410719     
        1012   8.0195151786410719     
        1013   8.0532581272668793     
        1014   8.0532581272668793     
        1015   8.0656349042076556     
        1016   8.0517703449608824     
        1017   8.0517703449608824     
        1018   8.0713310604721951     
        1019   8.0677392595045401     
        1020   8.0677392595045401     
        1021   8.0677392595045401     
        1022   8.0677392595045401     
        1023   8.0656857351699944     
        1024   8.0656857351699944     
        1025   8.0848276564185380     
        1026   8.0530224229473468     
        1027   8.0609582318130180     
        1028   8.0908124293709083     
        1029   8.0777484363101095     
        1030   8.0772643163517124     
        1031   8.0709646530646761     
        1032   8.0554174965864966     
        1033   8.0554174965864966     
        1034   8.0554174965864966     
        1035   8.0429515362136659     
        1036   8.0255657246476240     
        1037   8.0628369558112158     
        1038   8.0737820226830461     
        1039   8.0340205798741380     
        1040   8.0340205798741380     
        1041   8.0712171161743260     
        1042   8.0551460845316942     
        1043   8.0521974796276776     
        1044   8.0521974796276776     
        1045   8.0363114353165397     
        1046   8.0363114353165397     
        1047   8.0588542154993448     
        1048   8.0588542154993448     
        1049   8.0588542154993448     
        1050   8.0588542154993448     
        1051   8.0588542154993448     
        1052   8.0656848127600025     
        1053   8.0656848127600025     
        1054   8.0734094605136573     
        1055   8.0734094605136573     
        1056   8.0904701455272505     
        1057   8.0577048678994885     
        1058   8.0577048678994885     
        1059   8.0324656018285925     
        1060   8.0324656018285925     
        1061   8.0324656018285925     
        1062   8.0381725202180085     
        1063   8.0530593144475784     
        1064   8.0530593144475784     
        1065   8.0530593144475784     
        1066   8.0817756860976164     
        1067   8.0795029868529173     
        1068   8.0680765692248944     
        1069   8.0680765692248944     
        1070   8.0323710977074683     
        1071   8.0323710977074683     
        1072   8.0323710977074683     
        1073   8.0323710977074683     
        1074   8.0533853116503646     
        1075   8.0765104420582094     
        1076   8.0765104420582094     
        1077   8.0619698024479813     
        1078   8.0878715645318220     
        1079   8.0897544207359537     
        1080   8.0946917683691861     
        1081   8.0946917683691861     
        1082   8.0946917683691861     
        1083   8.0732402221689128     
        1084   8.0652157471966159     
        1085   8.0383067978125045     
        1086   8.0415505678841885     
        1087   8.0695228573110853     
        1088   8.0864186537605445     
        1089   8.0935116458335337     
        1090   8.0935116458335337     
        1091   8.0406678594175016     
        1092   8.0573334433348567     
        1093   8.0573334433348567     
        1094   8.0573334433348567     
        1095   8.0658446159482260     
        1096   8.0486804575028899     
        1097   8.0489346499551520     
        1098   8.0489346499551520     
        1099   8.0489346499551520     
        1100   8.0880512296139475     
        1101   8.0708728466751687     
        1102   8.0708728466751687     
        1103   8.0708728466751687     
        1104   8.0579749969062444     
        1105   8.0744392389712534     
        1106   8.0476477336054000     
        1107   8.0722238024028492     
        1108   8.0609617780758160     
        1109   8.0727932200844688     
        1110   8.0877557649553413     
        1111   8.0584478017996997     
        1112   8.0819661650119876     
        1113   8.0819661650119876     
        1114   8.0704255982644657     
        1115   8.0656993334858527     
        1116   8.0453864793010634     
        1117   8.0588080233925865     
        1118   8.0496042602298559     
        1119   8.0624657456575068     
        1120   8.0615082960556119     
        1121   8.0615082960556119     
        1122   8.0601801292299911     
        1123   8.0612622128337428     
        1124   8.0626391017164192     
        1125   8.0395249915425762     
        1126   8.0695514420609253     
        1127   8.0639358221351873     
        1128   8.0372773324329625     
        1129   8.0420678042131541     
        1130   8.0773584181602001     
        1131   8.0514586749513839     
        1132   8.0577106040501434     
        1133   8.0626415713124420     
        1134   8.0746020042781641     
        1135   8.0452485707765256     
        1136   8.0405625907823453     
        1137   8.0405625907823453     
        1138   8.0623749410408365     
        1139   8.0623749410408365     
        1140   8.0623749410408365     
        1141   8.0588960045068401     
        1142   8.0588960045068401     
        1143   8.0588960045068401     
        1144   8.0588960045068401     
        1145   8.0588960045068401     
        1146   8.0588960045068401     
        1147   8.0832919604953162     
        1148   8.0633050686820074     
        1149   8.0633050686820074     
        1150   8.0225252023232070     
        1151   8.0225252023232070     
        1152   8.0760593555063522     
        1153   8.0570071383045061     
        1154   8.0591060047133940     
        1155   8.0591060047133940     
        1156   8.0591060047133940     
        1157   8.0604701872886366     
        1158   8.0604701872886366     
        1159   8.0519152125370947     
        1160   8.0519152125370947     
        1161   8.0460180953287086     
        1162   8.0460180953287086     
        1163   8.0711933451816957     
        1164   8.0711933451816957     
        1165   8.0402585327680605     
        1166   8.0588835222206310     
        1167   8.0588835222206310     
        1168   8.0648596108946862     
        1169   8.0377673375627285     
        1170   8.0707983042176394     
        1171   8.0573531412238122     
        1172   8.0606142393216569     
        1173   8.0279654238566671     
        1174   8.0422772592035923     
        1175   8.0455537922404723     
        1176   8.0574497709743778     
        1177   8.0574497709743778     
        1178   8.0319954776144566     
        1179   8.0473179378863993     
        1180   8.0383381972194314     
        1181   8.0383381972194314     
        1182   8.0238512758257627     
        1183   8.0303272478797378     
        1184   8.0135714066416242     
        1185   8.0040307856223318     
        1186   8.0001307229454994     
        1187   8.0304453099446285     
        1188   8.0483008664933315     
        1189   8.0343456777435129     
        1190   8.0385352153017067     
        1191   8.0201153434016881     
        1192   8.0201153434016881     
        1193   8.0277224899169983     
        1194   8.0535083436080566     
        1195   8.0495740316440205     
        1196   8.0495740316440205     
        1197   8.0495740316440205     
        1198   8.0736041282486877     
        1199   8.0736041282486877     
        1200   8.0454248719079455     
        1201   8.0626207766684317     
        1202   8.0626207766684317     
        1203   8.0626207766684317     
        1204   8.0626207766684317     
        1205   8.0626207766684317     
        1206   8.0413286406982394     
        1207   8.0326058977176231     
        1208   8.0373555491290105     
        1209   8.0407345720778292     
        1210   8.0226764715450063     
        1211   8.0385672838241291     
        1212   8.0385672838241291     
        1213   8.0370731834270543     
        1214   8.0405850589559034     
        1215   8.0405850589559034     
        1216   8.0405850589559034     
        1217   8.0628535971495268     
        1218   8.0628535971495268     
        1219   8.0628535971495268     
        1220   8.0440509824399538     
        1221   8.0738815481372672     
        1222   8.0755601056512631     
        1223   8.0755601056512631     
        1224   8.0755601056512631     
        1225   8.0755601056512631     
        1226   8.0790705489822088     
        1227   8.0735487193996462     
        1228   8.0769448617088013     
        1229   8.0790147950877387     
        1230   8.0790147950877387     
        1231   8.1079322287940840     
        1232   8.1079322287940840     
        1233   8.1079322287940840     
        1234   8.0711674819782058     
        1235   8.0711674819782058     
        1236   8.0380544248189505     
        1237   8.0558895684826339     
        1238   8.0558895684826339     
        1239   8.0558895684826339     
        1240   8.0662192143121150     
        1241   8.0607847453746775     
        1242   8.0674897879681744     
        1243   8.0674897879681744     
        1244   8.0847769666828206     
        1245   8.0608431046753974     
        1246   8.0842452774463531     
        1247   8.0733051656060848     
        1248   8.0667507109965957     
        1249   8.0834347310694525     
        1250   8.0456197764006241     
        1251   8.0456197764006241     
        1252   8.0782738651330774     
        1253   8.0782738651330774     
        1254   8.0884042360745969     
        1255   8.0693022237874850     
        1256   8.0693022237874850     
        1257   8.0693022237874850     
        1258   8.0550881209384144     
        1259   8.0550881209384144     
        1260   8.0403488692841663     
        1261   8.0643965478184114     
        1262   8.0398090567880711     
        1263   8.0553820769623794     
        1264   8.0553820769623794     
        1265   8.0553820769623794     
        1266   8.0493313259017043     
        1267   8.0493313259017043     
        1268   8.0493313259017043     
        1269   8.0493313259017043     
        1270   8.0668898405771170     
        1271   8.0277230785667886     
        1272   8.0277230785667886     
        1273   8.0530331405257609     
        1274   8.0530331405257609     
        1275   8.0708933894120101     
        1276   8.0708933894120101     
        1277   8.0618688237723131     
        1278   8.0618688237723131     
        1279   8.0598025212007780     
        1280   8.0331015335228706     
        1281   8.0331015335228706     
        1282   8.0331015335228706     
        1283   8.0531284093090907     
        1284   8.0544780720582096     
        1285   8.0451563616803021     
        1286   8.0497882277825141     
        1287   8.0497882277825141     
        1288   8.0531343923814518     
        1289   8.0132885422693807     
        1290   8.0379029564321041     
        1291   8.0324702693844028     
        1292   8.0324702693844028     
        1293   8.0319331982087707     
        1294   8.0309693205451964     
        1295   8.0243186327247304     
        1296   8.0243186327247304     
        1297   8.0243186327247304     
        1298   8.0243186327247304     
        1299   8.0243186327247304     
        1300   8.0243186327247304     
        1301   8.0286586853297202     
        1302   8.0506934090457829     
        1303   8.0539303515557243     
        1304   8.0539303515557243     
        1305   8.0539303515557243     
        1306   8.0892864529868582     
        1307   8.0841868031254602     
        1308   8.0613286629169885     
        1309   8.0441965448031976     
        1310   8.0441965448031976     
        1311   8.0493632889557745     
        1312   8.0401491176976645     
        1313   8.0401491176976645     
        1314   8.0664482910019952     
        1315   8.0664482910019952     
        1316   8.0664482910019952     
        1317   8.0364321956659079     
        1318   8.0364321956659079     
        1319   8.0364321956659079     
        1320   8.0364321956659079     
        1321   8.0386711127875063     
        1322   8.0386711127875063     
        1323   8.0386711127875063     
        1324   8.0423179245968139     
        1325   8.0396242759113363     
        1326   8.0408177984555458     
        1327   8.0546231460388888     
        1328   8.0860766474203345     
        1329   8.0457054118173144     
        1330   8.0457054118173144     
        1331   8.0500123635234306     
        1332   8.0415111902939564     
        1333   8.0524579419335307     
        1334   8.0524579419335307     
        1335   8.0524579419335307     
        1336   8.0603484308185056     
        1337   8.0455840264436862     
        1338   8.0455840264436862     
        1339   8.0697542923399350     
        1340   8.0497839523124135     
        1341   8.0432218145117602     
        1342   8.0745904842851584     
        1343   8.0423411311381496     
        1344   8.0426633832199901     
        1345   8.0442507138506851     
        1346   8.0525709304516262     
        1347   8.0533333311474280     
        1348   8.0483193032781504     
        1349   8.0246744679371247     
        1350   8.0246744679371247     
        1351   8.0425405797322149     
        1352   8.0655224421220417     
        1353   8.0655224421220417     
        1354   8.0520423415535713     
        1355   8.0687717542485817     
        1356   8.0721266399943925     
        1357   8.0468837143531804     
        1358   8.0468837143531804     
        1359   8.0687268896562987     
        1360   8.0564277467591552     
        1361   8.0564277467591552     
        1362   8.0564277467591552     
        1363   8.0419194904800424     
        1364   8.0585141878023361     
        1365   8.0286059997457162     
        1366   8.0345215261288114     
        1367   8.0345215261288114     
        1368   8.0301006777824409     
        1369   8.0589668960921319     
        1370   8.0589668960921319     
        1371   8.0589668960921319     
        1372   8.0589243664063410     
        1373   8.0500399628314092     
        1374   8.0588067315125063     
        1375   8.0588067315125063     
        1376   8.0588067315125063     
        1377   8.0810626567631214     
        1378   8.0784856361239950     
        1379   8.0784856361239950     
        1380   8.0784856361239950     
        1381   8.0784856361239950     
        1382   8.0806541475374196     
        1383   8.0659376934783626     
        1384   8.0659376934783626     
        1385   8.0439267584957967     
        1386   8.0493580101698825     
        1387   8.0623960541613364     
        1388   8.0623960541613364     
        1389   8.0623960541613364     
        1390   8.0623960541613364     
        1391   8.0623960541613364     
        1392   8.0326653938477133     
        1393   8.0595771987424101     
        1394   8.0595771987424101     
        1395   8.0408575352342897     
        1396   8.0562928217194827     
        1397   8.0693184826900026     
        1398   8.0693184826900026     
        1399   8.0549167575859020     
        1400   8.0723612640892632     
        1401   8.0392245407799248     
        1402   8.0604500209957592     
        1403   8.0541788844727389     
        1404   8.0884388568985894     
        1405   8.0872681311476171     
        1406   8.0804368046877197     
        1407   8.0804368046877197     
        1408   8.0662460014607689     
        1409   8.0662460014607689     
        1410   8.1026313644380554     
        1411   8.0892761942256293     
        1412   8.0805723705883974     
        1413   8.0805723705883974     
        1414   8.0805723705883974     
        1415   8.0591659737134300     
        1416   8.0591659737134300     
        1417   8.0591659737134300     
        1418   8.0591659737134300     
        1419   8.0470981641375214     
        1420   8.0770712636452089     
        1421   8.0777268108704856     
        1422   8.0588254943233988     
        1423   8.0718555027375753     
        1424   8.0718555027375753     
        1425   8.0579200952124452     
        1426   8.0579200952124452     
        1427   8.0579200952124452     
        1428   8.0579200952124452     
        1429   8.0614850465931038     
        1430   8.0633487199589560     
        1431   8.0825735112811987     
        1432   8.0725002544389906     
        1433   8.0820550656711418     
        1434   8.0696203123621277     
        1435   8.0530061044568519     
        1436   8.0530061044568519     
        1437   8.0623743618698427     
        1438   8.0623743618698427     
        1439   8.0623743618698427     
        1440   8.0835150990060356     
        1441   8.0835150990060356     
        1442   8.0645206195266361     
        1443   8.0645206195266361     
        1444   8.0596881157876616     
        1445   8.0596881157876616     
        1446   8.0648042512397087     
        1447   8.0844254760725622     
        1448   8.0844254760725622     
        1449   8.0844254760725622     
        1450   8.0844254760725622     
        1451   8.0844254760725622     
        1452   8.0848546028227659     
        1453   8.0589194731520237     
        1454   8.0618827686482604     
        1455   8.0618827686482604     
        1456   8.0642872084756618     
        1457   8.0521867122946649     
        1458   8.0898656289619968     
        1459   8.1057967943067677     
        1460   8.0773469986087623     
        1461   8.0773469986087623     
        1462   8.0889285335161549     
        1463   8.0742805775167170     
        1464   8.0553053309780225     
        1465   8.0553053309780225     
        1466   8.0853971258664341     
        1467   8.0758586848706546     
        1468   8.0758586848706546     
        1469   8.0758586848706546     
        1470   8.0758586848706546     
        1471   8.0758586848706546     
        1472   8.0758586848706546     
        1473   8.0775041990248990     
        1474   8.0694912077085466     
        1475   8.0529724733003043     
        1476   8.0529724733003043     
        1477   8.0826531709909482     
        1478   8.0826531709909482     
        1479   8.0826531709909482     
        1480   8.0878297645979682     
        1481   8.0878297645979682     
        1482   8.0757165743996335     
        1483   8.0470337440988100     
        1484   8.0470337440988100     
        1485   8.0611180689231503     
        1486   8.0851908613258843     
        1487   8.0884331032097201     
        1488   8.0923468664948839     
        1489   8.0752343466909657     
        1490   8.0681860171749094     
        1491   8.0819394361278949     
        1492   8.0683424849726180     
        1493   8.0927629406802506     
        1494   8.0894039835713638     
        1495   8.1213637265758045     
        1496   8.0949470664790226     
        1497   8.0518044861447855     
        1498   8.0896240914332189     
        1499   8.0725176841782709     
        1500   8.0725176841782709     
        1501   8.0802702242094568     
        1502   8.0734852061165920     
        1503   8.0824932856689244     
        1504   8.0826413454650403     
        1505   8.1034198223938532     
        1506   8.0794335780695619     
        1507   8.0929937136202703     
        1508   8.0532584702971342     
        1509   8.0532584702971342     
        1510   8.0933846483346397     
        1511   8.0876501099670701     
        1512   8.1046201290255624     
        1513   8.1046201290255624     
        1514   8.0896306733169876     
        1515   8.0896306733169876     
        1516   8.1238784497795038     
        1517   8.1018740993429965     
        1518   8.1018740993429965     
        1519   8.0973963360452643     
        1520   8.0973963360452643     
        1521   8.1149860670908591     
        1522   8.1118805842152355     
        1523   8.1127968547787077     
        1524   8.1016661838127817     
        1525   8.1083843812707901     
        1526   8.0905973623867844     
        1527   8.0905973623867844     
        1528   8.1049997674093639     
        1529   8.0819642049042599     
        1530   8.0658967021503027     
        1531   8.0813089411564007     
        1532   8.0558686067911207     
        1533   8.0773965985247891     
        1534   8.0773965985247891     
        1535   8.0773965985247891     
        1536   8.0804885336005778     
        1537   8.0728801954979517     
        1538   8.1144205670608951     
        1539   8.1144205670608951     
        1540   8.1124827255574932     
        1541   8.0960132848354949     
        1542   8.0933431688303124     
        1543   8.0933431688303124     
        1544   8.0933431688303124     
        1545   8.0933431688303124     
        1546   8.0980625135192454     
        1547   8.0980625135192454     
        1548   8.0980625135192454     
        1549   8.0833949842279900     
        1550   8.0923439655675971     
        1551   8.0923439655675971     
        1552   8.0853623153378393     
        1553   8.1047314705842997     
        1554   8.0803223148415064     
        1555   8.0803223148415064     
        1556   8.0803223148415064     
        1557   8.0803223148415064     
        1558   8.0803223148415064     
        1559   8.0564133834145739     
        1560   8.0582935660322477     
        1561   8.1002557570798608     
        1562   8.1002557570798608     
        1563   8.0989235795861241     
        1564   8.0997637366768966     
        1565   8.0987196493920504     
        1566   8.1020467628940622     
        1567   8.0847017698958030     
        1568   8.0554494464704121     
        1569   8.0554494464704121     
        1570   8.0554494464704121     
        1571   8.0973419569622447     
        1572   8.0973419569622447     
        1573   8.0711295571391126     
        1574   8.0711295571391126     
        1575   8.0711295571391126     
        1576   8.0585842230064824     
        1577   8.0879546228783887     
        1578   8.0605817893702181     
        1579   8.0572907363851147     
        1580   8.0572907363851147     
        1581   8.0901105499984691     
        1582   8.0901105499984691     
        1583   8.0779955471655303     
        1584   8.0779955471655303     
        1585   8.0583043780659729     
        1586   8.1185052297003946     
        1587   8.0798412420075874     
        1588   8.0811329036181139     
        1589   8.0811329036181139     
        1590   8.0957173411940797     
        1591   8.0642576803715880     
        1592   8.0556509639039380     
        1593   8.0556509639039380     
        1594   8.0849787820961012     
        1595   8.0849787820961012     
        1596   8.0949952296932448     
        1597   8.0939837019228218     
        1598   8.0939837019228218     
        1599   8.0580314857698507     
        1600   8.0877074009019481     
        1601   8.0888228564254714     
        1602   8.0895427586649831     
        1603   8.0917326405995933     
        1604   8.0944302555935597     
        1605   8.0850371968996075     
        1606   8.0652517339932164     
        1607   8.0652517339932164     
        1608   8.0862895292239489     
        1609   8.0695772203174823     
        1610   8.0572451525454039     
        1611   8.0633981202234875     
        1612   8.0761828745027433     
        1613   8.0761828745027433     
        1614   8.0761828745027433     
        1615   8.0695855783180139     
        1616   8.0780890103829375     
        1617   8.0556548149019633     
        1618   8.0452390148365840     
        1619   8.0693194575949168     
        1620   8.0693194575949168     
        1621   8.0500634235092345     
        1622   8.0500634235092345     
        1623   8.0500634235092345     
        1624   8.0500634235092345     
        1625   8.0520296100083737     
        1626   8.0887554624233022     
        1627   8.0955257983880653     
        1628   8.0859751097938943     
        1629   8.0737755505849833     
        1630   8.0585088310285240     
        1631   8.0539587240226993     
        1632   8.0600751594432687     
        1633   8.0603890004834184     
        1634   8.0603890004834184     
        1635   8.0414785849317010     
        1636   8.0426130673192180     
        1637   8.0426130673192180     
        1638   8.0426130673192180     
        1639   8.0462486543917588     
        1640   8.0462486543917588     
        1641   8.0804602946769997     
        1642   8.0804602946769997     
        1643   8.0804602946769997     
        1644   8.0804602946769997     
        1645   8.0924581933569240     
        1646   8.0641513786610268     
        1647   8.0641513786610268     
        1648   8.0733562906861636     
        1649   8.0648178119931710     
        1650   8.0648178119931710     
        1651   8.0783351955095668     
        1652   8.0802854184703676     
        1653   8.0802854184703676     
        1654   8.0553679087344321     
        1655   8.0769262512659878     
        1656   8.0769262512659878     
        1657   8.0769262512659878     
        1658   8.0968371526976934     
        1659   8.0570128256140041     
        1660   8.0570128256140041     
        1661   8.0570128256140041     
        1662   8.0178688266905915     
        1663   8.0459142201798493     
        1664   8.0459142201798493     
        1665   8.0255638346436591     
        1666   8.0572789275698824     
        1667   8.0510282577557390     
        1668   8.0582075258696086     
        1669   8.0582075258696086     
        1670   8.0582075258696086     
        1671   8.0582075258696086     
        1672   8.0619823527633621     
        1673   8.0619823527633621     
        1674   8.0619823527633621     
        1675   8.0619823527633621     
        1676   8.0619823527633621     
        1677   8.0835324879029145     
        1678   8.0835324879029145     
        1679   8.0440481489033058     
        1680   8.0440481489033058     
        1681   8.0730707394947387     
        1682   8.0378088055281385     
        1683   8.0378088055281385     
        1684   8.0497842888635045     
        1685   8.0497842888635045     
        1686   8.0497842888635045     
        1687   8.0497842888635045     
        1688   8.0535630921067867     
        1689   8.0535630921067867     
        1690   8.0535630921067867     
        1691   8.0325342609804053     
        1692   8.0256358994168284     
        1693   8.0301607728535842     
        1694   8.0641679943134559     
        1695   8.0517773108375010     
        1696   8.0517773108375010     
        1697   8.0517773108375010     
        1698   8.0517773108375010     
        1699   8.0502813548034755     
        1700   8.0692457855013835     
        1701   8.0692457855013835     
        1702   8.0692457855013835     
        1703   8.0551083571329709     
        1704   8.0551083571329709     
        1705   8.0534677359900027     
        1706   8.0594638292660239     
        1707   8.0414084772016405     
        1708   8.0414084772016405     
        1709   8.0414084772016405     
        1710   8.0414084772016405     
        1711   8.0692227088753494     
        1712   8.0692227088753494     
        1713   8.0493646433913355     
        1714   8.0493646433913355     
        1715   8.0750353991721955     
        1716   8.0750353991721955     
        1717   8.0959518219249507     
        1718   8.0600595073615917     
        1719   8.0426453031128950     
        1720   8.0426453031128950     
        1721   8.0462949439887606     
        1722   8.0582915357760889     
        1723   8.0582915357760889     
        1724   8.0675872508220152     
        1725   8.0675872508220152     
        1726   8.0735163184266039     
        1727   8.0735163184266039     
        1728   8.0713740637346465     
        1729   8.0713740637346465     
        1730   8.0388397126056148     
        1731   8.0388397126056148     
        1732   8.0210302814237622     
        1733   8.0210302814237622     
        1734   8.0746662689652773     
        1735   8.0591044845889321     
        1736   8.0651096443243588     
        1737   8.0651096443243588     
        1738   8.0289178904960838     
        1739   8.0600403460810472     
        1740   8.0474802192990200     
        1741   8.0557282152973162     
        1742   8.0403690790192055     
        1743   8.0403690790192055     
        1744   8.0403690790192055     
        1745   8.0280315208454684     
        1746   8.0609694084589165     
        1747   8.0623160017058275     
        1748   8.0623160017058275     
        1749   8.0055500093784229     
        1750   8.0343194918890859     
        1751   8.0358563031190258     
        1752   8.0561887459916726     
        1753   8.0637727519779716     
        1754   8.0440463249713794     
        1755   8.0475347683055176     
        1756   8.0771188506951273     
        1757   8.0555122991302550     
        1758   8.0588576832414187     
        1759   8.0954645288177804     
        1760   8.0966892297233652     
        1761   8.0588052455765649     
        1762   8.0498264374504647     
        1763   8.0498264374504647     
        1764   8.0533346919018403     
        1765   8.0535522968998947     
        1766   8.0679304156242928     
        1767   8.0679304156242928     
        1768   8.0487948403844403     
        1769   8.0487948403844403     
        1770   8.0394076399686121     
        1771   8.0394076399686121     
        1772   8.0381183856276621     
        1773   8.0293716854652288     
        1774   8.0466415487604372     
        1775   8.0521397507303352     
        1776   8.0521397507303352     
        1777   8.0362476334503192     
        1778   8.0556536513949926     
        1779   8.0556536513949926     
        1780   8.0558573207937556     
        1781   8.0334033165174876     
        1782   8.0494100626314182     
        1783   8.0565794469086764     
        1784   8.0565794469086764     
        1785   8.0806847164802580     
        1786   8.0425986397142264     
        1787   8.0722874726434650     
        1788   8.0774102879575391     
        1789   8.0745876557506495     
        1790   8.0745876557506495     
        1791   8.0493354727838202     
        1792   8.0493354727838202     
        1793   8.0639769452336836     
        1794   8.0639769452336836     
        1795   8.0639769452336836     
        1796   8.0639769452336836     
        1797   8.0514112467774943     
        1798   8.0530563522586238     
        1799   8.0657862576150219     
        1800   8.0566483017939330     
        1801   8.0566483017939330     
        1802   8.0566483017939330     
        1803   8.0566483017939330     
        1804   8.0630086470575737     
        1805   8.0575783464997244     
        1806   8.0614436074794362     
        1807   8.0695048643119875     
        1808   8.0501277016266268     
        1809   8.0694341313872933     
        1810   8.0694341313872933     
        1811   8.0706733087730935     
        1812   8.0535942497207227     
        1813   8.0670719983251669     
        1814   8.0670719983251669     
        1815   8.0670719983251669     
        1816   8.0670719983251669     
        1817   8.0670719983251669     
        1818   8.0736554050540423     
        1819   8.0736554050540423     
        1820   8.0833067342114742     
        1821   8.0833067342114742     
        1822   8.0833067342114742     
        1823   8.0904606930329379     
        1824   8.0617238740157848     
        1825   8.0799716416525591     
        1826   8.0799716416525591     
        1827   8.0918455397548197     
        1828   8.0918455397548197     
        1829   8.0519285838874204     
        1830   8.0508516960934760     
        1831   8.0659730968618675     
        1832   8.0659730968618675     
        1833   8.0493615633152995     
        1834   8.0493615633152995     
        1835   8.0493615633152995     
        1836   8.0719948183450612     
        1837   8.0673874771537264     
        1838   8.0673874771537264     
        1839   8.0790676803391861     
        1840   8.0790676803391861     
        1841   8.0671941232779822     
        1842   8.0671941232779822     
        1843   8.0662837709861837     
        1844   8.0597221657026488     
        1845   8.0597221657026488     
        1846   8.0526197337703351     
        1847   8.0526197337703351     
        1848   8.0424901498115737     
        1849   8.0424901498115737     
        1850   8.1094188992309224     
        1851   8.1117593989373571     
        1852   8.0570249784769583     
        1853   8.0545732424206307     
        1854   8.0575783226621045     
        1855   8.0575783226621045     
        1856   8.0916009127224786     
        1857   8.0878317526823764     
        1858   8.0878317526823764     
        1859   8.0878317526823764     
        1860   8.0878317526823764     
        1861   8.0673581872959712     
        1862   8.0578954794551994     
        1863   8.0734928837362308     
        1864   8.0628990480930032     
        1865   8.0628990480930032     
        1866   8.0439917351450276     
        1867   8.0503997792947057     
        1868   8.0503997792947057     
        1869   8.0473469351743354     
        1870   8.0779416791597978     
        1871   8.0779416791597978     
        1872   8.0734380946451445     
        1873   8.0636522420344079     
        1874   8.0609957683061637     
        1875   8.0462475242563958     
        1876   8.0530547690093552     
        1877   8.0530547690093552     
        1878   8.0530547690093552     
        1879   8.0411040051567575     
        1880   8.0416027737945637     
        1881   8.0724430820478990     
        1882   8.0349109192677428     
        1883   8.0534428959071231     
        1884   8.0600155827432598     
        1885   8.0667724264347953     
        1886   8.0720219319953266     
        1887   8.0720219319953266     
        1888   8.0720219319953266     
        1889   8.0694546549015307     
        1890   8.0605282057415693     
        1891   8.0587960521536974     
        1892   8.0432435186315452     
        1893   8.0828497362690666     
        1894   8.0828497362690666     
        1895   8.0700393347289410     
        1896   8.0700393347289410     
        1897   8.0700393347289410     
        1898   8.0719594456199442     
        1899   8.0710553041418471     
        1900   8.0527919599788564     
        1901   8.0795993345990738     
        1902   8.0760071363485704     
        1903   8.0787915567774942     
        1904   8.0787915567774942     
        1905   8.0787915567774942     
        1906   8.0893797753768162     
        1907   8.0893797753768162     
        1908   8.0869592027706449     
        1909   8.0869592027706449     
        1910   8.0869592027706449     
        1911   8.0869592027706449     
        1912   8.1019270466413271     
        1913   8.1019270466413271     
        1914   8.0797166603149222     
        1915   8.0932943698854949     
        1916   8.0932943698854949     
        1917   8.0685091354494691     
        1918   8.0921960002953046     
        1919   8.0921960002953046     
        1920   8.0921960002953046     
        1921   8.0921960002953046     
        1922   8.0610568066360511     
        1923   8.0437663366317587     
        1924   8.0437663366317587     
        1925   8.0437663366317587     
        1926   8.0790447923233337     
        1927   8.0948791899338595     
        1928   8.0693662416107994     
        1929   8.0817144980788562     
        1930   8.0817144980788562     
        1931   8.0814378757767340     
        1932   8.0470446604726291     
        1933   8.0440087908622537     
        1934   8.0440087908622537     
        1935   8.0500508513352660     
        1936   8.0500508513352660     
        1937   8.0500508513352660     
        1938   8.0500508513352660     
        1939   8.0500508513352660     
        1940   8.0500508513352660     
        1941   8.0500508513352660     
        1942   8.0376351308078533     
        1943   8.0376351308078533     
        1944   8.0322082673412627     
        1945   8.0335746253818048     
        1946   8.0449293206073769     
        1947   8.0449293206073769     
        1948   8.0449293206073769     
        1949   8.0449293206073769     
        1950   8.0435809918522185     
        1951   8.0435809918522185     
        1952   8.0629515480149845     
        1953   8.0629515480149845     
        1954   8.0629515480149845     
        1955   8.0629515480149845     
        1956   8.0629515480149845     
        1957   8.0533946400085838     
        1958   8.0533946400085838     
        1959   8.0708827232405831     
        1960   8.0708827232405831     
        1961   8.0432880908861044     
        1962   8.0465899533858956     
        1963   8.0468570488750846     
        1964   8.0813921338676682     
        1965   8.0787554807778186     
        1966   8.0380299999586828     
        1967   8.0380299999586828     
        1968   8.0584039069427682     
        1969   8.0615151527636311     
        1970   8.0615151527636311     
        1971   8.0599377772645262     
        1972   8.0599377772645262     
        1973   8.0317768883735869     
        1974   8.0589297094778178     
        1975   8.0589297094778178     
        1976   8.0589297094778178     
        1977   8.0589297094778178     
        1978   8.0864521620985155     
        1979   8.0938952648471734     
        1980   8.0938952648471734     
        1981   8.1121572892387874     
        1982   8.0660967893846269     
        1983   8.0911120085497039     
        1984   8.0650834296710983     
        1985   8.0570670217123475     
        1986   8.0870814890648166     
        1987   8.0591012967370119     
        1988   8.0859572524050449     
        1989   8.0859572524050449     
        1990   8.0578577218988130     
        1991   8.0578577218988130     
        1992   8.0774343741168959     
        1993   8.0774343741168959     
        1994   8.0746135854092209     
        1995   8.0767307134808011     
        1996   8.0767307134808011     
        1997   8.0501477444176377     
        1998   8.0501477444176377     
        1999   8.0506421158728045     
        2000   8.0476726141187171     
