 SAMPLE,  BOXLENGTH
           1   8.3836250030106925     
           2   8.3895387242937449     
           3   8.3834369231841830     
           4   8.3834369231841830     
           5   8.3808201153104189     
           6   8.3978092722190585     
           7   8.3872890884566829     
           8   8.3682249118677472     
           9   8.3682249118677472     
          10   8.3298657659469519     
          11   8.3298657659469519     
          12   8.3298657659469519     
          13   8.3298657659469519     
          14   8.3262924569655219     
          15   8.3262924569655219     
          16   8.3427978416795288     
          17   8.3575343652155247     
          18   8.3534191426001243     
          19   8.3906321496970033     
          20   8.3568652620536596     
          21   8.3568652620536596     
          22   8.3682787778558225     
          23   8.3675493864168988     
          24   8.3675493864168988     
          25   8.3964001951162217     
          26   8.3964001951162217     
          27   8.3843151089558123     
          28   8.3678825404033592     
          29   8.3678825404033592     
          30   8.3678825404033592     
          31   8.3818195432930445     
          32   8.3882946096285167     
          33   8.3985647413331250     
          34   8.3988307813970966     
          35   8.3988307813970966     
          36   8.3931503395061302     
          37   8.3320793928511439     
          38   8.3416131729164391     
          39   8.3418083216223504     
          40   8.3343038381570000     
          41   8.3733150976739275     
          42   8.3430906313440207     
          43   8.3758572626498342     
          44   8.3534379883177063     
          45   8.3980648647611194     
          46   8.3980648647611194     
          47   8.3719737004125943     
          48   8.3719737004125943     
          49   8.3833934539985613     
          50   8.4081158985898661     
          51   8.3943639348046570     
          52   8.4014589527637220     
          53   8.4014589527637220     
          54   8.3736518474178165     
          55   8.3736518474178165     
          56   8.3736518474178165     
          57   8.3440911194858653     
          58   8.3605635108668466     
          59   8.3605635108668466     
          60   8.3749315180785295     
          61   8.3567472238523770     
          62   8.3426587075223289     
          63   8.3397922280901344     
          64   8.3397922280901344     
          65   8.3585001751028614     
          66   8.3585001751028614     
          67   8.3503116017591257     
          68   8.3503116017591257     
          69   8.3886090931606638     
          70   8.3675549239987230     
          71   8.3614775318315608     
          72   8.3614775318315608     
          73   8.3614775318315608     
          74   8.3614775318315608     
          75   8.3396781179669972     
          76   8.3548908235043431     
          77   8.3723460659174638     
          78   8.3723460659174638     
          79   8.4158777345977498     
          80   8.3888614906359660     
          81   8.3888614906359660     
          82   8.3888614906359660     
          83   8.4010712630490598     
          84   8.4014969667521697     
          85   8.3583144652953827     
          86   8.3583144652953827     
          87   8.3348019083068117     
          88   8.3641596194393326     
          89   8.3558661749614025     
          90   8.3612639075650357     
          91   8.3612639075650357     
          92   8.3291032400330174     
          93   8.3291032400330174     
          94   8.3860068229052818     
          95   8.3860068229052818     
          96   8.3860068229052818     
          97   8.3655807036619407     
          98   8.3655807036619407     
          99   8.3795066287004634     
         100   8.3791816240993153     
         101   8.3987425092396197     
         102   8.4166948808937061     
         103   8.4166948808937061     
         104   8.4166948808937061     
         105   8.4166948808937061     
         106   8.3756295557773441     
         107   8.3829034221969430     
         108   8.3861489978267034     
         109   8.3720917824604157     
         110   8.3820110768823657     
         111   8.3820110768823657     
         112   8.3692270971545248     
         113   8.3692270971545248     
         114   8.3692270971545248     
         115   8.4133206531168998     
         116   8.4176054925771631     
         117   8.3776925521717320     
         118   8.4069253496267269     
         119   8.4102448607682323     
         120   8.3813748000301000     
         121   8.3813748000301000     
         122   8.3563733541195369     
         123   8.3650030490848568     
         124   8.3779538616738556     
         125   8.3778627981924902     
         126   8.3718343536704687     
         127   8.3718343536704687     
         128   8.3728983522169909     
         129   8.3809076597322907     
         130   8.3809076597322907     
         131   8.3485783592565319     
         132   8.3597892017588560     
         133   8.3805984974415964     
         134   8.3805984974415964     
         135   8.3660971056040871     
         136   8.3732684990643556     
         137   8.3732684990643556     
         138   8.3732684990643556     
         139   8.3732684990643556     
         140   8.3889801565741422     
         141   8.3695934903818880     
         142   8.3695934903818880     
         143   8.3527323402122136     
         144   8.3969435672298598     
         145   8.3566571974457791     
         146   8.3619943635050227     
         147   8.3445520661590535     
         148   8.3485953125822956     
         149   8.3485953125822956     
         150   8.3485953125822956     
         151   8.3854348552706988     
         152   8.3896425714259362     
         153   8.4023567093008573     
         154   8.4023567093008573     
         155   8.3945884165921552     
         156   8.3888150110946231     
         157   8.3926995275216782     
         158   8.3521396464158535     
         159   8.3780578085316186     
         160   8.3985906309456233     
         161   8.4023032762308159     
         162   8.3677885163808803     
         163   8.3677885163808803     
         164   8.4034796378539198     
         165   8.3979390795293991     
         166   8.3696786585277341     
         167   8.3558323870369868     
         168   8.3821675669297804     
         169   8.4006075543874204     
         170   8.3755695097379164     
         171   8.3527813551196051     
         172   8.3527813551196051     
         173   8.3527813551196051     
         174   8.3561311540344398     
         175   8.3561311540344398     
         176   8.3689181286176986     
         177   8.3538311896965283     
         178   8.3334362860871494     
         179   8.3653620851586084     
         180   8.3487543437590901     
         181   8.3487543437590901     
         182   8.3328653569453728     
         183   8.3328653569453728     
         184   8.3328653569453728     
         185   8.3694789483081280     
         186   8.3426833445685311     
         187   8.3617082095206374     
         188   8.3526798717009463     
         189   8.3526798717009463     
         190   8.3341382963274064     
         191   8.3795284712619473     
         192   8.3952897869846250     
         193   8.3952897869846250     
         194   8.3952897869846250     
         195   8.3756150623120753     
         196   8.3989761631846029     
         197   8.3989761631846029     
         198   8.4225127157906190     
         199   8.4109984600716352     
         200   8.3887534250124922     
         201   8.3887534250124922     
         202   8.3887534250124922     
         203   8.3873711541628513     
         204   8.3807773188775201     
         205   8.3865641153311792     
         206   8.3865641153311792     
         207   8.3748945006532232     
         208   8.3728619702967748     
         209   8.3680055559073718     
         210   8.3738444988802900     
         211   8.3712417779460733     
         212   8.3745891888453787     
         213   8.3698668952601931     
         214   8.3698668952601931     
         215   8.3990116299798139     
         216   8.3990116299798139     
         217   8.3990116299798139     
         218   8.3684030626197821     
         219   8.3624210388059534     
         220   8.3624210388059534     
         221   8.3650746153779618     
         222   8.3552778988178247     
         223   8.3552778988178247     
         224   8.3985944903734957     
         225   8.3985944903734957     
         226   8.4033989427801536     
         227   8.4033989427801536     
         228   8.4033989427801536     
         229   8.3959130461851856     
         230   8.3959130461851856     
         231   8.3961965750171768     
         232   8.3875554177067517     
         233   8.3550498219532443     
         234   8.3550498219532443     
         235   8.3836603893776633     
         236   8.4037203173146544     
         237   8.4037203173146544     
         238   8.3725601352008567     
         239   8.3846085151852385     
         240   8.3738197898033420     
         241   8.3897183962380915     
         242   8.4184300646567323     
         243   8.4184300646567323     
         244   8.4079336523918133     
         245   8.3918810475781598     
         246   8.3996017758236423     
         247   8.3996017758236423     
         248   8.4172797210494323     
         249   8.4193335836188083     
         250   8.4193335836188083     
         251   8.4193335836188083     
         252   8.4193335836188083     
         253   8.4288270063309767     
         254   8.4205905190901102     
         255   8.4364929495167598     
         256   8.4364929495167598     
         257   8.4116417276838238     
         258   8.4407699216912295     
         259   8.4407699216912295     
         260   8.4407699216912295     
         261   8.4407699216912295     
         262   8.4646788463725731     
         263   8.4591102047374989     
         264   8.4645482396643068     
         265   8.4645482396643068     
         266   8.4289069530983181     
         267   8.4233559835964744     
         268   8.3994488808031473     
         269   8.3964954184499909     
         270   8.4311683374463602     
         271   8.4225895787295766     
         272   8.3799927779958168     
         273   8.3799927779958168     
         274   8.3770825601355714     
         275   8.3731283704348609     
         276   8.3731283704348609     
         277   8.4034358018524884     
         278   8.4034358018524884     
         279   8.3876400630230581     
         280   8.4070992947347012     
         281   8.4138794742614760     
         282   8.4109181894362983     
         283   8.3703485517158391     
         284   8.4078354761883300     
         285   8.3988169151092507     
         286   8.3944642637291000     
         287   8.3858744415793272     
         288   8.3858744415793272     
         289   8.4111108213122066     
         290   8.4111108213122066     
         291   8.4111108213122066     
         292   8.3929684534363709     
         293   8.3929684534363709     
         294   8.3567524940585756     
         295   8.3715963956647066     
         296   8.3821758184885429     
         297   8.3821758184885429     
         298   8.3821758184885429     
         299   8.3541612512633723     
         300   8.4137834987675735     
         301   8.3813588914494712     
         302   8.3813588914494712     
         303   8.3381142616685100     
         304   8.3381142616685100     
         305   8.3808701881865737     
         306   8.3555906558680935     
         307   8.3555906558680935     
         308   8.3555906558680935     
         309   8.3620830937957873     
         310   8.4118753010482070     
         311   8.3808236362455677     
         312   8.3721304438766797     
         313   8.3721304438766797     
         314   8.4039298100087851     
         315   8.4017636499230193     
         316   8.4017636499230193     
         317   8.4017636499230193     
         318   8.4017636499230193     
         319   8.4017636499230193     
         320   8.4174318011399833     
         321   8.4174318011399833     
         322   8.4410975555634824     
         323   8.4410975555634824     
         324   8.3921965430982226     
         325   8.4098392669747604     
         326   8.4273968453966184     
         327   8.3834289761874121     
         328   8.4191125320223730     
         329   8.4191125320223730     
         330   8.3991009169631869     
         331   8.3991009169631869     
         332   8.3969902488861727     
         333   8.3969902488861727     
         334   8.4310238793139725     
         335   8.4286687319848337     
         336   8.4228363433451694     
         337   8.4151195707415152     
         338   8.4159939373567880     
         339   8.4118794013593874     
         340   8.3927087280869248     
         341   8.3955335090112069     
         342   8.3955335090112069     
         343   8.4264385906988810     
         344   8.4260099406236169     
         345   8.4557089132202847     
         346   8.4274192455738302     
         347   8.3941100628512544     
         348   8.3849236115872525     
         349   8.4217105789763131     
         350   8.4217105789763131     
         351   8.4243763410134562     
         352   8.4105146330978897     
         353   8.4006786724228917     
         354   8.4006786724228917     
         355   8.4384907657746133     
         356   8.4122603693478979     
         357   8.3985144733722219     
         358   8.4541935691764376     
         359   8.4541935691764376     
         360   8.4449331823836840     
         361   8.4449331823836840     
         362   8.4228277888508760     
         363   8.4357458382271204     
         364   8.4357458382271204     
         365   8.4011475900821058     
         366   8.4011475900821058     
         367   8.4229400196775561     
         368   8.4173428434335733     
         369   8.4262620736801761     
         370   8.4295088580783766     
         371   8.4300534571789942     
         372   8.4251517000564569     
         373   8.4105476563271448     
         374   8.4115641037203730     
         375   8.4002812640713209     
         376   8.4002812640713209     
         377   8.4002812640713209     
         378   8.3866335237188903     
         379   8.3976523256179405     
         380   8.4125266065845086     
         381   8.4125266065845086     
         382   8.3977074953911863     
         383   8.4201234003175163     
         384   8.4201234003175163     
         385   8.4201234003175163     
         386   8.3797534512015801     
         387   8.3892317232408899     
         388   8.3892317232408899     
         389   8.3947911534723154     
         390   8.4264039786751503     
         391   8.3934544894028846     
         392   8.3441374964094042     
         393   8.3592995916636372     
         394   8.4045015995147043     
         395   8.4059908661575005     
         396   8.4059908661575005     
         397   8.3704548975442190     
         398   8.3704548975442190     
         399   8.3849461385096369     
         400   8.3849461385096369     
         401   8.3849461385096369     
         402   8.3849461385096369     
         403   8.3984522322940975     
         404   8.4023685981388017     
         405   8.3874455160285493     
         406   8.3786639317280116     
         407   8.4029197966787788     
         408   8.4029197966787788     
         409   8.4029197966787788     
         410   8.3833902705287002     
         411   8.4126425440748243     
         412   8.3985952500291763     
         413   8.3985952500291763     
         414   8.4007796813958500     
         415   8.3986006267872426     
         416   8.3986006267872426     
         417   8.3674457624451613     
         418   8.3674457624451613     
         419   8.3674457624451613     
         420   8.3323972993458000     
         421   8.3469998773085390     
         422   8.3654620124173800     
         423   8.3654620124173800     
         424   8.3654620124173800     
         425   8.3707778006859144     
         426   8.3284083511823610     
         427   8.3284083511823610     
         428   8.3262664213723294     
         429   8.3716098948864932     
         430   8.4125936550642706     
         431   8.3806356708594443     
         432   8.3503791945025654     
         433   8.3503791945025654     
         434   8.3629902617650380     
         435   8.3667337458632502     
         436   8.3929084245901535     
         437   8.3929084245901535     
         438   8.3954620600571577     
         439   8.3940561503386419     
         440   8.3940561503386419     
         441   8.3940561503386419     
         442   8.4081907472805693     
         443   8.3772899699784986     
         444   8.3544999822290205     
         445   8.3934229127212525     
         446   8.3934229127212525     
         447   8.3834289538647262     
         448   8.3683689069870315     
         449   8.3683689069870315     
         450   8.3683689069870315     
         451   8.4018142457145348     
         452   8.4056372994137156     
         453   8.4056372994137156     
         454   8.3819778503262299     
         455   8.3819778503262299     
         456   8.3543778872766232     
         457   8.3543778872766232     
         458   8.3543778872766232     
         459   8.3543778872766232     
         460   8.3786682141360149     
         461   8.3796795545354783     
         462   8.3877735167637439     
         463   8.3877735167637439     
         464   8.3866270337227427     
         465   8.3818500839148093     
         466   8.3818500839148093     
         467   8.3818500839148093     
         468   8.3552271064069092     
         469   8.3814331804177549     
         470   8.3814331804177549     
         471   8.3814331804177549     
         472   8.3733621879234743     
         473   8.3733621879234743     
         474   8.3471451396115093     
         475   8.3318684440158499     
         476   8.3354026219148842     
         477   8.3734987799133780     
         478   8.4124347236414856     
         479   8.4081697028833435     
         480   8.3936464125404910     
         481   8.3995336279132093     
         482   8.3768513781221507     
         483   8.3768513781221507     
         484   8.3768513781221507     
         485   8.3841489860094605     
         486   8.3841489860094605     
         487   8.3812101623842743     
         488   8.4042404970134115     
         489   8.4042404970134115     
         490   8.3446299630300764     
         491   8.3446299630300764     
         492   8.3476529755206297     
         493   8.3703190032031802     
         494   8.3498240237020394     
         495   8.3506086984570818     
         496   8.3506086984570818     
         497   8.3848751955137644     
         498   8.3848751955137644     
         499   8.4007558377790339     
         500   8.4007558377790339     
         501   8.3829699517754186     
         502   8.3790509446947397     
         503   8.3790509446947397     
         504   8.3725048841380012     
         505   8.3824159406816641     
         506   8.3866641043316310     
         507   8.3681614881775914     
         508   8.3681614881775914     
         509   8.3928650230723427     
         510   8.3571671702492232     
         511   8.3778996866058666     
         512   8.3778996866058666     
         513   8.3971441122422430     
         514   8.3720125236799134     
         515   8.3488297082231799     
         516   8.3760262711345987     
         517   8.3307351529628786     
         518   8.3223196920020683     
         519   8.3667258725063220     
         520   8.3411071488051913     
         521   8.3815627072975403     
         522   8.3815627072975403     
         523   8.3472286379013472     
         524   8.3557445414492513     
         525   8.3557445414492513     
         526   8.3557445414492513     
         527   8.3557445414492513     
         528   8.3676869257703927     
         529   8.3779613468988714     
         530   8.4047554030539136     
         531   8.4047554030539136     
         532   8.3600792436125602     
         533   8.3624855939385352     
         534   8.3811214593939010     
         535   8.3811214593939010     
         536   8.3716705881426012     
         537   8.3716705881426012     
         538   8.3716705881426012     
         539   8.3716705881426012     
         540   8.3716705881426012     
         541   8.3716705881426012     
         542   8.3428726812741711     
         543   8.3729517730190164     
         544   8.3460644608377716     
         545   8.3620906419665069     
         546   8.3620906419665069     
         547   8.3733624829470248     
         548   8.3558543669092398     
         549   8.3417783614876058     
         550   8.3417783614876058     
         551   8.3619199556388839     
         552   8.3590067570371129     
         553   8.3590067570371129     
         554   8.3572108639583984     
         555   8.3551979746609231     
         556   8.3551979746609231     
         557   8.3332096762630350     
         558   8.3332096762630350     
         559   8.3332096762630350     
         560   8.3332096762630350     
         561   8.3593316466275631     
         562   8.3593316466275631     
         563   8.3525440128357094     
         564   8.3757100668770068     
         565   8.3608623554630626     
         566   8.3499991212744789     
         567   8.3499991212744789     
         568   8.3550004220928251     
         569   8.3550004220928251     
         570   8.3567269705949965     
         571   8.3845843901755188     
         572   8.3845843901755188     
         573   8.3599856755384145     
         574   8.3648082783863309     
         575   8.3648082783863309     
         576   8.3648082783863309     
         577   8.3648082783863309     
         578   8.3681440413205603     
         579   8.3681440413205603     
         580   8.3681440413205603     
         581   8.3945861442490521     
         582   8.3945861442490521     
         583   8.3945861442490521     
         584   8.3945861442490521     
         585   8.3976641414883062     
         586   8.3804185786876584     
         587   8.3552628285049853     
         588   8.3408342359781340     
         589   8.3408342359781340     
         590   8.3497513856851029     
         591   8.3513550033254269     
         592   8.3513550033254269     
         593   8.3513550033254269     
         594   8.3513550033254269     
         595   8.3803465847599412     
         596   8.3424395187973097     
         597   8.3546261086107592     
         598   8.3546261086107592     
         599   8.3524908938516500     
         600   8.3732598037273860     
         601   8.3732598037273860     
         602   8.3732598037273860     
         603   8.3732598037273860     
         604   8.3732598037273860     
         605   8.3732598037273860     
         606   8.3636537313465560     
         607   8.3636537313465560     
         608   8.3561958411896775     
         609   8.3621041907954048     
         610   8.3621041907954048     
         611   8.3785558129139908     
         612   8.3853464070229240     
         613   8.3853464070229240     
         614   8.3831685876249811     
         615   8.3839147679980410     
         616   8.3839147679980410     
         617   8.3839147679980410     
         618   8.4034325931526475     
         619   8.3907938101951469     
         620   8.3611208454415031     
         621   8.3611208454415031     
         622   8.3611208454415031     
         623   8.3883235635735325     
         624   8.3473231652265500     
         625   8.3467340742343552     
         626   8.3470914488081061     
         627   8.3538082365036370     
         628   8.3538082365036370     
         629   8.3538082365036370     
         630   8.3538082365036370     
         631   8.3211330452096437     
         632   8.3474709373887244     
         633   8.3815278297015272     
         634   8.3815278297015272     
         635   8.3505680582575916     
         636   8.3357035570886300     
         637   8.3357035570886300     
         638   8.3458467803505858     
         639   8.3458467803505858     
         640   8.3446409408219928     
         641   8.3507194290152267     
         642   8.3507194290152267     
         643   8.3529067177226217     
         644   8.3608446746359402     
         645   8.3608446746359402     
         646   8.3648260480046250     
         647   8.3278188742942252     
         648   8.3736241025544089     
         649   8.3736241025544089     
         650   8.3702551491169093     
         651   8.3702551491169093     
         652   8.3702551491169093     
         653   8.3726594722485892     
         654   8.3630526618136987     
         655   8.3630526618136987     
         656   8.3667897854598685     
         657   8.3667897854598685     
         658   8.3411958677896116     
         659   8.3411958677896116     
         660   8.3411958677896116     
         661   8.3411958677896116     
         662   8.3411958677896116     
         663   8.3535760605134151     
         664   8.3535760605134151     
         665   8.3726629599381504     
         666   8.3737635140390285     
         667   8.3737635140390285     
         668   8.3737635140390285     
         669   8.3338270064722373     
         670   8.3338270064722373     
         671   8.3338270064722373     
         672   8.3338270064722373     
         673   8.3259420585054826     
         674   8.3369551475541144     
         675   8.3333965477080252     
         676   8.3333965477080252     
         677   8.3729979468704112     
         678   8.3729979468704112     
         679   8.3729979468704112     
         680   8.3729979468704112     
         681   8.3923223227326815     
         682   8.3923223227326815     
         683   8.3971081479894671     
         684   8.3971081479894671     
         685   8.3875984569611006     
         686   8.3706540509492591     
         687   8.4024551502360225     
         688   8.3864240227504219     
         689   8.3880782522895103     
         690   8.4003313384790328     
         691   8.4126069783908584     
         692   8.3935787485671582     
         693   8.3702049602399597     
         694   8.3828098906164801     
         695   8.3828098906164801     
         696   8.3828098906164801     
         697   8.3830423974997998     
         698   8.3830423974997998     
         699   8.3698422059088102     
         700   8.3698422059088102     
         701   8.4021249828767175     
         702   8.4044679263353341     
         703   8.4120853466658989     
         704   8.3906428203199148     
         705   8.3906428203199148     
         706   8.3906428203199148     
         707   8.3794617635295374     
         708   8.3861531653869736     
         709   8.3861531653869736     
         710   8.3816462179449331     
         711   8.3651562172186722     
         712   8.3594001762478296     
         713   8.3594001762478296     
         714   8.3594001762478296     
         715   8.3594001762478296     
         716   8.3594001762478296     
         717   8.3594001762478296     
         718   8.3402379654810908     
         719   8.3402379654810908     
         720   8.3784050968627106     
         721   8.3590063768752483     
         722   8.3342545163668387     
         723   8.3380009966844550     
         724   8.3981606127581543     
         725   8.3981606127581543     
         726   8.4005847875676665     
         727   8.3687906633714828     
         728   8.3687906633714828     
         729   8.3564501753573275     
         730   8.3836898310240962     
         731   8.3836898310240962     
         732   8.4078899498285029     
         733   8.4078899498285029     
         734   8.4078899498285029     
         735   8.4078899498285029     
         736   8.3862697726102482     
         737   8.4054796570248271     
         738   8.3768473740155507     
         739   8.3651720168513872     
         740   8.3744106025669627     
         741   8.3744106025669627     
         742   8.3780295607866950     
         743   8.3630127930342564     
         744   8.3630127930342564     
         745   8.3798983237836779     
         746   8.3896786968470440     
         747   8.3571651590386242     
         748   8.3571651590386242     
         749   8.3863710451811944     
         750   8.3826217725752219     
         751   8.3826217725752219     
         752   8.3826217725752219     
         753   8.3826217725752219     
         754   8.3826217725752219     
         755   8.3826217725752219     
         756   8.3787782508518394     
         757   8.3787782508518394     
         758   8.3679263852048766     
         759   8.3701142128745651     
         760   8.4023460360948867     
         761   8.4093842420554967     
         762   8.3854811912210145     
         763   8.3810773019538853     
         764   8.3810773019538853     
         765   8.3810773019538853     
         766   8.3665175582348557     
         767   8.4057705642763541     
         768   8.4057705642763541     
         769   8.3865868974258913     
         770   8.4100331420268937     
         771   8.4142271876935091     
         772   8.4142271876935091     
         773   8.4142271876935091     
         774   8.3862320823305794     
         775   8.3952880355406467     
         776   8.3735862099686393     
         777   8.3704584235768014     
         778   8.3704584235768014     
         779   8.3704584235768014     
         780   8.4044564928154024     
         781   8.3647016130117002     
         782   8.3931880213182968     
         783   8.3931910467405579     
         784   8.4182417960487257     
         785   8.3900363195683560     
         786   8.3900363195683560     
         787   8.3900363195683560     
         788   8.4322766913694913     
         789   8.4272580336687373     
         790   8.3911565167794020     
         791   8.4106960917308182     
         792   8.3678190416589455     
         793   8.3727836510274916     
         794   8.3792321439863340     
         795   8.3501114819023137     
         796   8.3731800224423854     
         797   8.3882888038781331     
         798   8.3828382465427680     
         799   8.3828382465427680     
         800   8.3674975514044814     
         801   8.3474944274839640     
         802   8.3474944274839640     
         803   8.3689566766171506     
         804   8.3689566766171506     
         805   8.3689566766171506     
         806   8.3482912370842772     
         807   8.3530638679859042     
         808   8.3530638679859042     
         809   8.3530638679859042     
         810   8.3530638679859042     
         811   8.3619987620843723     
         812   8.4075842442741848     
         813   8.4075842442741848     
         814   8.3972507498340203     
         815   8.3972507498340203     
         816   8.3785976025665931     
         817   8.3785976025665931     
         818   8.3645764913648524     
         819   8.3645764913648524     
         820   8.3645764913648524     
         821   8.3645764913648524     
         822   8.3645764913648524     
         823   8.3645764913648524     
         824   8.3642321796080310     
         825   8.3551841116383265     
         826   8.3551841116383265     
         827   8.3479248582674614     
         828   8.3824933184399608     
         829   8.3824933184399608     
         830   8.4062305936181616     
         831   8.4161621871557717     
         832   8.4058816729029875     
         833   8.4058816729029875     
         834   8.4026573577088737     
         835   8.4372549157165952     
         836   8.4299142832513621     
         837   8.4321302270312692     
         838   8.3597219025381300     
         839   8.3597219025381300     
         840   8.3597219025381300     
         841   8.3727339128052698     
         842   8.3727339128052698     
         843   8.3920174878421037     
         844   8.3687324873410613     
         845   8.3687324873410613     
         846   8.3760318923156110     
         847   8.3760318923156110     
         848   8.3582635113635568     
         849   8.3345316897289923     
         850   8.3713290364418569     
         851   8.3713290364418569     
         852   8.3713290364418569     
         853   8.3611387000106685     
         854   8.4065056568583856     
         855   8.4065056568583856     
         856   8.3908542187396069     
         857   8.3908542187396069     
         858   8.3908542187396069     
         859   8.4222801866351045     
         860   8.3952995409759339     
         861   8.3584474350946589     
         862   8.3563573475491921     
         863   8.3414400840141010     
         864   8.3496859374818246     
         865   8.3710694362755707     
         866   8.3856727679280390     
         867   8.3624449578464191     
         868   8.3959435023971061     
         869   8.3959435023971061     
         870   8.3896237873052932     
         871   8.3551963353708931     
         872   8.3863291732403145     
         873   8.3763059550493644     
         874   8.3744405535124145     
         875   8.4026899532660462     
         876   8.4008060904092439     
         877   8.4189099418584128     
         878   8.3704287002839113     
         879   8.4123773228229854     
         880   8.3710307612620589     
         881   8.3710307612620589     
         882   8.3588757518934518     
         883   8.3588757518934518     
         884   8.3588757518934518     
         885   8.3484758517827995     
         886   8.3717256351502378     
         887   8.3717256351502378     
         888   8.3502269218165512     
         889   8.3392843004815536     
         890   8.3329611035688789     
         891   8.3227830257679969     
         892   8.3227830257679969     
         893   8.3504992313395654     
         894   8.3806675641536454     
         895   8.3573119899578341     
         896   8.3573119899578341     
         897   8.3536558037704438     
         898   8.3536558037704438     
         899   8.3845164675846569     
         900   8.3482629600532530     
         901   8.3482629600532530     
         902   8.3482629600532530     
         903   8.3377799235361394     
         904   8.3701510368160417     
         905   8.3347319597747074     
         906   8.3552398067989042     
         907   8.3552398067989042     
         908   8.3768676419644876     
         909   8.3768676419644876     
         910   8.3768676419644876     
         911   8.3712259915004967     
         912   8.3712259915004967     
         913   8.3712259915004967     
         914   8.3666704240247096     
         915   8.3415528085502100     
         916   8.3744074857208464     
         917   8.3650339276956274     
         918   8.3559304113191484     
         919   8.3283858246078193     
         920   8.3484588716317791     
         921   8.3540207524911558     
         922   8.3260815370835459     
         923   8.3568521589351725     
         924   8.3582500107261026     
         925   8.3477674043408712     
         926   8.3477674043408712     
         927   8.3504823361916731     
         928   8.3578399247835495     
         929   8.3578399247835495     
         930   8.3578399247835495     
         931   8.3728008541782053     
         932   8.3728008541782053     
         933   8.3333791019000980     
         934   8.3333791019000980     
         935   8.3579552471570793     
         936   8.3579552471570793     
         937   8.3579552471570793     
         938   8.3793783212327675     
         939   8.3550932838407004     
         940   8.3734022235885739     
         941   8.4048109393554444     
         942   8.3740070588339020     
         943   8.3740070588339020     
         944   8.3590380393078387     
         945   8.3773252334811410     
         946   8.3773252334811410     
         947   8.3713498097957011     
         948   8.3505383333180951     
         949   8.3571538536360173     
         950   8.3571538536360173     
         951   8.3923220859667200     
         952   8.3923220859667200     
         953   8.3653659835343355     
         954   8.3987295351789246     
         955   8.3849795327258452     
         956   8.3849795327258452     
         957   8.3849795327258452     
         958   8.3523060635965525     
         959   8.3864874099496216     
         960   8.3880594365279304     
         961   8.3336546685496007     
         962   8.3336546685496007     
         963   8.3336546685496007     
         964   8.3846814923019330     
         965   8.3569421370331920     
         966   8.3569421370331920     
         967   8.4043316517645614     
         968   8.4043316517645614     
         969   8.3962083551876479     
         970   8.3771390965320496     
         971   8.3771390965320496     
         972   8.3652799258202748     
         973   8.4031874131798237     
         974   8.4031874131798237     
         975   8.3606965835686786     
         976   8.3572128549362983     
         977   8.3583058968846551     
         978   8.3583058968846551     
         979   8.3578697934706678     
         980   8.3578697934706678     
         981   8.3571566974325719     
         982   8.3523580808541116     
         983   8.3744267933187224     
         984   8.3617143161681096     
         985   8.3455471944724415     
         986   8.3905217587591459     
         987   8.3660822277917752     
         988   8.3644842007941804     
         989   8.3871408765024462     
         990   8.3871408765024462     
         991   8.3874357658959031     
         992   8.3626273560487867     
         993   8.3801730718037604     
         994   8.3801730718037604     
         995   8.3878376925528482     
         996   8.3746070235557220     
         997   8.3976317815639092     
         998   8.4025939314479015     
         999   8.3712376991511981     
        1000   8.3712376991511981     
        1001   8.3578544706738320     
        1002   8.3578544706738320     
        1003   8.3578544706738320     
        1004   8.3578544706738320     
        1005   8.3578544706738320     
        1006   8.3578544706738320     
        1007   8.3578544706738320     
        1008   8.3578544706738320     
        1009   8.3699138116644871     
        1010   8.3699138116644871     
        1011   8.3699138116644871     
        1012   8.3908940848511726     
        1013   8.3957328798362365     
        1014   8.3957328798362365     
        1015   8.4132127596483635     
        1016   8.3749188496915661     
        1017   8.3840419109069355     
        1018   8.3752113951412994     
        1019   8.3700217516877196     
        1020   8.3648690064559617     
        1021   8.3714319344302481     
        1022   8.3714319344302481     
        1023   8.4271887522399620     
        1024   8.4275236551601598     
        1025   8.4248337109548768     
        1026   8.4168372492449581     
        1027   8.4168372492449581     
        1028   8.4168372492449581     
        1029   8.4168372492449581     
        1030   8.3805784369112253     
        1031   8.3805784369112253     
        1032   8.3805784369112253     
        1033   8.3805784369112253     
        1034   8.3812667993243650     
        1035   8.3614033939166550     
        1036   8.3614033939166550     
        1037   8.3614033939166550     
        1038   8.3592162320791559     
        1039   8.3774265911417647     
        1040   8.3597017418408157     
        1041   8.3886280467889414     
        1042   8.4102322969862158     
        1043   8.3723539529945352     
        1044   8.4007932328129833     
        1045   8.3863329922528767     
        1046   8.3863329922528767     
        1047   8.3683373962058312     
        1048   8.3683373962058312     
        1049   8.3683373962058312     
        1050   8.3683373962058312     
        1051   8.4101551901066411     
        1052   8.4014504186845915     
        1053   8.4014504186845915     
        1054   8.4045013087735310     
        1055   8.3737203116140364     
        1056   8.3737203116140364     
        1057   8.3737203116140364     
        1058   8.3807021109570279     
        1059   8.3807021109570279     
        1060   8.3576172147404417     
        1061   8.3514041384811275     
        1062   8.3514041384811275     
        1063   8.3692639745416813     
        1064   8.4082280420083713     
        1065   8.4082280420083713     
        1066   8.4082280420083713     
        1067   8.3778041867309678     
        1068   8.3778041867309678     
        1069   8.3955061556295902     
        1070   8.3955061556295902     
        1071   8.3955061556295902     
        1072   8.3628914667168885     
        1073   8.3628914667168885     
        1074   8.3220104952548990     
        1075   8.3599916463300303     
        1076   8.3599916463300303     
        1077   8.3599916463300303     
        1078   8.3879830907610522     
        1079   8.4185993895129982     
        1080   8.3876959432781284     
        1081   8.3876959432781284     
        1082   8.3766874199145036     
        1083   8.4003334286687998     
        1084   8.3870325563893413     
        1085   8.3870325563893413     
        1086   8.3870325563893413     
        1087   8.3870325563893413     
        1088   8.3620543598845689     
        1089   8.3620543598845689     
        1090   8.3580254971068673     
        1091   8.3580254971068673     
        1092   8.3562016242995085     
        1093   8.3553633739129598     
        1094   8.3605091097190645     
        1095   8.3714734983945007     
        1096   8.3714734983945007     
        1097   8.4017156811316145     
        1098   8.3911598626112713     
        1099   8.3683665954017243     
        1100   8.3683665954017243     
        1101   8.3683665954017243     
        1102   8.3683665954017243     
        1103   8.3637405670888789     
        1104   8.3602905360125899     
        1105   8.3602905360125899     
        1106   8.3602905360125899     
        1107   8.4009165132783625     
        1108   8.3945709654490219     
        1109   8.4072345719817427     
        1110   8.4072345719817427     
        1111   8.3821689133787434     
        1112   8.3821689133787434     
        1113   8.3876579242369207     
        1114   8.3904616425847927     
        1115   8.4045129415209683     
        1116   8.4045129415209683     
        1117   8.4045129415209683     
        1118   8.3629689060422425     
        1119   8.3629689060422425     
        1120   8.3629689060422425     
        1121   8.3991628704342798     
        1122   8.3991628704342798     
        1123   8.3976214016577870     
        1124   8.3792611562548203     
        1125   8.3395003617671470     
        1126   8.3815154786904955     
        1127   8.3815154786904955     
        1128   8.3880018633017848     
        1129   8.3880018633017848     
        1130   8.3710522158529539     
        1131   8.3710522158529539     
        1132   8.3710522158529539     
        1133   8.3589472794808355     
        1134   8.3743163404662315     
        1135   8.3926582062286155     
        1136   8.3809195768568472     
        1137   8.3978801814056574     
        1138   8.4238565225825290     
        1139   8.4238565225825290     
        1140   8.4238565225825290     
        1141   8.4069896958832437     
        1142   8.3827476609350970     
        1143   8.3440785420294397     
        1144   8.3440785420294397     
        1145   8.3467474967725828     
        1146   8.3419533302133182     
        1147   8.3419533302133182     
        1148   8.3336288488652315     
        1149   8.3336288488652315     
        1150   8.3705427063841036     
        1151   8.3702673731079020     
        1152   8.3362851009632148     
        1153   8.3902194828358212     
        1154   8.3545533358798689     
        1155   8.3545533358798689     
        1156   8.3419936075974448     
        1157   8.3264087085116518     
        1158   8.3264087085116518     
        1159   8.3452751081369243     
        1160   8.3726944717555600     
        1161   8.3726944717555600     
        1162   8.3785295158757087     
        1163   8.3404822676380572     
        1164   8.3522950077798246     
        1165   8.3522950077798246     
        1166   8.3522950077798246     
        1167   8.3585786714403199     
        1168   8.3785709771866159     
        1169   8.3854977157399109     
        1170   8.4067584159694970     
        1171   8.4072472035246815     
        1172   8.4037626051014378     
        1173   8.4060867524869423     
        1174   8.3758983045825826     
        1175   8.3527600023406521     
        1176   8.3686145615110874     
        1177   8.4080261095463840     
        1178   8.4134593007808398     
        1179   8.4134593007808398     
        1180   8.4249122574558530     
        1181   8.3966851321573728     
        1182   8.3966851321573728     
        1183   8.3635847243677919     
        1184   8.3635847243677919     
        1185   8.3541956323016819     
        1186   8.3641552676675648     
        1187   8.4144905523236524     
        1188   8.4144905523236524     
        1189   8.4001002601647201     
        1190   8.4001002601647201     
        1191   8.3708554673042794     
        1192   8.3409171605806804     
        1193   8.3409171605806804     
        1194   8.3385949642350745     
        1195   8.3604336540046855     
        1196   8.3470008760098935     
        1197   8.3477245668814000     
        1198   8.3477245668814000     
        1199   8.3477245668814000     
        1200   8.3928291618326227     
        1201   8.3455948451863655     
        1202   8.3455948451863655     
        1203   8.3641708250136642     
        1204   8.3641708250136642     
        1205   8.3794590525840231     
        1206   8.3604689553954561     
        1207   8.3604689553954561     
        1208   8.3540223354617957     
        1209   8.3603974689324776     
        1210   8.3783208041658845     
        1211   8.3783208041658845     
        1212   8.3783208041658845     
        1213   8.3765693684619720     
        1214   8.3591831808373058     
        1215   8.4160682075376982     
        1216   8.4160682075376982     
        1217   8.4160682075376982     
        1218   8.4160682075376982     
        1219   8.4160682075376982     
        1220   8.4244865188052138     
        1221   8.4244865188052138     
        1222   8.4244865188052138     
        1223   8.4048355607165384     
        1224   8.3616229853315183     
        1225   8.3649904959327550     
        1226   8.3649904959327550     
        1227   8.3649904959327550     
        1228   8.3649904959327550     
        1229   8.3751439824026548     
        1230   8.3751439824026548     
        1231   8.3373579116019858     
        1232   8.3529603716047642     
        1233   8.3548298770313529     
        1234   8.4013949016837230     
        1235   8.4013949016837230     
        1236   8.3574276592348014     
        1237   8.4137635788820031     
        1238   8.3803697388372225     
        1239   8.4026959398789725     
        1240   8.3932516057948892     
        1241   8.4118020078752487     
        1242   8.3979872314592718     
        1243   8.3979872314592718     
        1244   8.3883220810842651     
        1245   8.3742289901136875     
        1246   8.3631069044045869     
        1247   8.3851822682390544     
        1248   8.3851822682390544     
        1249   8.4144237696050741     
        1250   8.3803288270897287     
        1251   8.4013591473068150     
        1252   8.3967513948512362     
        1253   8.4145802659074818     
        1254   8.4209354302189343     
        1255   8.4088707659599855     
        1256   8.4034699149377019     
        1257   8.4034699149377019     
        1258   8.3925010521938468     
        1259   8.3925010521938468     
        1260   8.4178910980852351     
        1261   8.4178910980852351     
        1262   8.3953539094534300     
        1263   8.3953539094534300     
        1264   8.3655241611755091     
        1265   8.3655241611755091     
        1266   8.3655241611755091     
        1267   8.3470964171417652     
        1268   8.3872239242124262     
        1269   8.3872239242124262     
        1270   8.3904314769345447     
        1271   8.3904314769345447     
        1272   8.3904314769345447     
        1273   8.3904314769345447     
        1274   8.4242039580025345     
        1275   8.4242039580025345     
        1276   8.3891689600392834     
        1277   8.4033847934863921     
        1278   8.4033847934863921     
        1279   8.4033847934863921     
        1280   8.4033847934863921     
        1281   8.4033847934863921     
        1282   8.4033847934863921     
        1283   8.3980519992847036     
        1284   8.3881417524225252     
        1285   8.3647586167200583     
        1286   8.4044961060803693     
        1287   8.3820095621826738     
        1288   8.4080417276137549     
        1289   8.4080417276137549     
        1290   8.3720198749757504     
        1291   8.3929541934034297     
        1292   8.4024715961765626     
        1293   8.4024715961765626     
        1294   8.4024715961765626     
        1295   8.4024715961765626     
        1296   8.3556210584584978     
        1297   8.3647622421576102     
        1298   8.3647622421576102     
        1299   8.3700156002184798     
        1300   8.3805744858214979     
        1301   8.3805744858214979     
        1302   8.3999790695906658     
        1303   8.3999790695906658     
        1304   8.3999790695906658     
        1305   8.3999790695906658     
        1306   8.3999790695906658     
        1307   8.3671894074971416     
        1308   8.3524186695835727     
        1309   8.3761689403770845     
        1310   8.3761689403770845     
        1311   8.3761689403770845     
        1312   8.3761689403770845     
        1313   8.3745323436416115     
        1314   8.3745323436416115     
        1315   8.3793332426662221     
        1316   8.3708224148554553     
        1317   8.3708224148554553     
        1318   8.3572475910030981     
        1319   8.3822596636214843     
        1320   8.3781360140809529     
        1321   8.3961503977982783     
        1322   8.3992334346663426     
        1323   8.4210625812765105     
        1324   8.4087698214045616     
        1325   8.4228519664795591     
        1326   8.3795747919036128     
        1327   8.3770253188247992     
        1328   8.4021804801217641     
        1329   8.4115502694354500     
        1330   8.3821298869057426     
        1331   8.3821298869057426     
        1332   8.3825511643215300     
        1333   8.3825511643215300     
        1334   8.3545871167267229     
        1335   8.3545871167267229     
        1336   8.3545871167267229     
        1337   8.3522935440673081     
        1338   8.3522935440673081     
        1339   8.3522935440673081     
        1340   8.3522935440673081     
        1341   8.3558879378087454     
        1342   8.3558879378087454     
        1343   8.4094812506030667     
        1344   8.4094812506030667     
        1345   8.4093130681110360     
        1346   8.3746751157248589     
        1347   8.3825623742280762     
        1348   8.3825623742280762     
        1349   8.3825623742280762     
        1350   8.3825623742280762     
        1351   8.3616626944600281     
        1352   8.3616626944600281     
        1353   8.3616626944600281     
        1354   8.3688760994883502     
        1355   8.3699702251650727     
        1356   8.3699702251650727     
        1357   8.3699702251650727     
        1358   8.3620420384901166     
        1359   8.3684898936119385     
        1360   8.3722160347917729     
        1361   8.3722160347917729     
        1362   8.3613255146202903     
        1363   8.3538142753947326     
        1364   8.3538142753947326     
        1365   8.3455778246589443     
        1366   8.3429915632308909     
        1367   8.3612948209300306     
        1368   8.3618499743586945     
        1369   8.3700370415087075     
        1370   8.3700370415087075     
        1371   8.3692742900722585     
        1372   8.3636139649642178     
        1373   8.3636139649642178     
        1374   8.3636139649642178     
        1375   8.3636139649642178     
        1376   8.3636139649642178     
        1377   8.3383412922399973     
        1378   8.3618806303002469     
        1379   8.3618806303002469     
        1380   8.3596778242791423     
        1381   8.3566380688660846     
        1382   8.3566380688660846     
        1383   8.3598105123307533     
        1384   8.3521798619928393     
        1385   8.3704952345420800     
        1386   8.3713096219562555     
        1387   8.3713096219562555     
        1388   8.3787803853895699     
        1389   8.3561114799639249     
        1390   8.3492660129307463     
        1391   8.3492660129307463     
        1392   8.3492660129307463     
        1393   8.3557878146507996     
        1394   8.3370190635583175     
        1395   8.3370190635583175     
        1396   8.3370190635583175     
        1397   8.3370190635583175     
        1398   8.3664577190731375     
        1399   8.3418688639339571     
        1400   8.3508710292784034     
        1401   8.3508710292784034     
        1402   8.3176807303394753     
        1403   8.3225881977740492     
        1404   8.3280058493283793     
        1405   8.3280058493283793     
        1406   8.3280058493283793     
        1407   8.2981538310294241     
        1408   8.3515287295011742     
        1409   8.3515287295011742     
        1410   8.3515287295011742     
        1411   8.3388466201316742     
        1412   8.3296565862219545     
        1413   8.3296565862219545     
        1414   8.3430160960725566     
        1415   8.3430160960725566     
        1416   8.3272550850091367     
        1417   8.3422209143801798     
        1418   8.3456184686776549     
        1419   8.3326674762469750     
        1420   8.3531708651466925     
        1421   8.3425285254586932     
        1422   8.3485373292441807     
        1423   8.3233558865940438     
        1424   8.3233558865940438     
        1425   8.3106874020903980     
        1426   8.3069053070708261     
        1427   8.3476806079255841     
        1428   8.3592541170290975     
        1429   8.3334513470804890     
        1430   8.3414532843299725     
        1431   8.3610338533622830     
        1432   8.3869756478773851     
        1433   8.3538523716387232     
        1434   8.3538523716387232     
        1435   8.3538523716387232     
        1436   8.3471007647492943     
        1437   8.3860685277483107     
        1438   8.3924458922255010     
        1439   8.3499485067514598     
        1440   8.3499485067514598     
        1441   8.3499485067514598     
        1442   8.3499485067514598     
        1443   8.3482593683917106     
        1444   8.3427886308873251     
        1445   8.3607912635314623     
        1446   8.3761184363215300     
        1447   8.3782463230497619     
        1448   8.3662249532607120     
        1449   8.3958879717372596     
        1450   8.3958879717372596     
        1451   8.3830630740617984     
        1452   8.3916090553280203     
        1453   8.3596607556328095     
        1454   8.3596607556328095     
        1455   8.3703219630665746     
        1456   8.3646125694271625     
        1457   8.3646125694271625     
        1458   8.3646125694271625     
        1459   8.3646125694271625     
        1460   8.3646125694271625     
        1461   8.3749759689419054     
        1462   8.3602338399465630     
        1463   8.3888456266834126     
        1464   8.3888113866426419     
        1465   8.3888113866426419     
        1466   8.3924801870089745     
        1467   8.3924801870089745     
        1468   8.3897786125108116     
        1469   8.3404889345272117     
        1470   8.3721265717581801     
        1471   8.3721265717581801     
        1472   8.4005285902131721     
        1473   8.3792131867182160     
        1474   8.3792131867182160     
        1475   8.3872025290606906     
        1476   8.3872025290606906     
        1477   8.3879437962913332     
        1478   8.3994416725478889     
        1479   8.3907717751202622     
        1480   8.3938128663930733     
        1481   8.3938128663930733     
        1482   8.3938128663930733     
        1483   8.3938128663930733     
        1484   8.3833555802510915     
        1485   8.3424052665676829     
        1486   8.3694110433780669     
        1487   8.3856144372520358     
        1488   8.3843677223119411     
        1489   8.3477248224055813     
        1490   8.3710164965385303     
        1491   8.3779663648231981     
        1492   8.3325333709091574     
        1493   8.3325333709091574     
        1494   8.3705316516456705     
        1495   8.3705316516456705     
        1496   8.3705316516456705     
        1497   8.3946898429892869     
        1498   8.3946898429892869     
        1499   8.3946898429892869     
        1500   8.3505362795490310     
        1501   8.3505362795490310     
        1502   8.3555847136403330     
        1503   8.3849314744622543     
        1504   8.3849314744622543     
        1505   8.3701085848846297     
        1506   8.3701085848846297     
        1507   8.3882408895936695     
        1508   8.3882408895936695     
        1509   8.3882408895936695     
        1510   8.3798399370548822     
        1511   8.3604785902548162     
        1512   8.3753024924343951     
        1513   8.3745512695806799     
        1514   8.3412285047605543     
        1515   8.3412285047605543     
        1516   8.3755453430572331     
        1517   8.3755453430572331     
        1518   8.4021423649117981     
        1519   8.4025370760918907     
        1520   8.3580900105371203     
        1521   8.3580900105371203     
        1522   8.3580900105371203     
        1523   8.3580900105371203     
        1524   8.4376138489947436     
        1525   8.3947279549308540     
        1526   8.3947279549308540     
        1527   8.3870937864265809     
        1528   8.4251112786904443     
        1529   8.3876708722602054     
        1530   8.3778722281446676     
        1531   8.3968415877305436     
        1532   8.4092442755460866     
        1533   8.4239559279112477     
        1534   8.3807060425592272     
        1535   8.3807060425592272     
        1536   8.4432515735653091     
        1537   8.4432515735653091     
        1538   8.4130511855011516     
        1539   8.4130511855011516     
        1540   8.4090280435017988     
        1541   8.4090280435017988     
        1542   8.4090280435017988     
        1543   8.4057290553582042     
        1544   8.4057290553582042     
        1545   8.4057290553582042     
        1546   8.4057290553582042     
        1547   8.4057290553582042     
        1548   8.4057290553582042     
        1549   8.3686292491459700     
        1550   8.3686292491459700     
        1551   8.4079988965354282     
        1552   8.3877986095721333     
        1553   8.3931732176192160     
        1554   8.3931732176192160     
        1555   8.3649212437338054     
        1556   8.3415864585786608     
        1557   8.3415864585786608     
        1558   8.3662352162302067     
        1559   8.3662352162302067     
        1560   8.3900917742117809     
        1561   8.4085803002127708     
        1562   8.3824011339345983     
        1563   8.3824011339345983     
        1564   8.3824011339345983     
        1565   8.3824011339345983     
        1566   8.3806091370081415     
        1567   8.3956913424847031     
        1568   8.3772065825486806     
        1569   8.3889384830769860     
        1570   8.3889384830769860     
        1571   8.3765892789736434     
        1572   8.4110340462092790     
        1573   8.4110340462092790     
        1574   8.4130446165114279     
        1575   8.4130446165114279     
        1576   8.4130446165114279     
        1577   8.4207993389992524     
        1578   8.4207993389992524     
        1579   8.4260231163992092     
        1580   8.4260231163992092     
        1581   8.4260231163992092     
        1582   8.4222687473423985     
        1583   8.3881282405676743     
        1584   8.3965332035165847     
        1585   8.4090673838382290     
        1586   8.4090673838382290     
        1587   8.4179089590074110     
        1588   8.4179089590074110     
        1589   8.4179089590074110     
        1590   8.4288858751464470     
        1591   8.4353477359084295     
        1592   8.4353477359084295     
        1593   8.4279189071238090     
        1594   8.4279189071238090     
        1595   8.3931749533407807     
        1596   8.4126150117395593     
        1597   8.4035637351328685     
        1598   8.3788044574354359     
        1599   8.4047956943624058     
        1600   8.3665593115013976     
        1601   8.3665593115013976     
        1602   8.3411627519320195     
        1603   8.3411627519320195     
        1604   8.3377536886628931     
        1605   8.3461139020317372     
        1606   8.3360797701419234     
        1607   8.3360797701419234     
        1608   8.3224350406196947     
        1609   8.3605184583471281     
        1610   8.3487053027902487     
        1611   8.3425059514787119     
        1612   8.3320818811865447     
        1613   8.3320818811865447     
        1614   8.3266476499545643     
        1615   8.3105049870776835     
        1616   8.3294535215520682     
        1617   8.3339573906091484     
        1618   8.3339573906091484     
        1619   8.3805598102020458     
        1620   8.3438513425644647     
        1621   8.3438513425644647     
        1622   8.3438513425644647     
        1623   8.3565058631765705     
        1624   8.3301808497379017     
        1625   8.3689174354506530     
        1626   8.3273298831038431     
        1627   8.3631692999504796     
        1628   8.3747979194451379     
        1629   8.3528026143727203     
        1630   8.3303756561842945     
        1631   8.3303756561842945     
        1632   8.3303756561842945     
        1633   8.3436919580848805     
        1634   8.3437531635158759     
        1635   8.3437531635158759     
        1636   8.3726698966996658     
        1637   8.3726698966996658     
        1638   8.3598712726752442     
        1639   8.3409101442082694     
        1640   8.3566769192279580     
        1641   8.3566769192279580     
        1642   8.3566769192279580     
        1643   8.3241803015829152     
        1644   8.3235276374070342     
        1645   8.3235276374070342     
        1646   8.3235276374070342     
        1647   8.2978548899667750     
        1648   8.3325356624097076     
        1649   8.3114104354090141     
        1650   8.3064042513593250     
        1651   8.3239048636274973     
        1652   8.3083653682843721     
        1653   8.3549533287961655     
        1654   8.3551550268287880     
        1655   8.3203256202836631     
        1656   8.3187197657625411     
        1657   8.3572344172634967     
        1658   8.3397532688241931     
        1659   8.3011088396835184     
        1660   8.3547306516434485     
        1661   8.3547306516434485     
        1662   8.3490003261059069     
        1663   8.3490003261059069     
        1664   8.3490003261059069     
        1665   8.3187088855444937     
        1666   8.3187088855444937     
        1667   8.3467976469437186     
        1668   8.3467976469437186     
        1669   8.3467976469437186     
        1670   8.3163966463762282     
        1671   8.3349197349256716     
        1672   8.3444891868217290     
        1673   8.3694677950867113     
        1674   8.3582697534839667     
        1675   8.3843534240871715     
        1676   8.3583829785566373     
        1677   8.3718184470661559     
        1678   8.3595642532457379     
        1679   8.3256510586216290     
        1680   8.3492275801468825     
        1681   8.3448579126327065     
        1682   8.3448579126327065     
        1683   8.3346717999512059     
        1684   8.3505015024042724     
        1685   8.3703774946676770     
        1686   8.3703774946676770     
        1687   8.3288699677319737     
        1688   8.3288699677319737     
        1689   8.3288699677319737     
        1690   8.3665032511296680     
        1691   8.3757845698071645     
        1692   8.3314553143571448     
        1693   8.3314553143571448     
        1694   8.3075133284954017     
        1695   8.3411271318951510     
        1696   8.3288514426871796     
        1697   8.3624709099175352     
        1698   8.3525294821740417     
        1699   8.3606514594327805     
        1700   8.3731061738152839     
        1701   8.3731061738152839     
        1702   8.3339683798171666     
        1703   8.3339683798171666     
        1704   8.3339683798171666     
        1705   8.3339683798171666     
        1706   8.3659824933330125     
        1707   8.3678564159145559     
        1708   8.3360619883335509     
        1709   8.3427955415848043     
        1710   8.3590725163193422     
        1711   8.3841242028613223     
        1712   8.3841242028613223     
        1713   8.3692645067726144     
        1714   8.3692645067726144     
        1715   8.3892352594811737     
        1716   8.3702757190671555     
        1717   8.3380456063167436     
        1718   8.3532136731720517     
        1719   8.3422097055808990     
        1720   8.3422097055808990     
        1721   8.3622595252060190     
        1722   8.3622595252060190     
        1723   8.3770012682000239     
        1724   8.3673775481504116     
        1725   8.3624863994466168     
        1726   8.3564816471435783     
        1727   8.3581649727243423     
        1728   8.3270759722092844     
        1729   8.3104526612777736     
        1730   8.3427118525385193     
        1731   8.3818293921257805     
        1732   8.3551282026019873     
        1733   8.3193672168032737     
        1734   8.3331046542038969     
        1735   8.3760179978563478     
        1736   8.3760179978563478     
        1737   8.3818522108553086     
        1738   8.3818522108553086     
        1739   8.3770059276636832     
        1740   8.3770059276636832     
        1741   8.4090510276709267     
        1742   8.4090510276709267     
        1743   8.4050520151154196     
        1744   8.4123356720469413     
        1745   8.4123356720469413     
        1746   8.3844587478293633     
        1747   8.3587217705895664     
        1748   8.3923168204288032     
        1749   8.3923168204288032     
        1750   8.3920788572405307     
        1751   8.3920788572405307     
        1752   8.3293711763716463     
        1753   8.3293711763716463     
        1754   8.3226908168665670     
        1755   8.3191813385227515     
        1756   8.3456406179812443     
        1757   8.3456406179812443     
        1758   8.3501889597403132     
        1759   8.3365018082064548     
        1760   8.3037587583029620     
        1761   8.3206443157448433     
        1762   8.3206443157448433     
        1763   8.3204552884023890     
        1764   8.3778634024294085     
        1765   8.3471205832846422     
        1766   8.3525748354746909     
        1767   8.3687700001883698     
        1768   8.3687700001883698     
        1769   8.3809075379439211     
        1770   8.3480207641911619     
        1771   8.3408984104740860     
        1772   8.3763477254989773     
        1773   8.3763477254989773     
        1774   8.3763477254989773     
        1775   8.3763477254989773     
        1776   8.3722369518215771     
        1777   8.3707539559155162     
        1778   8.3795118341897084     
        1779   8.3847588658334828     
        1780   8.3802636254368803     
        1781   8.3426864045546623     
        1782   8.3405585409068426     
        1783   8.3520551681864212     
        1784   8.3520551681864212     
        1785   8.3520551681864212     
        1786   8.3469331036865206     
        1787   8.3537730175103757     
        1788   8.3559892720951456     
        1789   8.3427695696881106     
        1790   8.3787846493352731     
        1791   8.3787846493352731     
        1792   8.3351414045805186     
        1793   8.3320797473779713     
        1794   8.3582917593185275     
        1795   8.3582917593185275     
        1796   8.3284477977399760     
        1797   8.3557922947200041     
        1798   8.3557922947200041     
        1799   8.3557922947200041     
        1800   8.3467151110618545     
        1801   8.3177078975480931     
        1802   8.3088926030866794     
        1803   8.3088926030866794     
        1804   8.3520850222304688     
        1805   8.3233384343962307     
        1806   8.3468891793173139     
        1807   8.3306608579761789     
        1808   8.3590032949909379     
        1809   8.3590032949909379     
        1810   8.3590032949909379     
        1811   8.3590032949909379     
        1812   8.3820479784102631     
        1813   8.3482620297590433     
        1814   8.3973118447703552     
        1815   8.3817627139483584     
        1816   8.3564423594105950     
        1817   8.3647735165783903     
        1818   8.3647735165783903     
        1819   8.3248930294904593     
        1820   8.3248930294904593     
        1821   8.3565297903514999     
        1822   8.3565297903514999     
        1823   8.3799980355365182     
        1824   8.4000964052678047     
        1825   8.4000964052678047     
        1826   8.3837226216099605     
        1827   8.3837226216099605     
        1828   8.3837226216099605     
        1829   8.3500863622343378     
        1830   8.3500863622343378     
        1831   8.3578489152515942     
        1832   8.3676104904607413     
        1833   8.3409595746141605     
        1834   8.3629245226021105     
        1835   8.3629245226021105     
        1836   8.3629245226021105     
        1837   8.3629245226021105     
        1838   8.3629245226021105     
        1839   8.3981487228422420     
        1840   8.3557406196871877     
        1841   8.3862593063852771     
        1842   8.3841566336972289     
        1843   8.3650471706767231     
        1844   8.3536352706494608     
        1845   8.3536352706494608     
        1846   8.3535516781551404     
        1847   8.3535516781551404     
        1848   8.3584025545997402     
        1849   8.3994283661281237     
        1850   8.4000211925232069     
        1851   8.3818139758521539     
        1852   8.3647327660978998     
        1853   8.3647327660978998     
        1854   8.3347421691597923     
        1855   8.3347421691597923     
        1856   8.3656679036770072     
        1857   8.3814533109862719     
        1858   8.4072059673525619     
        1859   8.3727064868824765     
        1860   8.3727064868824765     
        1861   8.3856797878263993     
        1862   8.3578348338452386     
        1863   8.3891476472945126     
        1864   8.3562078009792593     
        1865   8.3918215260804789     
        1866   8.3657042509122927     
        1867   8.3657042509122927     
        1868   8.3680826412942828     
        1869   8.4114390240939514     
        1870   8.4114390240939514     
        1871   8.4363002595806300     
        1872   8.4123948340342913     
        1873   8.4530106587772025     
        1874   8.4655898457746748     
        1875   8.4175427444727884     
        1876   8.4234489910738795     
        1877   8.4234489910738795     
        1878   8.4104064208285507     
        1879   8.4006910630720970     
        1880   8.3830075512409099     
        1881   8.3815006143320065     
        1882   8.3815006143320065     
        1883   8.3815006143320065     
        1884   8.3815006143320065     
        1885   8.3866074671876216     
        1886   8.3718689914262239     
        1887   8.3718689914262239     
        1888   8.4086020511992690     
        1889   8.4464037928896385     
        1890   8.3874681590283320     
        1891   8.3578387031978156     
        1892   8.3542594664836667     
        1893   8.3711522563721470     
        1894   8.3711522563721470     
        1895   8.3439475682447490     
        1896   8.3713259144025223     
        1897   8.4020608754639046     
        1898   8.4234324901629201     
        1899   8.3950326183626096     
        1900   8.3950326183626096     
        1901   8.4196719354926977     
        1902   8.4196719354926977     
        1903   8.4196719354926977     
        1904   8.4045343739268095     
        1905   8.3782773788996909     
        1906   8.3782773788996909     
        1907   8.3782773788996909     
        1908   8.3784134258377403     
        1909   8.4052835925000799     
        1910   8.3833980062915714     
        1911   8.3833980062915714     
        1912   8.3564060463421423     
        1913   8.3634653909891181     
        1914   8.3634653909891181     
        1915   8.3857889584965921     
        1916   8.3785035499199125     
        1917   8.3785035499199125     
        1918   8.3785035499199125     
        1919   8.4042464696972630     
        1920   8.4042464696972630     
        1921   8.3592018856879182     
        1922   8.3885129052087883     
        1923   8.3885129052087883     
        1924   8.3885129052087883     
        1925   8.3912595465254736     
        1926   8.3912595465254736     
        1927   8.3840501137094829     
        1928   8.3840501137094829     
        1929   8.3798072002702604     
        1930   8.4039621471221615     
        1931   8.3710907737282003     
        1932   8.3803573562785498     
        1933   8.3803573562785498     
        1934   8.3803573562785498     
        1935   8.3704958906659854     
        1936   8.4110519821176233     
        1937   8.3741410441738093     
        1938   8.4121986749183399     
        1939   8.3788778123682572     
        1940   8.3769768566914351     
        1941   8.3769768566914351     
        1942   8.3769768566914351     
        1943   8.3713905129622539     
        1944   8.3671832126684773     
        1945   8.3671832126684773     
        1946   8.3749562866789891     
        1947   8.3849082426358361     
        1948   8.3849082426358361     
        1949   8.3849082426358361     
        1950   8.3791604850716137     
        1951   8.3556072915423325     
        1952   8.3818462287209101     
        1953   8.3818462287209101     
        1954   8.3586553710162033     
        1955   8.3635835788636097     
        1956   8.3635835788636097     
        1957   8.3496782593109025     
        1958   8.3496782593109025     
        1959   8.3764104241262132     
        1960   8.3441972070357995     
        1961   8.3605650435501335     
        1962   8.3755483921329255     
        1963   8.3900527228903421     
        1964   8.3445303582194743     
        1965   8.3677091581718948     
        1966   8.3677091581718948     
        1967   8.3801620494361853     
        1968   8.3801620494361853     
        1969   8.3801620494361853     
        1970   8.3400323982524665     
        1971   8.3576825293226680     
        1972   8.3576825293226680     
        1973   8.3816163693806907     
        1974   8.3816163693806907     
        1975   8.3520823268569053     
        1976   8.3421093200151635     
        1977   8.3421093200151635     
        1978   8.3383912498605905     
        1979   8.3705016058378963     
        1980   8.3975261434065889     
        1981   8.3975261434065889     
        1982   8.4237268767047144     
        1983   8.4189911441317111     
        1984   8.4177295525513767     
        1985   8.3791711787988845     
        1986   8.3836597010078346     
        1987   8.3836597010078346     
        1988   8.3500094993495662     
        1989   8.3447966264268256     
        1990   8.3301155687271500     
        1991   8.3301155687271500     
        1992   8.3380608979694468     
        1993   8.3185798552434154     
        1994   8.3351335406808591     
        1995   8.3615245064831214     
        1996   8.3638753785966582     
        1997   8.3618024434403644     
        1998   8.3618024434403644     
        1999   8.3531656406785970     
        2000   8.3531656406785970     
