 SAMPLE,  BOXLENGTH
           1   8.4789228732855708     
           2   8.4789228732855708     
           3   8.4479604938198420     
           4   8.4479604938198420     
           5   8.4580602039799704     
           6   8.4243984134487508     
           7   8.4243984134487508     
           8   8.4243984134487508     
           9   8.4243984134487508     
          10   8.4701144799591308     
          11   8.4701144799591308     
          12   8.4701144799591308     
          13   8.4586990200435324     
          14   8.4528032714021020     
          15   8.4782220765968273     
          16   8.4811832184106350     
          17   8.4647741019581133     
          18   8.4966020688753527     
          19   8.4928289632538654     
          20   8.4882561914326491     
          21   8.5060698204445711     
          22   8.5060698204445711     
          23   8.5071702975847820     
          24   8.4808721316973266     
          25   8.4764206708148571     
          26   8.4583394516866708     
          27   8.4668806392477052     
          28   8.4664795455776378     
          29   8.5163779683001284     
          30   8.5163779683001284     
          31   8.5158098045473558     
          32   8.4923695426998194     
          33   8.4923695426998194     
          34   8.4621711544315694     
          35   8.4779204245837789     
          36   8.4867644547905865     
          37   8.4848516177443383     
          38   8.4528448565824839     
          39   8.4489021850479595     
          40   8.4899394240837562     
          41   8.4899394240837562     
          42   8.4884676627769888     
          43   8.4740186953308658     
          44   8.4601943536455071     
          45   8.5329980059621882     
          46   8.5329980059621882     
          47   8.5335377960722472     
          48   8.4741495190534426     
          49   8.4741495190534426     
          50   8.4741495190534426     
          51   8.4741495190534426     
          52   8.5177563517178232     
          53   8.4826367334267765     
          54   8.4826367334267765     
          55   8.4826367334267765     
          56   8.4551728836218452     
          57   8.4805517856498973     
          58   8.4922917304947401     
          59   8.4382418091696447     
          60   8.4805376543353468     
          61   8.4817084055958993     
          62   8.4817084055958993     
          63   8.4817084055958993     
          64   8.4662522764601640     
          65   8.4224001695753721     
          66   8.4645595752785798     
          67   8.4869792554840302     
          68   8.4430998431565616     
          69   8.4326608426432514     
          70   8.4842685924944625     
          71   8.4784179970452982     
          72   8.4784179970452982     
          73   8.4784179970452982     
          74   8.4550934365437804     
          75   8.4550934365437804     
          76   8.4369020833444708     
          77   8.4369020833444708     
          78   8.4369020833444708     
          79   8.4481736574822772     
          80   8.4314243332873904     
          81   8.4314243332873904     
          82   8.4563954516436954     
          83   8.4563954516436954     
          84   8.4563954516436954     
          85   8.4809197605578124     
          86   8.4598022110619695     
          87   8.4598022110619695     
          88   8.4566474482811955     
          89   8.5075514934750895     
          90   8.4610098534843523     
          91   8.4893032958365211     
          92   8.4893032958365211     
          93   8.4591234396162189     
          94   8.4728548500440546     
          95   8.4748646842606181     
          96   8.4498272243773407     
          97   8.4582073079114135     
          98   8.4790107427594794     
          99   8.4775093861564557     
         100   8.5147557334152530     
         101   8.5147557334152530     
         102   8.4928751467075561     
         103   8.4928751467075561     
         104   8.4928751467075561     
         105   8.4928751467075561     
         106   8.4928751467075561     
         107   8.5391240857800010     
         108   8.5391240857800010     
         109   8.5391240857800010     
         110   8.5051486171093558     
         111   8.5033222546337051     
         112   8.5199056258356869     
         113   8.5155140487805472     
         114   8.5048495777087041     
         115   8.4879037679257472     
         116   8.4879037679257472     
         117   8.4879037679257472     
         118   8.4879037679257472     
         119   8.5135267931258607     
         120   8.5135267931258607     
         121   8.5135267931258607     
         122   8.5135267931258607     
         123   8.5151248992852917     
         124   8.5151248992852917     
         125   8.5394145990770252     
         126   8.5394145990770252     
         127   8.5044066780906498     
         128   8.5065151599015323     
         129   8.4916747381953570     
         130   8.4835525887347636     
         131   8.4719750248304937     
         132   8.4719750248304937     
         133   8.4974721940715501     
         134   8.4974721940715501     
         135   8.5220947461737424     
         136   8.5126227610921781     
         137   8.5126227610921781     
         138   8.5126227610921781     
         139   8.5319735183617187     
         140   8.5141311677850826     
         141   8.5395142248245257     
         142   8.5214720258371361     
         143   8.5214720258371361     
         144   8.5225332684858408     
         145   8.5113175393657876     
         146   8.5113175393657876     
         147   8.5024947237928146     
         148   8.5024947237928146     
         149   8.5025504276308919     
         150   8.5025504276308919     
         151   8.4656304102322455     
         152   8.4656304102322455     
         153   8.4656304102322455     
         154   8.4741376782758202     
         155   8.4269302141992597     
         156   8.4275172386318147     
         157   8.4531888741096495     
         158   8.4350087263821436     
         159   8.4593852192690235     
         160   8.4683321640381486     
         161   8.4930737958082680     
         162   8.4546619035695834     
         163   8.4931639882602212     
         164   8.5084767797804517     
         165   8.4866785534183258     
         166   8.5018602726146426     
         167   8.5018602726146426     
         168   8.4570638709888204     
         169   8.4951309437639324     
         170   8.4887775075720722     
         171   8.4887775075720722     
         172   8.4879591604228803     
         173   8.5293956552409202     
         174   8.4867450679980934     
         175   8.4867450679980934     
         176   8.4575737460218292     
         177   8.4575737460218292     
         178   8.4507190901061371     
         179   8.4776908482604441     
         180   8.4422337230173046     
         181   8.4422337230173046     
         182   8.4422337230173046     
         183   8.4528357294301699     
         184   8.4528357294301699     
         185   8.4849405295562779     
         186   8.4605799738193408     
         187   8.4628867748856411     
         188   8.4628867748856411     
         189   8.4628867748856411     
         190   8.4488832781547512     
         191   8.4488832781547512     
         192   8.4352656294241797     
         193   8.4352656294241797     
         194   8.4553587945047983     
         195   8.4415186750454314     
         196   8.4175447473077067     
         197   8.4929921918152349     
         198   8.4772196797306378     
         199   8.4935356652724661     
         200   8.4935356652724661     
         201   8.4542567996872009     
         202   8.4851996112509820     
         203   8.4523688860121666     
         204   8.4523688860121666     
         205   8.4794552586164702     
         206   8.4947338554298195     
         207   8.5185483891671261     
         208   8.5118553934051331     
         209   8.5118553934051331     
         210   8.4745097930094051     
         211   8.5116517485907099     
         212   8.5103128552802634     
         213   8.4907984618307459     
         214   8.4907984618307459     
         215   8.4559256285697781     
         216   8.4559256285697781     
         217   8.4618753791246615     
         218   8.4618753791246615     
         219   8.4605544705643272     
         220   8.4607999925658017     
         221   8.4589459294572666     
         222   8.4589459294572666     
         223   8.4589459294572666     
         224   8.4638229494930783     
         225   8.4503741558372329     
         226   8.4278111794792476     
         227   8.4278111794792476     
         228   8.4278111794792476     
         229   8.4278111794792476     
         230   8.4457416343760254     
         231   8.5073299787626357     
         232   8.4739619947399145     
         233   8.4961580020179781     
         234   8.4961580020179781     
         235   8.5164148997309006     
         236   8.5164148997309006     
         237   8.5162548167320082     
         238   8.4754418201019384     
         239   8.4754418201019384     
         240   8.4754418201019384     
         241   8.4754418201019384     
         242   8.4696886443479453     
         243   8.4661994000507441     
         244   8.4661994000507441     
         245   8.4691152895116844     
         246   8.4691152895116844     
         247   8.4901226175042126     
         248   8.4901226175042126     
         249   8.5078437163565894     
         250   8.5078437163565894     
         251   8.5078437163565894     
         252   8.4918707460533778     
         253   8.5157580068948171     
         254   8.5055763400448612     
         255   8.5301438915961096     
         256   8.5301438915961096     
         257   8.5000115958701929     
         258   8.4857223515082350     
         259   8.4903648820863040     
         260   8.4832533704334203     
         261   8.4832533704334203     
         262   8.4848138368245305     
         263   8.4960421468869178     
         264   8.4741717746511025     
         265   8.4741717746511025     
         266   8.4741717746511025     
         267   8.4769755012861481     
         268   8.4769755012861481     
         269   8.5212209055183319     
         270   8.5182250143822849     
         271   8.5023263574137147     
         272   8.4910031269398001     
         273   8.4735725340947390     
         274   8.4735725340947390     
         275   8.4867339958926529     
         276   8.4816508840095501     
         277   8.4684310181134617     
         278   8.5094090049579485     
         279   8.4829633924549270     
         280   8.5035112899239884     
         281   8.4960717165935691     
         282   8.4897351541247019     
         283   8.5037638084619047     
         284   8.4944748170496851     
         285   8.4625293304815514     
         286   8.4625293304815514     
         287   8.4719756038455234     
         288   8.4816686023313235     
         289   8.4816686023313235     
         290   8.4534216919723910     
         291   8.4243694109966452     
         292   8.4243694109966452     
         293   8.4266434567064330     
         294   8.4848147777757461     
         295   8.4641301316678170     
         296   8.4641301316678170     
         297   8.4641301316678170     
         298   8.4641301316678170     
         299   8.4641301316678170     
         300   8.4460685235282629     
         301   8.4460685235282629     
         302   8.4415826057725756     
         303   8.4739252136545957     
         304   8.4739252136545957     
         305   8.4900522306463859     
         306   8.4900522306463859     
         307   8.4332120598327815     
         308   8.4313027626718693     
         309   8.4861147051688519     
         310   8.4861147051688519     
         311   8.4861147051688519     
         312   8.5023921192419571     
         313   8.4941036890409052     
         314   8.4941036890409052     
         315   8.4941036890409052     
         316   8.5111768893077340     
         317   8.5111768893077340     
         318   8.5111768893077340     
         319   8.5374889320959042     
         320   8.5216619259066917     
         321   8.5216619259066917     
         322   8.5109728346374105     
         323   8.5224301911801010     
         324   8.5018587047694503     
         325   8.4915846571624130     
         326   8.4915846571624130     
         327   8.4833741800746854     
         328   8.5132598879838621     
         329   8.4874326658550441     
         330   8.4874326658550441     
         331   8.4874326658550441     
         332   8.5017611947436276     
         333   8.5017611947436276     
         334   8.5017611947436276     
         335   8.5387109539284243     
         336   8.5240918134501502     
         337   8.5126145656740757     
         338   8.5126145656740757     
         339   8.5628069595710095     
         340   8.5518160093095776     
         341   8.5399185160000606     
         342   8.5592453892960734     
         343   8.5592453892960734     
         344   8.5387897461748370     
         345   8.5387897461748370     
         346   8.5472646925653031     
         347   8.5472646925653031     
         348   8.5472646925653031     
         349   8.5472646925653031     
         350   8.5050685546557165     
         351   8.5292598463812901     
         352   8.5292598463812901     
         353   8.5202424214524530     
         354   8.5184292860781259     
         355   8.5028783959683114     
         356   8.4966163182656942     
         357   8.4686865712152990     
         358   8.4906633607564714     
         359   8.4917884718928889     
         360   8.5087784899936185     
         361   8.5087784899936185     
         362   8.5041965001709627     
         363   8.5055854370915167     
         364   8.4969833329178783     
         365   8.4969833329178783     
         366   8.4516766959783780     
         367   8.4614124336192873     
         368   8.4899378073002616     
         369   8.4689198253725220     
         370   8.4481461313003869     
         371   8.4481461313003869     
         372   8.5068658550803153     
         373   8.4702808370080120     
         374   8.4376274116194061     
         375   8.4905453607246706     
         376   8.4905453607246706     
         377   8.4964131407269523     
         378   8.4964131407269523     
         379   8.4964131407269523     
         380   8.5170426934426722     
         381   8.4904678275559977     
         382   8.5147299629356130     
         383   8.5147299629356130     
         384   8.5147299629356130     
         385   8.5318015780646217     
         386   8.5486759965388082     
         387   8.5076266497955082     
         388   8.5076266497955082     
         389   8.4939280241741582     
         390   8.5523414730588954     
         391   8.5752524403605062     
         392   8.5752524403605062     
         393   8.5471768615751280     
         394   8.5471768615751280     
         395   8.5550070122015178     
         396   8.5562957690901023     
         397   8.5562957690901023     
         398   8.5452790630075910     
         399   8.5715086882996623     
         400   8.5419668047443622     
         401   8.5419668047443622     
         402   8.5419668047443622     
         403   8.5248612859726887     
         404   8.5070203134602878     
         405   8.4904613768404769     
         406   8.5053207992274924     
         407   8.5385377961268674     
         408   8.5598535653622658     
         409   8.5598535653622658     
         410   8.5598535653622658     
         411   8.5473863557018497     
         412   8.5473863557018497     
         413   8.5473863557018497     
         414   8.5286663815055572     
         415   8.5286663815055572     
         416   8.5514161791836649     
         417   8.5798171750236136     
         418   8.5767255630537260     
         419   8.5480463010357823     
         420   8.5480463010357823     
         421   8.5697888844491672     
         422   8.5697888844491672     
         423   8.5328753301510538     
         424   8.5549048211734693     
         425   8.5549048211734693     
         426   8.5352254225515196     
         427   8.5336949937899327     
         428   8.5349914739452615     
         429   8.5397653335167192     
         430   8.5361070411492079     
         431   8.5361070411492079     
         432   8.5487653173814095     
         433   8.5425672230593239     
         434   8.5516582885104722     
         435   8.5606212738962952     
         436   8.5006970228314973     
         437   8.5443181678043914     
         438   8.5443181678043914     
         439   8.5556583802580999     
         440   8.5556583802580999     
         441   8.5556583802580999     
         442   8.5555640826735555     
         443   8.4879523087006614     
         444   8.5255324544928239     
         445   8.5220686485701798     
         446   8.5378676491941405     
         447   8.5643201188046181     
         448   8.5354024883692556     
         449   8.5814173833356726     
         450   8.5611016966810656     
         451   8.5611016966810656     
         452   8.5323299602236062     
         453   8.5455981837621575     
         454   8.5455981837621575     
         455   8.5673809456219381     
         456   8.5673809456219381     
         457   8.5448139124924900     
         458   8.5448139124924900     
         459   8.5440385823402440     
         460   8.5380968509553838     
         461   8.5822202625607602     
         462   8.5822202625607602     
         463   8.5578516398807096     
         464   8.5128796644700575     
         465   8.5061591985028890     
         466   8.5061591985028890     
         467   8.5061591985028890     
         468   8.4908148373257077     
         469   8.4965945555571434     
         470   8.4965945555571434     
         471   8.4859303026349497     
         472   8.4757486586994446     
         473   8.4740061439165206     
         474   8.5276800117423832     
         475   8.5276800117423832     
         476   8.5276800117423832     
         477   8.5276800117423832     
         478   8.5276800117423832     
         479   8.5072149546464058     
         480   8.5137261692122532     
         481   8.5413844937655110     
         482   8.5362369755760881     
         483   8.5099518826558693     
         484   8.5173040038170491     
         485   8.5173040038170491     
         486   8.5320035887041001     
         487   8.5013483673899142     
         488   8.5207530329836665     
         489   8.5022873533255989     
         490   8.5241496705687076     
         491   8.5365826554639028     
         492   8.5406241924954944     
         493   8.4995033120255634     
         494   8.5067882873218750     
         495   8.5176748764617081     
         496   8.5048857399498772     
         497   8.4907217083347479     
         498   8.4907217083347479     
         499   8.4907217083347479     
         500   8.5354691198406041     
         501   8.5202520493312921     
         502   8.5202520493312921     
         503   8.4823852063059331     
         504   8.4823852063059331     
         505   8.5052878164583863     
         506   8.5052878164583863     
         507   8.4883252225842512     
         508   8.4954340039394705     
         509   8.5105980384536064     
         510   8.5105980384536064     
         511   8.5105980384536064     
         512   8.4984961739070677     
         513   8.4984961739070677     
         514   8.5080497440679608     
         515   8.5220520208302997     
         516   8.5220520208302997     
         517   8.5220520208302997     
         518   8.5220520208302997     
         519   8.5124674752644633     
         520   8.4950824637040157     
         521   8.4950824637040157     
         522   8.4833496056500355     
         523   8.4943362031633161     
         524   8.4710667873194456     
         525   8.4730669651736630     
         526   8.4907133621160753     
         527   8.4942804913931180     
         528   8.4942804913931180     
         529   8.4942804913931180     
         530   8.4925262054099964     
         531   8.5057644028499908     
         532   8.4933699347358171     
         533   8.4966320689787267     
         534   8.5207551131949568     
         535   8.5228410391317446     
         536   8.5473321907566326     
         537   8.5010436929896489     
         538   8.4732503361524820     
         539   8.4941931889152187     
         540   8.4826334597319839     
         541   8.4826334597319839     
         542   8.4826334597319839     
         543   8.4993255303746249     
         544   8.4766392878847263     
         545   8.4766392878847263     
         546   8.5058385784691044     
         547   8.4818080949521146     
         548   8.4818080949521146     
         549   8.4818080949521146     
         550   8.5206663185636078     
         551   8.5206663185636078     
         552   8.5206663185636078     
         553   8.5397472314512015     
         554   8.5397472314512015     
         555   8.4986242297119841     
         556   8.4986242297119841     
         557   8.4550954431380738     
         558   8.4550954431380738     
         559   8.4922341516914894     
         560   8.4922341516914894     
         561   8.5155645976480283     
         562   8.5155645976480283     
         563   8.5155645976480283     
         564   8.5009569041518791     
         565   8.4617649006651554     
         566   8.4978358660693907     
         567   8.4698206372528055     
         568   8.4698206372528055     
         569   8.4736712832611136     
         570   8.4736712832611136     
         571   8.5208852086202302     
         572   8.4928524713038396     
         573   8.4666183638783945     
         574   8.4666183638783945     
         575   8.4782751656594080     
         576   8.4782751656594080     
         577   8.5065059470926681     
         578   8.4819668212889141     
         579   8.4791011631862201     
         580   8.4909639696160255     
         581   8.5021797214544996     
         582   8.4598515702055135     
         583   8.4664665315040022     
         584   8.4870253530393143     
         585   8.4870253530393143     
         586   8.4523991355773376     
         587   8.4697200517585678     
         588   8.4631742815775919     
         589   8.5060295396867769     
         590   8.5063936533424940     
         591   8.5063936533424940     
         592   8.4306755321094009     
         593   8.4306755321094009     
         594   8.4559181871940776     
         595   8.4953920659948281     
         596   8.4953920659948281     
         597   8.4952382779340194     
         598   8.4769110783014643     
         599   8.4879327268419615     
         600   8.4879327268419615     
         601   8.4879327268419615     
         602   8.5193660977787466     
         603   8.5013387437461176     
         604   8.5013387437461176     
         605   8.5013387437461176     
         606   8.5194749347538394     
         607   8.5026576470833035     
         608   8.4677600139546296     
         609   8.4677600139546296     
         610   8.4622425891802848     
         611   8.4622425891802848     
         612   8.4622425891802848     
         613   8.4530923881217426     
         614   8.4530923881217426     
         615   8.4530923881217426     
         616   8.4494114916550362     
         617   8.4494114916550362     
         618   8.4536631886618618     
         619   8.4536631886618618     
         620   8.4536631886618618     
         621   8.4536631886618618     
         622   8.4591556748316972     
         623   8.4752864677266775     
         624   8.4752864677266775     
         625   8.4629522285535614     
         626   8.4518636961743212     
         627   8.4867208610161367     
         628   8.4522151336391858     
         629   8.4522151336391858     
         630   8.4464109442336817     
         631   8.4670397461681528     
         632   8.4721083146365928     
         633   8.4733098964206803     
         634   8.4733098964206803     
         635   8.4594056752757627     
         636   8.4594056752757627     
         637   8.5074197254154047     
         638   8.4826308880194610     
         639   8.4826308880194610     
         640   8.4826308880194610     
         641   8.5026597718485224     
         642   8.5171299590808083     
         643   8.5171299590808083     
         644   8.5174212419648931     
         645   8.5174212419648931     
         646   8.5128278582840871     
         647   8.4986393025933840     
         648   8.4810849518684286     
         649   8.4740638971757427     
         650   8.4571799190266415     
         651   8.4571799190266415     
         652   8.4612452963006231     
         653   8.4612452963006231     
         654   8.4903957205183893     
         655   8.4903957205183893     
         656   8.4903957205183893     
         657   8.4862352192504211     
         658   8.4862352192504211     
         659   8.4846961358972450     
         660   8.4919417795784522     
         661   8.4488827353766265     
         662   8.4297458741349605     
         663   8.4297458741349605     
         664   8.4297458741349605     
         665   8.4594551415135903     
         666   8.4538970417673163     
         667   8.4723342842293192     
         668   8.4723342842293192     
         669   8.4692817878940474     
         670   8.4692817878940474     
         671   8.4272302328736330     
         672   8.4352234290708559     
         673   8.4425824059983370     
         674   8.4425824059983370     
         675   8.4899317016923526     
         676   8.4674363749851871     
         677   8.4916929699902788     
         678   8.4550928447450442     
         679   8.4550928447450442     
         680   8.4886723007931586     
         681   8.4483366053305193     
         682   8.4940082283571758     
         683   8.4940082283571758     
         684   8.4940082283571758     
         685   8.4765142660054007     
         686   8.5082901325441167     
         687   8.5118421475840105     
         688   8.5118421475840105     
         689   8.5122782598771973     
         690   8.5040120962653702     
         691   8.5040120962653702     
         692   8.5040120962653702     
         693   8.5028313193248515     
         694   8.5076346517805170     
         695   8.4843510700617344     
         696   8.5158883050550997     
         697   8.5069812962546472     
         698   8.5187323607241723     
         699   8.5344939189180966     
         700   8.5344939189180966     
         701   8.5066172808050062     
         702   8.5066172808050062     
         703   8.5036530054526196     
         704   8.5370333530977085     
         705   8.4813176718194399     
         706   8.4854489660195167     
         707   8.4629573130561013     
         708   8.4564859353981969     
         709   8.4612327790696398     
         710   8.4716692878560504     
         711   8.4667938189957610     
         712   8.5043139577588533     
         713   8.5043139577588533     
         714   8.5055801881107662     
         715   8.4976745700008696     
         716   8.5438682927459091     
         717   8.5438682927459091     
         718   8.5167218102077396     
         719   8.5167218102077396     
         720   8.5218219707822911     
         721   8.4939765727721745     
         722   8.4660421351886246     
         723   8.4805796512216389     
         724   8.5118951744894211     
         725   8.5033216544699961     
         726   8.4888694281398855     
         727   8.4888694281398855     
         728   8.4888694281398855     
         729   8.4546904759574026     
         730   8.4546904759574026     
         731   8.4778512541470104     
         732   8.4787248143762426     
         733   8.4739490220465647     
         734   8.4739490220465647     
         735   8.4903721636654605     
         736   8.4707126427508648     
         737   8.4780195346104072     
         738   8.4793061675048680     
         739   8.4961722697678361     
         740   8.5298622521031895     
         741   8.5207462558845322     
         742   8.5207462558845322     
         743   8.4950567804093922     
         744   8.4950567804093922     
         745   8.4921704585631748     
         746   8.4921704585631748     
         747   8.4921704585631748     
         748   8.4921704585631748     
         749   8.4755194143715080     
         750   8.4755194143715080     
         751   8.4523583400146318     
         752   8.4453575545604593     
         753   8.4769079865577943     
         754   8.5204807816778843     
         755   8.5204807816778843     
         756   8.4701402681673255     
         757   8.4522563151955215     
         758   8.4566100894836183     
         759   8.4566100894836183     
         760   8.4669047820483012     
         761   8.4669047820483012     
         762   8.4669047820483012     
         763   8.4560010434813133     
         764   8.5039067916675020     
         765   8.5074417099796680     
         766   8.5074417099796680     
         767   8.5123587287945206     
         768   8.4816939856268370     
         769   8.4747831914742235     
         770   8.4747831914742235     
         771   8.4747831914742235     
         772   8.4932824819857426     
         773   8.4932824819857426     
         774   8.4718758502991935     
         775   8.4718758502991935     
         776   8.4935533962952512     
         777   8.4784547778167347     
         778   8.4909415441303828     
         779   8.4851302860980233     
         780   8.5064847131028927     
         781   8.4696029867948628     
         782   8.4696029867948628     
         783   8.4392532018444459     
         784   8.4383159073162606     
         785   8.4232277725359150     
         786   8.4657095426100977     
         787   8.4657095426100977     
         788   8.4657095426100977     
         789   8.4483663838593976     
         790   8.4870178538881227     
         791   8.4565001188154412     
         792   8.4601177543433224     
         793   8.4339772422888153     
         794   8.4458994047681539     
         795   8.4137475420009586     
         796   8.4429852239594538     
         797   8.4630702602911558     
         798   8.4630702602911558     
         799   8.4687692887686730     
         800   8.4720946807013267     
         801   8.4875500105077357     
         802   8.4875500105077357     
         803   8.4503775293966061     
         804   8.4346882714179827     
         805   8.4428965413329635     
         806   8.4750829846025990     
         807   8.4680529728546290     
         808   8.4680529728546290     
         809   8.4680529728546290     
         810   8.4457864642872842     
         811   8.4451793512776661     
         812   8.4865252061944361     
         813   8.4567802877328937     
         814   8.4637468131579947     
         815   8.4637468131579947     
         816   8.4637468131579947     
         817   8.4637468131579947     
         818   8.4256375125820799     
         819   8.5089177100727760     
         820   8.5115504477214188     
         821   8.5094181079082922     
         822   8.5094181079082922     
         823   8.5094181079082922     
         824   8.4985430917133353     
         825   8.5164250605029483     
         826   8.5103554397943988     
         827   8.5103554397943988     
         828   8.5103554397943988     
         829   8.5215430449673217     
         830   8.4698374325469192     
         831   8.4698374325469192     
         832   8.5106109860447798     
         833   8.5343634422911148     
         834   8.5104602240795160     
         835   8.4938228230777248     
         836   8.4938228230777248     
         837   8.4938228230777248     
         838   8.4925162443831628     
         839   8.5339714595656329     
         840   8.5141695121917635     
         841   8.5408177433232773     
         842   8.4971861443525931     
         843   8.5107646372789958     
         844   8.5214467081879732     
         845   8.5214467081879732     
         846   8.5214467081879732     
         847   8.5214467081879732     
         848   8.5198463237194861     
         849   8.5164345109621955     
         850   8.5271389548845740     
         851   8.5095968144905001     
         852   8.5333454474472674     
         853   8.5256335059283757     
         854   8.5256335059283757     
         855   8.5256335059283757     
         856   8.5202980648338329     
         857   8.5202980648338329     
         858   8.5043155791183871     
         859   8.5043155791183871     
         860   8.5045700984831463     
         861   8.5045700984831463     
         862   8.4718623134971978     
         863   8.4885127471132211     
         864   8.4621936268446571     
         865   8.5039751261485090     
         866   8.4612175018596307     
         867   8.4587401368388093     
         868   8.4905631282545091     
         869   8.4905631282545091     
         870   8.5011879587349917     
         871   8.5011879587349917     
         872   8.4787216092028803     
         873   8.4811569410048602     
         874   8.4805250897338578     
         875   8.4876344081492583     
         876   8.4919422348346636     
         877   8.4919422348346636     
         878   8.4919422348346636     
         879   8.5090800939145694     
         880   8.5090800939145694     
         881   8.4899472683468851     
         882   8.4879063321922761     
         883   8.4847722320800827     
         884   8.4744159385799342     
         885   8.4632484448006817     
         886   8.4632484448006817     
         887   8.4913059593766693     
         888   8.4913059593766693     
         889   8.4900914340202061     
         890   8.5044815348665992     
         891   8.5107006922848285     
         892   8.4697362709012420     
         893   8.4593752519673675     
         894   8.4390966101583160     
         895   8.4390966101583160     
         896   8.4511270819036657     
         897   8.4725253620720640     
         898   8.4579833329823160     
         899   8.4987712347421827     
         900   8.4897907931871881     
         901   8.4837401181391918     
         902   8.5178235888660208     
         903   8.5178235888660208     
         904   8.5178235888660208     
         905   8.5178235888660208     
         906   8.5331374802200717     
         907   8.5597377780026136     
         908   8.5409919804867123     
         909   8.4961901354237632     
         910   8.4961901354237632     
         911   8.5313507583998192     
         912   8.5313507583998192     
         913   8.5313507583998192     
         914   8.4806456552063469     
         915   8.5186876758111545     
         916   8.5186876758111545     
         917   8.5186876758111545     
         918   8.4931149567365143     
         919   8.4931149567365143     
         920   8.4931149567365143     
         921   8.4558541122092485     
         922   8.5015511679665732     
         923   8.4912649783655638     
         924   8.4912649783655638     
         925   8.4577137649805056     
         926   8.4763839418856932     
         927   8.4763839418856932     
         928   8.4763839418856932     
         929   8.5040019300774432     
         930   8.4781390216135346     
         931   8.5344568512019148     
         932   8.4942922405053540     
         933   8.4942922405053540     
         934   8.4986315607274943     
         935   8.4986315607274943     
         936   8.5177699046714075     
         937   8.5289955040441825     
         938   8.5342749919510243     
         939   8.5342749919510243     
         940   8.5342749919510243     
         941   8.5342749919510243     
         942   8.5468212619053556     
         943   8.5022997303288914     
         944   8.4953064298273659     
         945   8.5238759469137406     
         946   8.5238759469137406     
         947   8.4901600070439063     
         948   8.4901600070439063     
         949   8.4766166652654373     
         950   8.4766166652654373     
         951   8.4831030447129816     
         952   8.4722252579738928     
         953   8.4789293067945870     
         954   8.4968244355288078     
         955   8.5193675387626637     
         956   8.5193675387626637     
         957   8.5244320227307995     
         958   8.5200059050167969     
         959   8.5200059050167969     
         960   8.4880879635108748     
         961   8.4880879635108748     
         962   8.5245437362038636     
         963   8.5208622210745535     
         964   8.5241914219546473     
         965   8.5241914219546473     
         966   8.5241914219546473     
         967   8.5217444850541320     
         968   8.5217444850541320     
         969   8.5217444850541320     
         970   8.5217444850541320     
         971   8.4882656285639833     
         972   8.4882656285639833     
         973   8.4882656285639833     
         974   8.4786695840859387     
         975   8.4786695840859387     
         976   8.4898478541219546     
         977   8.4898478541219546     
         978   8.4721261661189189     
         979   8.4721261661189189     
         980   8.4721261661189189     
         981   8.4780595172945521     
         982   8.4585724346066034     
         983   8.4585724346066034     
         984   8.4891122004261224     
         985   8.4554975908082017     
         986   8.4518098605712559     
         987   8.4869572446408696     
         988   8.4869572446408696     
         989   8.4587303039256394     
         990   8.4587303039256394     
         991   8.4587303039256394     
         992   8.4871944630816589     
         993   8.5132461963803490     
         994   8.5132461963803490     
         995   8.4862501361389295     
         996   8.4727362726607289     
         997   8.5011081207407386     
         998   8.5178451021542987     
         999   8.4803909590409088     
        1000   8.4727639725414736     
        1001   8.5038934312236432     
        1002   8.5038934312236432     
        1003   8.5136023668445322     
        1004   8.4987925071016441     
        1005   8.4879305470488582     
        1006   8.4808923991210179     
        1007   8.4747497174723936     
        1008   8.4657447902137282     
        1009   8.4840675986771537     
        1010   8.4717631565586249     
        1011   8.4958277129089943     
        1012   8.4958277129089943     
        1013   8.4919759303992084     
        1014   8.4780362208163886     
        1015   8.4780362208163886     
        1016   8.4789117289368150     
        1017   8.4785282005777560     
        1018   8.4865207797280426     
        1019   8.4932928378014072     
        1020   8.4815493553206593     
        1021   8.4687306698740485     
        1022   8.4928149294056343     
        1023   8.5263657784636493     
        1024   8.5139834912150558     
        1025   8.5139834912150558     
        1026   8.5139834912150558     
        1027   8.4930514144646576     
        1028   8.4930514144646576     
        1029   8.4930514144646576     
        1030   8.5025730518516358     
        1031   8.4888556679174805     
        1032   8.5033443152924715     
        1033   8.4800881472773764     
        1034   8.4520110287411150     
        1035   8.4679701563107166     
        1036   8.4469373880508858     
        1037   8.4469373880508858     
        1038   8.4654086309421661     
        1039   8.4936193937457585     
        1040   8.4984954955276226     
        1041   8.5003649662957965     
        1042   8.5063636501855839     
        1043   8.5039235775883366     
        1044   8.4644221130324695     
        1045   8.5067088898855445     
        1046   8.5067088898855445     
        1047   8.4715426792522166     
        1048   8.5019461974580057     
        1049   8.5160225559785196     
        1050   8.5408127765080604     
        1051   8.5593887670897786     
        1052   8.5593887670897786     
        1053   8.5240826365862077     
        1054   8.5177702948429310     
        1055   8.5118622428729527     
        1056   8.5300131479286208     
        1057   8.5300131479286208     
        1058   8.4990156111156256     
        1059   8.4990156111156256     
        1060   8.5009034997271371     
        1061   8.4964906006751519     
        1062   8.4964906006751519     
        1063   8.4964906006751519     
        1064   8.4964906006751519     
        1065   8.4964906006751519     
        1066   8.4835501506256037     
        1067   8.4771435366669685     
        1068   8.5059178253500978     
        1069   8.5223336049998597     
        1070   8.5223336049998597     
        1071   8.5017006306935166     
        1072   8.5113094580094479     
        1073   8.5113094580094479     
        1074   8.5113094580094479     
        1075   8.4906204339492124     
        1076   8.4906204339492124     
        1077   8.4839755491043825     
        1078   8.4945639612698596     
        1079   8.4945639612698596     
        1080   8.4945639612698596     
        1081   8.4945639612698596     
        1082   8.4945639612698596     
        1083   8.4599079388896676     
        1084   8.4624664086856907     
        1085   8.4624664086856907     
        1086   8.5205326048920718     
        1087   8.5283641178402885     
        1088   8.5283641178402885     
        1089   8.4720071128293597     
        1090   8.4720071128293597     
        1091   8.4720071128293597     
        1092   8.4860524679231197     
        1093   8.4987346285253604     
        1094   8.4830336666696446     
        1095   8.5334920487471901     
        1096   8.5098753619925915     
        1097   8.4748296450369338     
        1098   8.4888552876351593     
        1099   8.5274679169426619     
        1100   8.5274679169426619     
        1101   8.4908870552829150     
        1102   8.4908870552829150     
        1103   8.5365076650629010     
        1104   8.4958080456492802     
        1105   8.4958080456492802     
        1106   8.5241007954039585     
        1107   8.5241007954039585     
        1108   8.5420952401631141     
        1109   8.5124044281414850     
        1110   8.5124044281414850     
        1111   8.4799185679783164     
        1112   8.5160637779397490     
        1113   8.5375785787992182     
        1114   8.5375785787992182     
        1115   8.5375785787992182     
        1116   8.5375785787992182     
        1117   8.5375785787992182     
        1118   8.5375785787992182     
        1119   8.4939698247688558     
        1120   8.5027306516578474     
        1121   8.5027306516578474     
        1122   8.4990042201177296     
        1123   8.4767648156339401     
        1124   8.4767648156339401     
        1125   8.5098006375441972     
        1126   8.4766850119613064     
        1127   8.4766850119613064     
        1128   8.5045769438682086     
        1129   8.4932575619917152     
        1130   8.5056444234413462     
        1131   8.4961630845808038     
        1132   8.5105605099464388     
        1133   8.4984418029942344     
        1134   8.4754647838921446     
        1135   8.4754647838921446     
        1136   8.4457315386126925     
        1137   8.4877488559364735     
        1138   8.4877488559364735     
        1139   8.4877488559364735     
        1140   8.5181710916023103     
        1141   8.5181710916023103     
        1142   8.4734417288198518     
        1143   8.4866120428654153     
        1144   8.5223060723903998     
        1145   8.5223060723903998     
        1146   8.5085883454612148     
        1147   8.5085883454612148     
        1148   8.5030386713775137     
        1149   8.4601559738516112     
        1150   8.4601559738516112     
        1151   8.5023654478353681     
        1152   8.4758615285023318     
        1153   8.4758615285023318     
        1154   8.4926267767869472     
        1155   8.4699556179375701     
        1156   8.4689573637557167     
        1157   8.4799004793140931     
        1158   8.4799004793140931     
        1159   8.4649632678816662     
        1160   8.5066858051681749     
        1161   8.5066858051681749     
        1162   8.5368944936128592     
        1163   8.5000355695934662     
        1164   8.5091787377339596     
        1165   8.4888347506978370     
        1166   8.4874410095857851     
        1167   8.4874410095857851     
        1168   8.4874410095857851     
        1169   8.4695253126094272     
        1170   8.4695253126094272     
        1171   8.4612889275284395     
        1172   8.5014825077519909     
        1173   8.4933318613433855     
        1174   8.4933318613433855     
        1175   8.5033565086531446     
        1176   8.5033565086531446     
        1177   8.4882596532175487     
        1178   8.4706742071812329     
        1179   8.4699469965093872     
        1180   8.4699469965093872     
        1181   8.4786999896797841     
        1182   8.4786999896797841     
        1183   8.4786999896797841     
        1184   8.4941938033348183     
        1185   8.4941938033348183     
        1186   8.5151290034066598     
        1187   8.5151290034066598     
        1188   8.5151290034066598     
        1189   8.5101119408866985     
        1190   8.5290415433026059     
        1191   8.4741294219597965     
        1192   8.4838009192776394     
        1193   8.4585100659761636     
        1194   8.4585100659761636     
        1195   8.4575770711839642     
        1196   8.4773197696831328     
        1197   8.5084851310787855     
        1198   8.5104631513923135     
        1199   8.5260202178786706     
        1200   8.4908248519445468     
        1201   8.5146064327008464     
        1202   8.4723477907741707     
        1203   8.4764748475955880     
        1204   8.5337097238053445     
        1205   8.4971675947319909     
        1206   8.4790856095746001     
        1207   8.4790856095746001     
        1208   8.4630218624755766     
        1209   8.4630218624755766     
        1210   8.4630218624755766     
        1211   8.4630218624755766     
        1212   8.4630218624755766     
        1213   8.4446462887344360     
        1214   8.4718975360465496     
        1215   8.4718975360465496     
        1216   8.4995405489049727     
        1217   8.5147258829268715     
        1218   8.5028003142681072     
        1219   8.5028003142681072     
        1220   8.5028003142681072     
        1221   8.5028003142681072     
        1222   8.4680350354488141     
        1223   8.4680350354488141     
        1224   8.4801054186965104     
        1225   8.4942188651515540     
        1226   8.4942188651515540     
        1227   8.4942188651515540     
        1228   8.4942188651515540     
        1229   8.4977747978006146     
        1230   8.5159202099170006     
        1231   8.5214433545069319     
        1232   8.5214433545069319     
        1233   8.5214433545069319     
        1234   8.5165467484222663     
        1235   8.5476563661144880     
        1236   8.5504660746026406     
        1237   8.4939983488823945     
        1238   8.4939983488823945     
        1239   8.4890062399081057     
        1240   8.4958659810621810     
        1241   8.4827702398922362     
        1242   8.4855990528654335     
        1243   8.4422578329072948     
        1244   8.4912934338275754     
        1245   8.4701169334105746     
        1246   8.4701169334105746     
        1247   8.4701169334105746     
        1248   8.4885837419323629     
        1249   8.4653448988857534     
        1250   8.4743192601587225     
        1251   8.4743192601587225     
        1252   8.5074959941093553     
        1253   8.5010450063968470     
        1254   8.5035509331215025     
        1255   8.4875633162554678     
        1256   8.4875633162554678     
        1257   8.4930939651714024     
        1258   8.5290662701557807     
        1259   8.4930806708416178     
        1260   8.4930806708416178     
        1261   8.4930806708416178     
        1262   8.4698511292602223     
        1263   8.5108666016948664     
        1264   8.5091892763597379     
        1265   8.5091892763597379     
        1266   8.4793008890417028     
        1267   8.4793008890417028     
        1268   8.4891325653989416     
        1269   8.4976640964252859     
        1270   8.5092085607066483     
        1271   8.5147184126333375     
        1272   8.5139576721668124     
        1273   8.5139576721668124     
        1274   8.4919668548120715     
        1275   8.4919668548120715     
        1276   8.5009527757314185     
        1277   8.5009527757314185     
        1278   8.4963195900186026     
        1279   8.5039383381933167     
        1280   8.5039383381933167     
        1281   8.5164155660460370     
        1282   8.5164155660460370     
        1283   8.5367267842911758     
        1284   8.5255739139133908     
        1285   8.5143816630703615     
        1286   8.5108180956703112     
        1287   8.5108180956703112     
        1288   8.5102674573618291     
        1289   8.5102674573618291     
        1290   8.5102674573618291     
        1291   8.5262800948784108     
        1292   8.5339069618628844     
        1293   8.5379833826809062     
        1294   8.5269167935177386     
        1295   8.5401082086760809     
        1296   8.5435003087459407     
        1297   8.5374941737810719     
        1298   8.5570253660580704     
        1299   8.5431001868248444     
        1300   8.5330741182177441     
        1301   8.5575131921489263     
        1302   8.5728789375457382     
        1303   8.5728789375457382     
        1304   8.5727738071593027     
        1305   8.5727738071593027     
        1306   8.5338155684403461     
        1307   8.5338155684403461     
        1308   8.5338155684403461     
        1309   8.5338155684403461     
        1310   8.5259954654051064     
        1311   8.5070329036573273     
        1312   8.5070329036573273     
        1313   8.4936585937796600     
        1314   8.5093619530144249     
        1315   8.5093619530144249     
        1316   8.5073420056223501     
        1317   8.5072995490615178     
        1318   8.5072995490615178     
        1319   8.5197767808017808     
        1320   8.5197767808017808     
        1321   8.5097510881127914     
        1322   8.5097510881127914     
        1323   8.5097510881127914     
        1324   8.4853920561034020     
        1325   8.5193315262434570     
        1326   8.5134530497564533     
        1327   8.5228349306860132     
        1328   8.5228349306860132     
        1329   8.5048717011353201     
        1330   8.5093943280410365     
        1331   8.5374350207676457     
        1332   8.5374350207676457     
        1333   8.5374350207676457     
        1334   8.5374350207676457     
        1335   8.5374350207676457     
        1336   8.5374350207676457     
        1337   8.5374350207676457     
        1338   8.5374350207676457     
        1339   8.5103567971857679     
        1340   8.5362068670137194     
        1341   8.5252372281857323     
        1342   8.5252372281857323     
        1343   8.5396098364715485     
        1344   8.5396098364715485     
        1345   8.5396098364715485     
        1346   8.5396098364715485     
        1347   8.5300559878817062     
        1348   8.5319192280051421     
        1349   8.5374616997026198     
        1350   8.5116551112761218     
        1351   8.4963377258544472     
        1352   8.5111029072241848     
        1353   8.4784289539905640     
        1354   8.5340912970972109     
        1355   8.5340912970972109     
        1356   8.5089731392766126     
        1357   8.5089731392766126     
        1358   8.5085710476232421     
        1359   8.5006577559281755     
        1360   8.5006577559281755     
        1361   8.5402032398231960     
        1362   8.5097610167401907     
        1363   8.5097610167401907     
        1364   8.5011933570568434     
        1365   8.5011933570568434     
        1366   8.4779022842794181     
        1367   8.4731047521934872     
        1368   8.4731047521934872     
        1369   8.4731047521934872     
        1370   8.5053593221527439     
        1371   8.5053593221527439     
        1372   8.4956969623418956     
        1373   8.4734743249626234     
        1374   8.4734743249626234     
        1375   8.5046754247620608     
        1376   8.5018618056463122     
        1377   8.5018618056463122     
        1378   8.5206812302877761     
        1379   8.5198662714201525     
        1380   8.5104811398690874     
        1381   8.5167867320530082     
        1382   8.5303098600926344     
        1383   8.4984086077289778     
        1384   8.4984086077289778     
        1385   8.4984086077289778     
        1386   8.4984086077289778     
        1387   8.4630252068645042     
        1388   8.5076231633434514     
        1389   8.4802733964227244     
        1390   8.4969312417029421     
        1391   8.5268921049434141     
        1392   8.5238181257245209     
        1393   8.4949522538604025     
        1394   8.4699001935087779     
        1395   8.4715228419973840     
        1396   8.4712771863552252     
        1397   8.4712771863552252     
        1398   8.5048305608179451     
        1399   8.4810346553607090     
        1400   8.4741271841735415     
        1401   8.4741271841735415     
        1402   8.4741271841735415     
        1403   8.5029646674875892     
        1404   8.5029646674875892     
        1405   8.5029646674875892     
        1406   8.5029646674875892     
        1407   8.5029646674875892     
        1408   8.4725759620739822     
        1409   8.4733181560951323     
        1410   8.4471332363600524     
        1411   8.4471332363600524     
        1412   8.4755056256133212     
        1413   8.4820014314944832     
        1414   8.4820014314944832     
        1415   8.4820014314944832     
        1416   8.4820014314944832     
        1417   8.4613105326112272     
        1418   8.4787663048044948     
        1419   8.4787663048044948     
        1420   8.4575196999374853     
        1421   8.4575196999374853     
        1422   8.4879304273430538     
        1423   8.4565547645633981     
        1424   8.4311167603952644     
        1425   8.4311167603952644     
        1426   8.4366745165788970     
        1427   8.4431670938274159     
        1428   8.4589559027414065     
        1429   8.4589559027414065     
        1430   8.4589559027414065     
        1431   8.4690867518932276     
        1432   8.4783447970503563     
        1433   8.4783447970503563     
        1434   8.4646041369284664     
        1435   8.4646041369284664     
        1436   8.4565541092566736     
        1437   8.4565541092566736     
        1438   8.4565541092566736     
        1439   8.4623439499996831     
        1440   8.4618924633348449     
        1441   8.4524209962397645     
        1442   8.4950253102242428     
        1443   8.4634503038341560     
        1444   8.4424728041707251     
        1445   8.4820602171013419     
        1446   8.4820602171013419     
        1447   8.4458246930439227     
        1448   8.4646556767838774     
        1449   8.4739620170021119     
        1450   8.4724105428536109     
        1451   8.5180990946199131     
        1452   8.5180990946199131     
        1453   8.5320460147074098     
        1454   8.5335316591450656     
        1455   8.4976298164269082     
        1456   8.4899800373514474     
        1457   8.4624631722231776     
        1458   8.4624631722231776     
        1459   8.4534014920284317     
        1460   8.4534014920284317     
        1461   8.4534014920284317     
        1462   8.4387699202909179     
        1463   8.4893555996306471     
        1464   8.4669154483758380     
        1465   8.4669154483758380     
        1466   8.4684336000955476     
        1467   8.4828661100267695     
        1468   8.4690125924534279     
        1469   8.4428113003774481     
        1470   8.4708833750990973     
        1471   8.4848789404542213     
        1472   8.4771616167309833     
        1473   8.4748856199937421     
        1474   8.4856593435753123     
        1475   8.4747233006067422     
        1476   8.5172303302695944     
        1477   8.5398006236842239     
        1478   8.4737867958146005     
        1479   8.4499274103981143     
        1480   8.4527555788912974     
        1481   8.4974525193997703     
        1482   8.4974525193997703     
        1483   8.5024415438678584     
        1484   8.4660797134178427     
        1485   8.4812832190964027     
        1486   8.4812832190964027     
        1487   8.4892041725826086     
        1488   8.4892041725826086     
        1489   8.4691253458307649     
        1490   8.4768159714865714     
        1491   8.4763881335941598     
        1492   8.4572942420881283     
        1493   8.4961249176478528     
        1494   8.4965187467910805     
        1495   8.4965187467910805     
        1496   8.4965187467910805     
        1497   8.4965187467910805     
        1498   8.5214545974871250     
        1499   8.5214545974871250     
        1500   8.5078028568168982     
        1501   8.5078028568168982     
        1502   8.5078028568168982     
        1503   8.4913202705818911     
        1504   8.4913202705818911     
        1505   8.4917779794191777     
        1506   8.4917779794191777     
        1507   8.4708454970492344     
        1508   8.4708454970492344     
        1509   8.4708454970492344     
        1510   8.4622167962057127     
        1511   8.5027941470328141     
        1512   8.4744863972605895     
        1513   8.4744863972605895     
        1514   8.4690565894556240     
        1515   8.4622253569864139     
        1516   8.5133181210780506     
        1517   8.5101424070667413     
        1518   8.4897597126609501     
        1519   8.5157914898665972     
        1520   8.5157914898665972     
        1521   8.4963616828538981     
        1522   8.5097750544950568     
        1523   8.4554112977951839     
        1524   8.5251733887628678     
        1525   8.4848986999171867     
        1526   8.4848986999171867     
        1527   8.5044920041564342     
        1528   8.4618293250971082     
        1529   8.4333797008045739     
        1530   8.4364673328427724     
        1531   8.4380458116376786     
        1532   8.4330847916384393     
        1533   8.4767473803697495     
        1534   8.4767473803697495     
        1535   8.4785262362873883     
        1536   8.4716173341841916     
        1537   8.4932844791499527     
        1538   8.4932844791499527     
        1539   8.4855545246470214     
        1540   8.5002942311606482     
        1541   8.4933986385989186     
        1542   8.4994617212102010     
        1543   8.4994617212102010     
        1544   8.5112220281590734     
        1545   8.5027164410654965     
        1546   8.5039629233746972     
        1547   8.5039629233746972     
        1548   8.5029656806712666     
        1549   8.5259548876984574     
        1550   8.5259548876984574     
        1551   8.4951800927541878     
        1552   8.4976241447165179     
        1553   8.5172866650575045     
        1554   8.4897093781671469     
        1555   8.4897093781671469     
        1556   8.5077741736293842     
        1557   8.4766567652113203     
        1558   8.4952837028787886     
        1559   8.4842975378815151     
        1560   8.4601352405690324     
        1561   8.4710249827901851     
        1562   8.4286568013424912     
        1563   8.5079151315400487     
        1564   8.4859443758778497     
        1565   8.4849084529735865     
        1566   8.4399228186551927     
        1567   8.4399228186551927     
        1568   8.4399228186551927     
        1569   8.4568387341143403     
        1570   8.4637014366384644     
        1571   8.4637014366384644     
        1572   8.4753222955035419     
        1573   8.4753222955035419     
        1574   8.4753222955035419     
        1575   8.4753222955035419     
        1576   8.4589182694941574     
        1577   8.4545429997157679     
        1578   8.4783054325810667     
        1579   8.4634305833735688     
        1580   8.4634305833735688     
        1581   8.4308997436224491     
        1582   8.4308997436224491     
        1583   8.4585264010477790     
        1584   8.4585264010477790     
        1585   8.4455672891165694     
        1586   8.4342460961066568     
        1587   8.4468795079968704     
        1588   8.4468795079968704     
        1589   8.4858919546992873     
        1590   8.5389653751901466     
        1591   8.5088980037039157     
        1592   8.5088980037039157     
        1593   8.5049865349878040     
        1594   8.5049865349878040     
        1595   8.5050409994258267     
        1596   8.4633303391405619     
        1597   8.4633303391405619     
        1598   8.4711943790847002     
        1599   8.4804206603674643     
        1600   8.4896471712656201     
        1601   8.4896471712656201     
        1602   8.4879301413006143     
        1603   8.5047464738430403     
        1604   8.5047464738430403     
        1605   8.5427497981348317     
        1606   8.5427497981348317     
        1607   8.4926091091409361     
        1608   8.4926091091409361     
        1609   8.5073767060512022     
        1610   8.4540709196046695     
        1611   8.4540709196046695     
        1612   8.4841735121619735     
        1613   8.4742062143664807     
        1614   8.4407651711312557     
        1615   8.4739027994921674     
        1616   8.4493503852664933     
        1617   8.4627858196307759     
        1618   8.4360319278564528     
        1619   8.4360319278564528     
        1620   8.4448576524517680     
        1621   8.4448576524517680     
        1622   8.4516377027673375     
        1623   8.4516377027673375     
        1624   8.4751202394288185     
        1625   8.4863419525084929     
        1626   8.4410874512669505     
        1627   8.4694994517391979     
        1628   8.4534697525286511     
        1629   8.4244487135508805     
        1630   8.4809540294327395     
        1631   8.4971072224273989     
        1632   8.4971072224273989     
        1633   8.4616922772261329     
        1634   8.4771911000612477     
        1635   8.4807889867608637     
        1636   8.4999711338426920     
        1637   8.5018080437574071     
        1638   8.5018080437574071     
        1639   8.4837746264262144     
        1640   8.4837746264262144     
        1641   8.4881213963698361     
        1642   8.4626858093648032     
        1643   8.4675278238463960     
        1644   8.4732093776417567     
        1645   8.4920689365458628     
        1646   8.4647794618714425     
        1647   8.4647794618714425     
        1648   8.4647794618714425     
        1649   8.4647794618714425     
        1650   8.5082784182938660     
        1651   8.4907948685652048     
        1652   8.4907948685652048     
        1653   8.4907948685652048     
        1654   8.4907948685652048     
        1655   8.4907948685652048     
        1656   8.4907948685652048     
        1657   8.4907948685652048     
        1658   8.4891937289594637     
        1659   8.4906336745223161     
        1660   8.4835874074917221     
        1661   8.5074993287923935     
        1662   8.5113725970064440     
        1663   8.5113725970064440     
        1664   8.5113725970064440     
        1665   8.4966756993378691     
        1666   8.4966756993378691     
        1667   8.4852424147446328     
        1668   8.4852424147446328     
        1669   8.4852424147446328     
        1670   8.4949699514961132     
        1671   8.4846645996634429     
        1672   8.4653863913299645     
        1673   8.4653863913299645     
        1674   8.4833719322337142     
        1675   8.4739884447989269     
        1676   8.4622648063556341     
        1677   8.4734885275972545     
        1678   8.4789147552027426     
        1679   8.4619077079050573     
        1680   8.4579036405452381     
        1681   8.4579036405452381     
        1682   8.4747970483380666     
        1683   8.4747970483380666     
        1684   8.4511161483965598     
        1685   8.4721956688975322     
        1686   8.5010113608528091     
        1687   8.5010113608528091     
        1688   8.5186160334356966     
        1689   8.4991462038091807     
        1690   8.5220009485075270     
        1691   8.5274480958945844     
        1692   8.5083443900247744     
        1693   8.5201556696925369     
        1694   8.4950917642726438     
        1695   8.4923624873460231     
        1696   8.4923624873460231     
        1697   8.5157659203663805     
        1698   8.5299009705158380     
        1699   8.5299009705158380     
        1700   8.5299009705158380     
        1701   8.5088644610807069     
        1702   8.4758486838265803     
        1703   8.4758486838265803     
        1704   8.4871537561744930     
        1705   8.4876682642612753     
        1706   8.5139511200728535     
        1707   8.5139511200728535     
        1708   8.5130835160686544     
        1709   8.5212841230865113     
        1710   8.4997406604796488     
        1711   8.4658882315649464     
        1712   8.4658882315649464     
        1713   8.5054571668273713     
        1714   8.5295646120572748     
        1715   8.5107664139780645     
        1716   8.4785706631414008     
        1717   8.4866771822854083     
        1718   8.4915719920035748     
        1719   8.4915719920035748     
        1720   8.5035606128739509     
        1721   8.5035606128739509     
        1722   8.4951661054025340     
        1723   8.4951661054025340     
        1724   8.4951661054025340     
        1725   8.4615301223140644     
        1726   8.4615301223140644     
        1727   8.4615301223140644     
        1728   8.4998250874402785     
        1729   8.4998250874402785     
        1730   8.4844297234396997     
        1731   8.4844297234396997     
        1732   8.5144310041390057     
        1733   8.5179889551246930     
        1734   8.4856200484653197     
        1735   8.4856200484653197     
        1736   8.4856200484653197     
        1737   8.4856200484653197     
        1738   8.4856200484653197     
        1739   8.5000385724149794     
        1740   8.5237021055932694     
        1741   8.5080704960918414     
        1742   8.5080704960918414     
        1743   8.4857137218114467     
        1744   8.4857137218114467     
        1745   8.4862377979477657     
        1746   8.4862377979477657     
        1747   8.5512575632924168     
        1748   8.5440509524407755     
        1749   8.5018495668031253     
        1750   8.5018495668031253     
        1751   8.5051019610565426     
        1752   8.4704584556210705     
        1753   8.5080435750718610     
        1754   8.5080435750718610     
        1755   8.4625687124320752     
        1756   8.5094957197500722     
        1757   8.5095228454672736     
        1758   8.5158687931075363     
        1759   8.5103383533771488     
        1760   8.4733986704108251     
        1761   8.4733986704108251     
        1762   8.4864587731452410     
        1763   8.4864587731452410     
        1764   8.4686508363373267     
        1765   8.4686508363373267     
        1766   8.4686508363373267     
        1767   8.4959776902595401     
        1768   8.4665794432530141     
        1769   8.5211439133216267     
        1770   8.5211439133216267     
        1771   8.5169593905593075     
        1772   8.5333999533292957     
        1773   8.5466853735840225     
        1774   8.5243573153509153     
        1775   8.5243573153509153     
        1776   8.5243573153509153     
        1777   8.5243573153509153     
        1778   8.4621414766489558     
        1779   8.4795733515722471     
        1780   8.5193438944454360     
        1781   8.4803499620149481     
        1782   8.5145399102451158     
        1783   8.5145399102451158     
        1784   8.5268176483288158     
        1785   8.4932170466936121     
        1786   8.4932170466936121     
        1787   8.5317612231939037     
        1788   8.5317612231939037     
        1789   8.5239338383685634     
        1790   8.4540912103119048     
        1791   8.4942461415037194     
        1792   8.4898617968525567     
        1793   8.4824211490068517     
        1794   8.4995101635084040     
        1795   8.5200951906433016     
        1796   8.5239578282129944     
        1797   8.5239578282129944     
        1798   8.4948831028707374     
        1799   8.4978659958300344     
        1800   8.5331894800249763     
        1801   8.5248169410725634     
        1802   8.5277806636113489     
        1803   8.5235687426675906     
        1804   8.5235687426675906     
        1805   8.4818970460045051     
        1806   8.5375177343463413     
        1807   8.5375177343463413     
        1808   8.4939293057146976     
        1809   8.4981816253462146     
        1810   8.4981816253462146     
        1811   8.4981816253462146     
        1812   8.4981816253462146     
        1813   8.4981816253462146     
        1814   8.5359413271335338     
        1815   8.5359413271335338     
        1816   8.5337537620817887     
        1817   8.5337537620817887     
        1818   8.5045145736579819     
        1819   8.4940427156225891     
        1820   8.4615146993509729     
        1821   8.4964484172649275     
        1822   8.4936434973813508     
        1823   8.5078574090190280     
        1824   8.4912600313059343     
        1825   8.4912600313059343     
        1826   8.4958693890161374     
        1827   8.4958693890161374     
        1828   8.4958693890161374     
        1829   8.5460110916191496     
        1830   8.5566313721685496     
        1831   8.5566313721685496     
        1832   8.5061965361719398     
        1833   8.5098334029111165     
        1834   8.4866848681679929     
        1835   8.4866848681679929     
        1836   8.4899991178727952     
        1837   8.4899991178727952     
        1838   8.4977289977106878     
        1839   8.4977289977106878     
        1840   8.4679154271142600     
        1841   8.4679154271142600     
        1842   8.5047457330095959     
        1843   8.5047457330095959     
        1844   8.4827720254115349     
        1845   8.5046662280555410     
        1846   8.5091804879113937     
        1847   8.5091804879113937     
        1848   8.4806042899370961     
        1849   8.4946130547026577     
        1850   8.5163580289058096     
        1851   8.5163580289058096     
        1852   8.4835021201438785     
        1853   8.4835021201438785     
        1854   8.4835021201438785     
        1855   8.4911550518144612     
        1856   8.4911550518144612     
        1857   8.5281353196672125     
        1858   8.5298467125152957     
        1859   8.5039816401832340     
        1860   8.4732889204922266     
        1861   8.4856531124096186     
        1862   8.5069198263811039     
        1863   8.4790977774477287     
        1864   8.4808597948194979     
        1865   8.5082240545923202     
        1866   8.4755592193294191     
        1867   8.4654108501194756     
        1868   8.4771383354287249     
        1869   8.4728843169537793     
        1870   8.4728843169537793     
        1871   8.4728843169537793     
        1872   8.4998256659734022     
        1873   8.4914134914125796     
        1874   8.5077963524984028     
        1875   8.5077963524984028     
        1876   8.5058042266833169     
        1877   8.5114110938640568     
        1878   8.5114110938640568     
        1879   8.5334546456485842     
        1880   8.5334546456485842     
        1881   8.5131595243088736     
        1882   8.4857781003847741     
        1883   8.5013759389841734     
        1884   8.5013759389841734     
        1885   8.4674155508502995     
        1886   8.4674155508502995     
        1887   8.4674155508502995     
        1888   8.4743238464844612     
        1889   8.5051091578798417     
        1890   8.5231952613919084     
        1891   8.5231952613919084     
        1892   8.5230424968282978     
        1893   8.5232632835496656     
        1894   8.5148891943584957     
        1895   8.5148891943584957     
        1896   8.4808110105054659     
        1897   8.4848190697103583     
        1898   8.4848190697103583     
        1899   8.4832647166731601     
        1900   8.5123664120412350     
        1901   8.4743213298791478     
        1902   8.4808172455960502     
        1903   8.4615492895280617     
        1904   8.4644283026299512     
        1905   8.4522616981826868     
        1906   8.4784417923140811     
        1907   8.4784417923140811     
        1908   8.4784417923140811     
        1909   8.4784417923140811     
        1910   8.5197443031481761     
        1911   8.5197443031481761     
        1912   8.4599508220108159     
        1913   8.4834541972175348     
        1914   8.4958713809036723     
        1915   8.5047736644438956     
        1916   8.5047736644438956     
        1917   8.4662286607744477     
        1918   8.4659261969747721     
        1919   8.5020182273001907     
        1920   8.4985252119162542     
        1921   8.4985252119162542     
        1922   8.4985252119162542     
        1923   8.4942458449281322     
        1924   8.4942458449281322     
        1925   8.4942458449281322     
        1926   8.4557873413132150     
        1927   8.4785762537541807     
        1928   8.4785762537541807     
        1929   8.4586995096481861     
        1930   8.4586995096481861     
        1931   8.4804175742529626     
        1932   8.4796729540816109     
        1933   8.4475756168126370     
        1934   8.4411321641259800     
        1935   8.4341913425017712     
        1936   8.4721478877647307     
        1937   8.4284051030180418     
        1938   8.4495360569287303     
        1939   8.4495360569287303     
        1940   8.4388432411160945     
        1941   8.4094393127093365     
        1942   8.4119786145421660     
        1943   8.4119786145421660     
        1944   8.4119786145421660     
        1945   8.4119786145421660     
        1946   8.4512151687484156     
        1947   8.4975972075173285     
        1948   8.4843964592763363     
        1949   8.4757226273738588     
        1950   8.4760341419718372     
        1951   8.4401302459798853     
        1952   8.4401302459798853     
        1953   8.4854914760700275     
        1954   8.4854914760700275     
        1955   8.5066052924666931     
        1956   8.5066052924666931     
        1957   8.5383214443999087     
        1958   8.5102233734997217     
        1959   8.4841187210057694     
        1960   8.4841187210057694     
        1961   8.4841187210057694     
        1962   8.4859140341968295     
        1963   8.5129022340071234     
        1964   8.5129022340071234     
        1965   8.4774164397350802     
        1966   8.4724999269633301     
        1967   8.4568918867688332     
        1968   8.4815623769729935     
        1969   8.5058330681400101     
        1970   8.5058330681400101     
        1971   8.5058330681400101     
        1972   8.5058330681400101     
        1973   8.4941499618329033     
        1974   8.5053620230584581     
        1975   8.5307069136334732     
        1976   8.5307069136334732     
        1977   8.5349978875937751     
        1978   8.5165361066079956     
        1979   8.5165361066079956     
        1980   8.5241458803641130     
        1981   8.5241458803641130     
        1982   8.5164479305672707     
        1983   8.5135487690924112     
        1984   8.4821868696085740     
        1985   8.4874664323108799     
        1986   8.4874664323108799     
        1987   8.4882582653856158     
        1988   8.4882582653856158     
        1989   8.5153272833239111     
        1990   8.5163153621897489     
        1991   8.5163153621897489     
        1992   8.4769512807206393     
        1993   8.5091322467432065     
        1994   8.4883825104220065     
        1995   8.5215585624026406     
        1996   8.4843384521471741     
        1997   8.4948030342139891     
        1998   8.5033049208470803     
        1999   8.5033049208470803     
        2000   8.5244521733671856     
