 SAMPLE,  BOXLENGTH
           1   10.148890039062257     
           2   10.148890039062257     
           3   10.196024299417230     
           4   10.174380495903080     
           5   10.168573106575055     
           6   10.168573106575055     
           7   10.168573106575055     
           8   10.168573106575055     
           9   10.154000830478644     
          10   10.171869896499299     
          11   10.171869896499299     
          12   10.113644195090485     
          13   10.088222450232767     
          14   10.078696546303037     
          15   10.079974809854473     
          16   10.079974809854473     
          17   10.068680170443271     
          18   10.068680170443271     
          19   10.109896867280725     
          20   10.109896867280725     
          21   10.078877126656581     
          22   10.048215701481466     
          23   10.050488895730931     
          24   9.9723960024154312     
          25   9.9592884221428513     
          26   9.9694383703005585     
          27   10.028026819374043     
          28   10.028026819374043     
          29   9.9932043209341312     
          30   9.9773040310060672     
          31   10.033120960635500     
          32   10.033120960635500     
          33   10.048111504692127     
          34   10.113149359573738     
          35   10.098399792284255     
          36   10.172942663211710     
          37   10.114251056517437     
          38   10.194933936371561     
          39   10.194933936371561     
          40   10.206514182210270     
          41   10.204908363493717     
          42   10.265175113290681     
          43   10.278521184628037     
          44   10.221679630604566     
          45   10.221679630604566     
          46   10.228637488905481     
          47   10.213404945338121     
          48   10.223976315503309     
          49   10.223976315503309     
          50   10.259987813048069     
          51   10.184854975913433     
          52   10.184854975913433     
          53   10.213612898670082     
          54   10.213612898670082     
          55   10.200975262834094     
          56   10.180990204687824     
          57   10.180990204687824     
          58   10.210048865776923     
          59   10.179486867106315     
          60   10.179486867106315     
          61   10.179486867106315     
          62   10.246271425932848     
          63   10.166807235755316     
          64   10.195907186164565     
          65   10.105928280625960     
          66   10.105928280625960     
          67   10.105928280625960     
          68   10.112649720923848     
          69   10.112649720923848     
          70   10.095171082728447     
          71   10.104876335980025     
          72   10.091213010557507     
          73   10.091213010557507     
          74   10.033466811120634     
          75   10.033466811120634     
          76   10.033466811120634     
          77   10.010105818202792     
          78   9.9970670496324114     
          79   10.089512919372801     
          80   10.122305046874381     
          81   10.106852463413661     
          82   10.122236424835213     
          83   10.122236424835213     
          84   10.122236424835213     
          85   10.104408277054741     
          86   10.104408277054741     
          87   10.104408277054741     
          88   10.104408277054741     
          89   10.104408277054741     
          90   10.028936587193170     
          91   10.070798060417916     
          92   10.043683281330130     
          93   10.043683281330130     
          94   10.043683281330130     
          95   10.043683281330130     
          96   10.009666850468484     
          97   10.006297829076397     
          98   10.007290275414645     
          99   10.007290275414645     
         100   10.083346387999523     
         101   10.035122372275818     
         102   10.035122372275818     
         103   10.114344634292950     
         104   10.116042609810536     
         105   10.103709269349286     
         106   10.086616680185559     
         107   10.087341956777610     
         108   10.078883464085486     
         109   10.039350347457294     
         110   10.029816344012263     
         111   10.029816344012263     
         112   10.074874582912555     
         113   10.065862244675538     
         114   10.041614996171422     
         115   10.041614996171422     
         116   10.041614996171422     
         117   10.041614996171422     
         118   10.111591857033510     
         119   10.193248130534895     
         120   10.106435781141581     
         121   10.025917116697579     
         122   10.077827468977214     
         123   10.061311141639475     
         124   10.041317744328992     
         125   10.105095262171695     
         126   10.105095262171695     
         127   10.171007536297015     
         128   10.171007536297015     
         129   10.125355849527985     
         130   10.182975162534767     
         131   10.163042840433510     
         132   10.163042840433510     
         133   10.163042840433510     
         134   10.163042840433510     
         135   10.107525927566590     
         136   10.056700407935905     
         137   10.090763426189353     
         138   10.090763426189353     
         139   10.003970294654343     
         140   10.003970294654343     
         141   10.065930229558179     
         142   10.087915326079795     
         143   10.173554369474989     
         144   10.144123392005707     
         145   10.069027091267330     
         146   10.081667079645143     
         147   10.081667079645143     
         148   10.111795179412169     
         149   10.111957632829425     
         150   10.146544222215711     
         151   10.146544222215711     
         152   10.146544222215711     
         153   10.133456627647483     
         154   10.133456627647483     
         155   10.147369811499550     
         156   10.120344840456530     
         157   10.120344840456530     
         158   10.120344840456530     
         159   10.076486579916615     
         160   10.145712162476828     
         161   10.160208434494823     
         162   10.071963952922953     
         163   10.063219356911338     
         164   10.088748216983499     
         165   10.088748216983499     
         166   10.088748216983499     
         167   10.118471033695441     
         168   10.118471033695441     
         169   10.062525457315898     
         170   10.102456401856115     
         171   10.102456401856115     
         172   10.118864425566057     
         173   10.057175368114461     
         174   10.108256046268146     
         175   10.128051878242177     
         176   10.124884138423027     
         177   10.040818136334064     
         178   10.101842358520502     
         179   10.093691351223880     
         180   10.040389962994556     
         181   10.129374669828140     
         182   10.132662251911666     
         183   10.132662251911666     
         184   10.102682146050807     
         185   10.125408988731698     
         186   10.161741065859960     
         187   10.161741065859960     
         188   10.103875149827386     
         189   10.076102415625327     
         190   10.186360980342563     
         191   10.206704230205986     
         192   10.125183855957394     
         193   10.212926440430625     
         194   10.137381009229975     
         195   10.201712578614522     
         196   10.197614185475867     
         197   10.197614185475867     
         198   10.165188280996496     
         199   10.194271668262845     
         200   10.194271668262845     
         201   10.153232183942992     
         202   10.153232183942992     
         203   10.263320608830034     
         204   10.239012340922642     
         205   10.213692328443361     
         206   10.225221520308919     
         207   10.225221520308919     
         208   10.194162543172602     
         209   10.195663487462809     
         210   10.229519790800573     
         211   10.237049722703903     
         212   10.222351500969982     
         213   10.222351500969982     
         214   10.222351500969982     
         215   10.161866329776871     
         216   10.161866329776871     
         217   10.158626952860883     
         218   10.187194512573228     
         219   10.190795132411393     
         220   10.183608954296890     
         221   10.114114362619599     
         222   10.114114362619599     
         223   10.202541010455201     
         224   10.227789392599874     
         225   10.227789392599874     
         226   10.227789392599874     
         227   10.212702080760714     
         228   10.116237509544886     
         229   10.071868714072677     
         230   10.140798484619696     
         231   10.117810345841193     
         232   10.117810345841193     
         233   10.117810345841193     
         234   10.137908654346271     
         235   10.172496335384126     
         236   10.147230520600846     
         237   10.190328190855238     
         238   10.231662487599296     
         239   10.213864092134799     
         240   10.164663034790665     
         241   10.165762385411766     
         242   10.109069369618000     
         243   10.138011973323897     
         244   10.101129090170563     
         245   10.128934611294081     
         246   10.100343521161459     
         247   10.100343521161459     
         248   10.100343521161459     
         249   10.045008085114025     
         250   10.045008085114025     
         251   10.105915386131906     
         252   10.046456968450997     
         253   10.154741466548815     
         254   10.149830002994081     
         255   10.149830002994081     
         256   10.135368000888811     
         257   10.159523693164701     
         258   10.130282727650933     
         259   10.130282727650933     
         260   10.130282727650933     
         261   10.154802636761119     
         262   10.113208411692769     
         263   10.119149978326895     
         264   10.077849170319896     
         265   10.077849170319896     
         266   10.095554435029159     
         267   10.176845250866311     
         268   10.193868230543544     
         269   10.193868230543544     
         270   10.199108771252757     
         271   10.218152323251456     
         272   10.151971726225042     
         273   10.151971726225042     
         274   10.188138155206076     
         275   10.188138155206076     
         276   10.188138155206076     
         277   10.188138155206076     
         278   10.143448313614567     
         279   10.222714519333341     
         280   10.222714519333341     
         281   10.179409410916453     
         282   10.155853883271826     
         283   10.155853883271826     
         284   10.155853883271826     
         285   10.186057286552773     
         286   10.186057286552773     
         287   10.186057286552773     
         288   10.147751724097349     
         289   10.147751724097349     
         290   10.147751724097349     
         291   10.146665200095670     
         292   10.146665200095670     
         293   10.146665200095670     
         294   10.114014371084442     
         295   10.120366448132932     
         296   10.120366448132932     
         297   10.120366448132932     
         298   10.153448326231159     
         299   10.138393896268910     
         300   10.156309832105304     
         301   10.156309832105304     
         302   10.141629794506031     
         303   10.141629794506031     
         304   10.147390360943515     
         305   10.158031494225211     
         306   10.129908820047376     
         307   10.213688733594633     
         308   10.186415353015720     
         309   10.186415353015720     
         310   10.186415353015720     
         311   10.171612017311642     
         312   10.171612017311642     
         313   10.171612017311642     
         314   10.168819231342402     
         315   10.168819231342402     
         316   10.168819231342402     
         317   10.171881067349444     
         318   10.171881067349444     
         319   10.099637447743907     
         320   10.099637447743907     
         321   10.097362891908892     
         322   10.091292758498039     
         323   10.091292758498039     
         324   10.081296979831972     
         325   10.119218860673978     
         326   10.033702743222827     
         327   10.034612254435569     
         328   10.030648317520633     
         329   10.047620914224298     
         330   10.047620914224298     
         331   9.9893718215746787     
         332   9.9893718215746787     
         333   10.031680149217545     
         334   9.9804827504018210     
         335   9.9804827504018210     
         336   9.9781150024045004     
         337   9.9482981883694439     
         338   9.9875601780110657     
         339   10.030748941911588     
         340   10.018828646835974     
         341   10.018828646835974     
         342   10.079118885959058     
         343   10.030014424313851     
         344   10.095208879802811     
         345   10.061616287629144     
         346   10.061616287629144     
         347   10.061616287629144     
         348   10.086173654445984     
         349   10.086173654445984     
         350   10.086173654445984     
         351   10.086173654445984     
         352   10.052822407639962     
         353   10.052822407639962     
         354   10.007724239931468     
         355   9.9868723730414057     
         356   10.005841354202365     
         357   10.080695083791793     
         358   10.168192815900618     
         359   10.086098685753367     
         360   10.086098685753367     
         361   10.086098685753367     
         362   10.086098685753367     
         363   10.086098685753367     
         364   10.086098685753367     
         365   10.167445335545139     
         366   10.121719804840163     
         367   10.116569302804860     
         368   10.093711460713978     
         369   10.093711460713978     
         370   10.093711460713978     
         371   10.133696326570851     
         372   10.150276859075063     
         373   10.111478014088352     
         374   10.157054585329643     
         375   10.157054585329643     
         376   10.061269418819096     
         377   10.061269418819096     
         378   10.061269418819096     
         379   10.061269418819096     
         380   10.061269418819096     
         381   10.061269418819096     
         382   10.061269418819096     
         383   10.103168013363767     
         384   10.080381128269618     
         385   10.060658564569026     
         386   10.060658564569026     
         387   10.113474194062936     
         388   10.113474194062936     
         389   10.078925908554544     
         390   10.088336784728263     
         391   10.219439355257336     
         392   10.183142147355456     
         393   10.291177129360207     
         394   10.291177129360207     
         395   10.270646381339123     
         396   10.270646381339123     
         397   10.222532852961120     
         398   10.232380325943623     
         399   10.232380325943623     
         400   10.185858662507437     
         401   10.185858662507437     
         402   10.185858662507437     
         403   10.185858662507437     
         404   10.211118601648460     
         405   10.211118601648460     
         406   10.211118601648460     
         407   10.263015508524667     
         408   10.251176040221610     
         409   10.251176040221610     
         410   10.203304261043611     
         411   10.203304261043611     
         412   10.203304261043611     
         413   10.197081226106144     
         414   10.181446351906033     
         415   10.155765864410984     
         416   10.155765864410984     
         417   10.172399922101869     
         418   10.191302450848051     
         419   10.251410295822820     
         420   10.260703350288665     
         421   10.249518987040892     
         422   10.271198983256422     
         423   10.192956106396506     
         424   10.192956106396506     
         425   10.192956106396506     
         426   10.175234770469526     
         427   10.252032975206095     
         428   10.252032975206095     
         429   10.252032975206095     
         430   10.199861002576466     
         431   10.168538043579465     
         432   10.123420893286545     
         433   10.128836869925003     
         434   10.128836869925003     
         435   10.128836869925003     
         436   10.222531909209605     
         437   10.129417825938102     
         438   10.129417825938102     
         439   10.111331158890511     
         440   10.111331158890511     
         441   10.111331158890511     
         442   10.111331158890511     
         443   10.175051996872435     
         444   10.175051996872435     
         445   10.175051996872435     
         446   10.176477628773817     
         447   10.176477628773817     
         448   10.172486693413404     
         449   10.082882727503744     
         450   10.013191071222840     
         451   10.013191071222840     
         452   10.104730004657954     
         453   10.104730004657954     
         454   10.154414197068995     
         455   10.155768136490169     
         456   10.155768136490169     
         457   10.113632491626952     
         458   10.113632491626952     
         459   10.113632491626952     
         460   10.113632491626952     
         461   10.113632491626952     
         462   10.114431664994472     
         463   10.114431664994472     
         464   10.162782741799550     
         465   10.116894277474897     
         466   10.103234830961005     
         467   10.103234830961005     
         468   10.116508562506683     
         469   10.112330408111225     
         470   10.104799378061859     
         471   10.085935203855938     
         472   10.113415684427844     
         473   10.050243424209580     
         474   10.032575082424973     
         475   10.013224076095879     
         476   10.013224076095879     
         477   9.9881110957677173     
         478   9.9778898705764423     
         479   10.019287512356229     
         480   10.034490607057881     
         481   9.9711975533048331     
         482   10.015523169739838     
         483   10.054503938992049     
         484   10.071471074319453     
         485   10.050993798622704     
         486   10.050993798622704     
         487   10.060243115824527     
         488   10.056582417071176     
         489   10.088863493383030     
         490   10.150937242841174     
         491   10.150937242841174     
         492   10.150937242841174     
         493   10.127189100949852     
         494   10.127189100949852     
         495   10.190802898974946     
         496   10.197617426984330     
         497   10.197617426984330     
         498   10.197617426984330     
         499   10.115230489974056     
         500   10.142513765404814     
         501   10.044953624733331     
         502   10.076962282218544     
         503   10.028824494902670     
         504   10.062398932039340     
         505   10.062398932039340     
         506   10.062398932039340     
         507   10.109994136319830     
         508   10.052354837820523     
         509   10.066010216403658     
         510   10.066010216403658     
         511   10.085281719038248     
         512   10.197799194451232     
         513   10.102776702045240     
         514   10.142414569668917     
         515   10.142414569668917     
         516   10.142414569668917     
         517   10.189042697439154     
         518   10.174069749377216     
         519   10.174069749377216     
         520   10.143629238320456     
         521   10.153783145650191     
         522   10.161477832154359     
         523   10.161477832154359     
         524   10.164802934622593     
         525   10.165886170924175     
         526   10.080094261893187     
         527   10.080094261893187     
         528   10.030451786458553     
         529   10.101072180206831     
         530   10.095335054310699     
         531   10.078852700653064     
         532   10.078852700653064     
         533   10.056967223427145     
         534   10.056967223427145     
         535   10.133432850963157     
         536   10.140441554300573     
         537   10.089404786841889     
         538   10.055599342622969     
         539   10.062154699159791     
         540   10.062154699159791     
         541   10.055081119283106     
         542   10.055081119283106     
         543   10.035880059765368     
         544   10.082259041070596     
         545   10.082259041070596     
         546   10.093314559566501     
         547   10.049250008434239     
         548   10.049250008434239     
         549   10.049250008434239     
         550   10.049250008434239     
         551   10.011054852563467     
         552   10.011054852563467     
         553   10.115752434705970     
         554   10.160360263324632     
         555   10.089007698565227     
         556   10.016402744031685     
         557   10.006992190792035     
         558   10.034531708126941     
         559   10.075316235935420     
         560   10.024108326619469     
         561   10.048299956962246     
         562   9.9750778255423640     
         563   9.9750778255423640     
         564   9.9750778255423640     
         565   9.9837014569492073     
         566   10.132499607054037     
         567   10.132499607054037     
         568   10.091658814376553     
         569   10.057339986809039     
         570   10.079991628957798     
         571   10.084651405696022     
         572   10.149760713247563     
         573   10.149760713247563     
         574   10.149760713247563     
         575   10.152145219901454     
         576   10.139816854435699     
         577   10.091507373385870     
         578   10.091507373385870     
         579   10.185607456711336     
         580   10.133151905869438     
         581   10.044442630947149     
         582   10.044442630947149     
         583   10.019026490022773     
         584   10.019026490022773     
         585   10.019026490022773     
         586   10.019026490022773     
         587   10.019026490022773     
         588   10.033973442088572     
         589   10.033973442088572     
         590   9.9873977964089296     
         591   10.015165194130111     
         592   9.9738618033931310     
         593   10.014261515968867     
         594   10.005602784247079     
         595   10.005602784247079     
         596   10.005602784247079     
         597   10.018674159208324     
         598   10.025261920577774     
         599   10.025261920577774     
         600   9.9954691430483873     
         601   9.9447454036579721     
         602   9.9447454036579721     
         603   9.9275802908580406     
         604   9.9883205979240497     
         605   9.9883205979240497     
         606   9.9883205979240497     
         607   10.042417580765150     
         608   10.057022203365806     
         609   10.057022203365806     
         610   10.000124923068308     
         611   10.000124923068308     
         612   9.9840774758373669     
         613   9.9840774758373669     
         614   9.9840774758373669     
         615   10.090474347142694     
         616   10.090474347142694     
         617   10.182913799649169     
         618   10.154807649271691     
         619   10.105761654447283     
         620   10.257697450371225     
         621   10.216904084227121     
         622   10.216904084227121     
         623   10.131202241716471     
         624   10.198121604464765     
         625   10.190230153058025     
         626   10.122251666219984     
         627   10.186945760817924     
         628   10.186945760817924     
         629   10.163322922485291     
         630   10.163322922485291     
         631   10.223147745524615     
         632   10.148154965864160     
         633   10.148154965864160     
         634   10.152066915623621     
         635   10.243693920049555     
         636   10.232054031066770     
         637   10.254882452351074     
         638   10.254882452351074     
         639   10.243518485899109     
         640   10.230396740296817     
         641   10.230396740296817     
         642   10.252408827622874     
         643   10.302695269192734     
         644   10.261797403864923     
         645   10.277396234970574     
         646   10.243372040614521     
         647   10.312777519581696     
         648   10.302867524426588     
         649   10.291189555584181     
         650   10.291189555584181     
         651   10.240648535188688     
         652   10.225253271250891     
         653   10.157027882262085     
         654   10.157027882262085     
         655   10.176361014885106     
         656   10.180912796605419     
         657   10.180912796605419     
         658   10.180912796605419     
         659   10.240493421438785     
         660   10.223182075659141     
         661   10.248715751226714     
         662   10.184250808631417     
         663   10.275392413134957     
         664   10.275392413134957     
         665   10.317989678185352     
         666   10.317989678185352     
         667   10.234368359749286     
         668   10.228313391947447     
         669   10.269930971453661     
         670   10.269930971453661     
         671   10.267228828555092     
         672   10.292355543078020     
         673   10.256521675840462     
         674   10.216284159813792     
         675   10.236879916267767     
         676   10.236879916267767     
         677   10.199304308878514     
         678   10.199304308878514     
         679   10.199304308878514     
         680   10.199304308878514     
         681   10.277032145811260     
         682   10.277032145811260     
         683   10.277032145811260     
         684   10.277032145811260     
         685   10.245314594006976     
         686   10.286955731220846     
         687   10.308775031867151     
         688   10.308775031867151     
         689   10.308775031867151     
         690   10.308775031867151     
         691   10.308775031867151     
         692   10.385351583417901     
         693   10.385351583417901     
         694   10.335577865106425     
         695   10.358774104891500     
         696   10.341405141563285     
         697   10.303578051934872     
         698   10.303578051934872     
         699   10.303578051934872     
         700   10.234546830995789     
         701   10.199684924633820     
         702   10.185956857864973     
         703   10.214849269447310     
         704   10.164357966208119     
         705   10.147689727704227     
         706   10.112438833357878     
         707   10.123679078669602     
         708   10.039742802298873     
         709   10.035803402727254     
         710   10.091749509456360     
         711   10.074191597706546     
         712   10.098295911891476     
         713   10.167825485005826     
         714   10.180229645180479     
         715   10.216430478521575     
         716   10.235447422351221     
         717   10.303653244549267     
         718   10.204442789159915     
         719   10.296301899560905     
         720   10.260754464699158     
         721   10.193561070979568     
         722   10.193561070979568     
         723   10.193561070979568     
         724   10.220388665406004     
         725   10.204753334731079     
         726   10.204753334731079     
         727   10.184327349420482     
         728   10.184327349420482     
         729   10.136428639989854     
         730   10.133442307259925     
         731   10.133442307259925     
         732   10.180663149275299     
         733   10.150612907237619     
         734   10.150612907237619     
         735   10.065778537985953     
         736   10.048870686898550     
         737   10.140023613845379     
         738   10.140023613845379     
         739   10.140023613845379     
         740   10.140023613845379     
         741   10.140023613845379     
         742   10.137611475664956     
         743   10.156892318622283     
         744   10.123276240227858     
         745   10.163218634357099     
         746   10.176294103048063     
         747   10.176294103048063     
         748   10.175263308380501     
         749   10.149343345862908     
         750   10.230296952950127     
         751   10.230296952950127     
         752   10.183618828856030     
         753   10.092077925738202     
         754   10.092077925738202     
         755   10.102346637820718     
         756   10.163069695090824     
         757   10.162900996158632     
         758   10.199013037967052     
         759   10.144562555315405     
         760   10.096989200585700     
         761   10.096989200585700     
         762   10.096989200585700     
         763   10.060960243096400     
         764   10.008766972986823     
         765   10.064716647928705     
         766   10.064716647928705     
         767   10.108944607259991     
         768   10.108944607259991     
         769   10.108944607259991     
         770   10.108944607259991     
         771   10.069695257550528     
         772   10.093082443798034     
         773   10.105810559120265     
         774   10.084443041687667     
         775   10.148331744623476     
         776   10.104737513751177     
         777   10.104737513751177     
         778   10.104737513751177     
         779   10.120614325468273     
         780   10.120614325468273     
         781   10.046626280621476     
         782   10.134549716441425     
         783   10.134549716441425     
         784   10.139100333724073     
         785   10.131079576337774     
         786   10.109076747302360     
         787   10.109076747302360     
         788   10.109076747302360     
         789   10.156623161353249     
         790   10.142663736829146     
         791   10.158322077028508     
         792   10.158322077028508     
         793   10.134918725500803     
         794   10.112938325774000     
         795   10.112938325774000     
         796   10.112938325774000     
         797   10.079033115156923     
         798   10.079033115156923     
         799   10.101374877398023     
         800   10.101374877398023     
         801   10.045153335158279     
         802   10.067971171496184     
         803   10.067971171496184     
         804   10.047197897520126     
         805   10.049171810470959     
         806   10.088946613881530     
         807   10.124507450592477     
         808   10.124507450592477     
         809   10.099467728050433     
         810   10.076706154121034     
         811   10.076706154121034     
         812   10.003722643486604     
         813   10.093397606440716     
         814   10.093397606440716     
         815   10.085638556117242     
         816   10.095788067120349     
         817   10.095788067120349     
         818   10.095788067120349     
         819   10.071201610216129     
         820   10.056959479767723     
         821   10.120396847626692     
         822   10.074993083115960     
         823   10.074993083115960     
         824   10.058023631740156     
         825   10.058023631740156     
         826   10.058023631740156     
         827   10.056494879874794     
         828   10.134281011455240     
         829   10.134281011455240     
         830   10.114032480060260     
         831   10.116093246433000     
         832   10.169444494881910     
         833   10.169444494881910     
         834   10.203432553573839     
         835   10.133897831530096     
         836   10.086019730987468     
         837   10.086019730987468     
         838   10.086019730987468     
         839   10.114573705845602     
         840   10.147409586110586     
         841   10.147409586110586     
         842   10.069592194817096     
         843   10.149104072117634     
         844   10.141377793101586     
         845   10.141377793101586     
         846   10.156812456924325     
         847   10.155288340355343     
         848   10.091204176889169     
         849   10.111970777670219     
         850   10.109298722008035     
         851   10.109298722008035     
         852   10.109298722008035     
         853   10.109298722008035     
         854   10.109298722008035     
         855   10.152561787041391     
         856   10.118642115932952     
         857   10.118642115932952     
         858   10.063799782573671     
         859   10.116181666696471     
         860   10.183241081092740     
         861   10.155965865581489     
         862   10.155965865581489     
         863   10.150161260086264     
         864   10.158583072744182     
         865   10.158583072744182     
         866   10.088230495164577     
         867   10.034739488910844     
         868   10.034739488910844     
         869   10.052743069731440     
         870   10.042744606802506     
         871   10.072742577023224     
         872   10.050266169295700     
         873   10.050266169295700     
         874   10.136077934116887     
         875   10.136077934116887     
         876   10.198355480400226     
         877   10.198355480400226     
         878   10.198355480400226     
         879   10.198259800768682     
         880   10.137149066154318     
         881   10.137149066154318     
         882   10.138238299671963     
         883   10.138238299671963     
         884   10.138238299671963     
         885   10.138238299671963     
         886   10.198252507388140     
         887   10.198252507388140     
         888   10.225750317513686     
         889   10.135130232432120     
         890   10.215954228005261     
         891   10.247115858754148     
         892   10.247115858754148     
         893   10.228521375163947     
         894   10.163919413847237     
         895   10.163919413847237     
         896   10.140207070596707     
         897   10.146722409286157     
         898   10.162554434310549     
         899   10.182601368442716     
         900   10.149464740654665     
         901   10.203600598383636     
         902   10.200450880327839     
         903   10.221876636706403     
         904   10.232464473875941     
         905   10.232464473875941     
         906   10.235956803253544     
         907   10.328143413746700     
         908   10.345240681477719     
         909   10.293423413473260     
         910   10.286062715414387     
         911   10.245623880198300     
         912   10.243395024415777     
         913   10.262023255856910     
         914   10.294260278812187     
         915   10.255186308797452     
         916   10.255186308797452     
         917   10.236631570452483     
         918   10.236631570452483     
         919   10.234126268876134     
         920   10.180833027502658     
         921   10.180833027502658     
         922   10.249025974308330     
         923   10.249025974308330     
         924   10.249025974308330     
         925   10.201832778640778     
         926   10.151698660360184     
         927   10.151698660360184     
         928   10.115242800512611     
         929   10.134482827360356     
         930   10.134482827360356     
         931   10.133295500664536     
         932   10.137181660414456     
         933   10.152926956316429     
         934   10.098294236059328     
         935   10.139768585286589     
         936   10.139768585286589     
         937   10.224209388765575     
         938   10.224209388765575     
         939   10.224209388765575     
         940   10.285337377779530     
         941   10.225810340428087     
         942   10.225810340428087     
         943   10.205634800858219     
         944   10.205634800858219     
         945   10.224137362979370     
         946   10.176242271937095     
         947   10.176242271937095     
         948   10.181617554164726     
         949   10.216769346896035     
         950   10.216769346896035     
         951   10.196652720952196     
         952   10.196652720952196     
         953   10.196652720952196     
         954   10.184125640069160     
         955   10.214123078122867     
         956   10.224145518773341     
         957   10.258869833586184     
         958   10.258869833586184     
         959   10.222283629551328     
         960   10.350083872695222     
         961   10.350083872695222     
         962   10.350083872695222     
         963   10.349683158820479     
         964   10.288172353902114     
         965   10.240656571421114     
         966   10.240656571421114     
         967   10.240656571421114     
         968   10.290184299446306     
         969   10.267007071800576     
         970   10.267007071800576     
         971   10.267007071800576     
         972   10.267007071800576     
         973   10.267007071800576     
         974   10.199950494864511     
         975   10.188672966113630     
         976   10.180151382853166     
         977   10.137723414331127     
         978   10.137723414331127     
         979   10.187208447381609     
         980   10.192792984557704     
         981   10.192792984557704     
         982   10.206368846185057     
         983   10.108170559038550     
         984   10.108170559038550     
         985   10.108170559038550     
         986   10.162427542316271     
         987   10.087760107903362     
         988   10.113136830565093     
         989   10.113136830565093     
         990   10.149574172338664     
         991   10.149574172338664     
         992   10.110801384764411     
         993   10.112505293326151     
         994   10.112505293326151     
         995   10.129030650584973     
         996   10.123239175304164     
         997   10.192789974469688     
         998   10.166599658272801     
         999   10.186481948772158     
        1000   10.186481948772158     
        1001   10.186481948772158     
        1002   10.122108154525998     
        1003   10.116781592266918     
        1004   10.116781592266918     
        1005   10.205297244578626     
        1006   10.230932559419578     
        1007   10.230932559419578     
        1008   10.161282145364737     
        1009   10.187498709064482     
        1010   10.187498709064482     
        1011   10.189550017730653     
        1012   10.189550017730653     
        1013   10.189550017730653     
        1014   10.189550017730653     
        1015   10.195758061134855     
        1016   10.072444992078315     
        1017   10.146199135467459     
        1018   10.146199135467459     
        1019   10.068011476417007     
        1020   10.068011476417007     
        1021   10.043142665788629     
        1022   10.088805992952345     
        1023   10.065061328404898     
        1024   10.100361179232662     
        1025   10.050074441158683     
        1026   10.050074441158683     
        1027   10.050074441158683     
        1028   10.079664664415830     
        1029   10.124933410674732     
        1030   10.137363716067984     
        1031   10.068636520405397     
        1032   10.068636520405397     
        1033   10.068636520405397     
        1034   9.9846500331158676     
        1035   10.069340286022982     
        1036   10.098999170549771     
        1037   10.113818863248889     
        1038   10.113818863248889     
        1039   10.113818863248889     
        1040   10.064255575545303     
        1041   10.058733941986686     
        1042   10.087125754102654     
        1043   10.087125754102654     
        1044   10.087125754102654     
        1045   10.097433369982399     
        1046   10.036283696977851     
        1047   10.036283696977851     
        1048   10.109900247471856     
        1049   10.192191475334898     
        1050   10.192191475334898     
        1051   10.192191475334898     
        1052   10.228634215339817     
        1053   10.228634215339817     
        1054   10.228634215339817     
        1055   10.231738666958924     
        1056   10.231738666958924     
        1057   10.219550250513244     
        1058   10.147592141783718     
        1059   10.105823740547423     
        1060   10.119376722922045     
        1061   10.128324313134302     
        1062   10.091070016355673     
        1063   10.135426579426479     
        1064   10.156684043905647     
        1065   10.156684043905647     
        1066   10.182340660996250     
        1067   10.169845746940195     
        1068   10.160027374104107     
        1069   10.160027374104107     
        1070   10.072827017322942     
        1071   10.123606635071038     
        1072   10.064458960787455     
        1073   10.156643312926585     
        1074   10.139014384124385     
        1075   10.139014384124385     
        1076   10.134390855057999     
        1077   10.134390855057999     
        1078   10.134390855057999     
        1079   10.074396573615502     
        1080   10.115123933713306     
        1081   10.115123933713306     
        1082   10.166785317309023     
        1083   10.165413191442164     
        1084   10.169340031652258     
        1085   10.084398610293757     
        1086   10.066206872785589     
        1087   10.066206872785589     
        1088   10.058725854931295     
        1089   10.058725854931295     
        1090   10.082064154060239     
        1091   10.095494985112103     
        1092   10.100884389334233     
        1093   10.107395952334592     
        1094   10.107395952334592     
        1095   10.106891717577643     
        1096   10.130905224476500     
        1097   10.130905224476500     
        1098   10.102937180912809     
        1099   10.065824401030508     
        1100   10.071098097778302     
        1101   10.129297704592053     
        1102   10.129297704592053     
        1103   10.128614215372782     
        1104   10.128614215372782     
        1105   10.145491925410489     
        1106   10.061938093800650     
        1107   10.061938093800650     
        1108   10.114274626943827     
        1109   10.124110951094828     
        1110   10.139234268316001     
        1111   10.208560117550009     
        1112   10.228381331480895     
        1113   10.111704459449349     
        1114   10.111704459449349     
        1115   10.086509050245107     
        1116   10.145542766917760     
        1117   10.145542766917760     
        1118   10.190210892118557     
        1119   10.111890931354905     
        1120   10.177587968746320     
        1121   10.180129792434464     
        1122   10.194526485611849     
        1123   10.086179932377526     
        1124   10.127295554945302     
        1125   10.110630874499076     
        1126   10.110630874499076     
        1127   10.162348998064711     
        1128   10.162348998064711     
        1129   10.193984067774066     
        1130   10.118483588492447     
        1131   10.183480690221682     
        1132   10.154922275548007     
        1133   10.076403580519925     
        1134   10.076403580519925     
        1135   10.129082555019599     
        1136   10.077691729253861     
        1137   10.077691729253861     
        1138   10.101864405695910     
        1139   10.053388079079037     
        1140   10.053388079079037     
        1141   10.057064539034421     
        1142   10.101344423596235     
        1143   10.148220198714457     
        1144   10.128498667793203     
        1145   10.119988568260275     
        1146   10.151260470870605     
        1147   10.155223779753838     
        1148   10.155223779753838     
        1149   10.182671870527187     
        1150   10.217246708824723     
        1151   10.299856774520995     
        1152   10.337631707133038     
        1153   10.337631707133038     
        1154   10.337631707133038     
        1155   10.337631707133038     
        1156   10.337631707133038     
        1157   10.337631707133038     
        1158   10.337631707133038     
        1159   10.321673687649879     
        1160   10.314047431987378     
        1161   10.360594212266893     
        1162   10.360594212266893     
        1163   10.291977435450878     
        1164   10.274870885700132     
        1165   10.274870885700132     
        1166   10.274870885700132     
        1167   10.323303660831510     
        1168   10.336511527016086     
        1169   10.263110328236454     
        1170   10.325997677577083     
        1171   10.384519912638947     
        1172   10.384519912638947     
        1173   10.293916014679294     
        1174   10.282839733581326     
        1175   10.282839733581326     
        1176   10.273310487185464     
        1177   10.273310487185464     
        1178   10.273310487185464     
        1179   10.322756892889899     
        1180   10.320252468331317     
        1181   10.320252468331317     
        1182   10.341703052341581     
        1183   10.355528432662650     
        1184   10.342754759823618     
        1185   10.342754759823618     
        1186   10.318932843215419     
        1187   10.314938182435149     
        1188   10.317944251477218     
        1189   10.317944251477218     
        1190   10.317944251477218     
        1191   10.301852008476530     
        1192   10.258018736703916     
        1193   10.227419630718670     
        1194   10.287651867523408     
        1195   10.214999669177805     
        1196   10.280735431493905     
        1197   10.280735431493905     
        1198   10.280735431493905     
        1199   10.166703639453525     
        1200   10.166703639453525     
        1201   10.216090060425470     
        1202   10.216090060425470     
        1203   10.216090060425470     
        1204   10.262276592732825     
        1205   10.262276592732825     
        1206   10.350081430699550     
        1207   10.256234903649988     
        1208   10.239972559053790     
        1209   10.239972559053790     
        1210   10.239972559053790     
        1211   10.232810532769967     
        1212   10.232810532769967     
        1213   10.213852656759952     
        1214   10.097382494858296     
        1215   10.093599091242293     
        1216   10.179844633316295     
        1217   10.179844633316295     
        1218   10.169535916915608     
        1219   10.169535916915608     
        1220   10.154361568574950     
        1221   10.075679461391394     
        1222   10.042562113370675     
        1223   10.052909946033949     
        1224   10.088373307328316     
        1225   10.088373307328316     
        1226   10.145732968052856     
        1227   10.137444799742605     
        1228   10.137444799742605     
        1229   10.137444799742605     
        1230   10.137444799742605     
        1231   10.169800663191721     
        1232   10.108787959166648     
        1233   10.088120120378957     
        1234   10.125099514691351     
        1235   10.125099514691351     
        1236   10.125099514691351     
        1237   10.106410083514707     
        1238   10.098144445797724     
        1239   10.068659557744956     
        1240   10.091214627926821     
        1241   10.026573441008505     
        1242   9.9735688048626603     
        1243   9.9735688048626603     
        1244   9.9735688048626603     
        1245   9.9735688048626603     
        1246   10.027602903643528     
        1247   9.9784537762507544     
        1248   9.9955025461626104     
        1249   10.015425946803088     
        1250   10.105913658150687     
        1251   10.009523083049451     
        1252   10.065948673763939     
        1253   10.087580998707010     
        1254   10.093741149805771     
        1255   10.054785539527597     
        1256   10.078283843213745     
        1257   10.076790701585656     
        1258   10.076790701585656     
        1259   10.128140039009438     
        1260   10.128140039009438     
        1261   10.118805094250149     
        1262   10.066306311405077     
        1263   10.124118422957814     
        1264   10.091719823043057     
        1265   10.019907789066087     
        1266   10.019907789066087     
        1267   10.109924907536653     
        1268   10.058623551143492     
        1269   10.058623551143492     
        1270   9.9777750333692605     
        1271   10.024128940985856     
        1272   10.096627791333828     
        1273   9.9990011577130833     
        1274   10.065810341418793     
        1275   10.033377197916936     
        1276   9.9876861001512793     
        1277   9.9568348954256738     
        1278   9.9656041688605228     
        1279   10.036587432497402     
        1280   10.036587432497402     
        1281   10.036587432497402     
        1282   10.062302827962011     
        1283   10.062302827962011     
        1284   10.061640427122885     
        1285   10.061640427122885     
        1286   9.9800601073220907     
        1287   10.052062159524848     
        1288   10.052062159524848     
        1289   10.052062159524848     
        1290   10.052062159524848     
        1291   10.087901763889326     
        1292   10.070952328682734     
        1293   10.030548229637333     
        1294   9.9432181462809748     
        1295   9.9432181462809748     
        1296   9.9432181462809748     
        1297   10.004688822330401     
        1298   9.9361054186694489     
        1299   9.9361054186694489     
        1300   10.011048751598082     
        1301   9.9557214716653064     
        1302   9.9557214716653064     
        1303   9.9557214716653064     
        1304   10.006580250315245     
        1305   9.9850344577702401     
        1306   10.043102362502646     
        1307   9.9855442850168448     
        1308   10.068286728712549     
        1309   10.148026057458525     
        1310   10.164416538535219     
        1311   10.187862528281178     
        1312   10.092913964690156     
        1313   10.170335900659808     
        1314   10.170335900659808     
        1315   10.170335900659808     
        1316   10.170335900659808     
        1317   10.170335900659808     
        1318   10.170335900659808     
        1319   10.114395739845801     
        1320   10.114395739845801     
        1321   10.111091478690382     
        1322   10.111091478690382     
        1323   10.057721703330579     
        1324   10.047662838248085     
        1325   10.037639841461488     
        1326   10.080001340822598     
        1327   10.080001340822598     
        1328   10.100447309900249     
        1329   10.094720432866637     
        1330   10.122875100451374     
        1331   10.115624036193301     
        1332   10.115624036193301     
        1333   10.121074276864741     
        1334   10.157182655293957     
        1335   10.201445554554761     
        1336   10.158795824281965     
        1337   10.127268521323090     
        1338   10.127268521323090     
        1339   10.202793835215175     
        1340   10.202793835215175     
        1341   10.158225426338205     
        1342   10.136378255840100     
        1343   10.124418057011878     
        1344   10.160854979416731     
        1345   10.160854979416731     
        1346   10.160854979416731     
        1347   10.180769620034418     
        1348   10.180769620034418     
        1349   10.222560109417730     
        1350   10.222560109417730     
        1351   10.126143928982676     
        1352   10.162322104265044     
        1353   10.190138648776895     
        1354   10.149182081015812     
        1355   10.099974639476788     
        1356   10.137985649996807     
        1357   10.096970690462921     
        1358   10.143475141749803     
        1359   10.143475141749803     
        1360   10.115654881474578     
        1361   10.115654881474578     
        1362   10.115654881474578     
        1363   10.091033485974085     
        1364   10.091033485974085     
        1365   10.170913199296455     
        1366   10.170913199296455     
        1367   10.170913199296455     
        1368   10.117669390764929     
        1369   10.122487239724551     
        1370   10.122487239724551     
        1371   10.155689994166270     
        1372   10.176937877592730     
        1373   10.176937877592730     
        1374   10.185753711927857     
        1375   10.163743402769413     
        1376   10.163743402769413     
        1377   10.134401788983691     
        1378   10.129803467390033     
        1379   10.138969654953712     
        1380   10.138640401090086     
        1381   10.137227825445711     
        1382   10.137227825445711     
        1383   10.174003857274768     
        1384   10.219512186350252     
        1385   10.219512186350252     
        1386   10.248082362926990     
        1387   10.254634648009684     
        1388   10.313435175421048     
        1389   10.313435175421048     
        1390   10.313435175421048     
        1391   10.313435175421048     
        1392   10.313435175421048     
        1393   10.279935561298783     
        1394   10.225011321285539     
        1395   10.225011321285539     
        1396   10.138310291328260     
        1397   10.138310291328260     
        1398   10.159717804368888     
        1399   10.159717804368888     
        1400   10.159717804368888     
        1401   10.208465748188555     
        1402   10.208465748188555     
        1403   10.208465748188555     
        1404   10.124975485744306     
        1405   10.134364624863599     
        1406   10.134364624863599     
        1407   10.089908939731263     
        1408   10.055146998500749     
        1409   10.053701953940315     
        1410   10.122511015399235     
        1411   10.167815430973144     
        1412   10.146671519110241     
        1413   10.146671519110241     
        1414   10.146671519110241     
        1415   10.164136733834349     
        1416   10.180417736984236     
        1417   10.095692637706039     
        1418   10.095692637706039     
        1419   10.095692637706039     
        1420   10.163171900374703     
        1421   10.163171900374703     
        1422   10.131915931300934     
        1423   10.060870320015072     
        1424   10.041037626138896     
        1425   10.081029708024198     
        1426   10.081029708024198     
        1427   10.081029708024198     
        1428   10.070753575801740     
        1429   10.028824334920275     
        1430   10.009933837405235     
        1431   10.009933837405235     
        1432   9.9998718460197722     
        1433   10.048611545700780     
        1434   10.014383154519919     
        1435   10.014383154519919     
        1436   10.022196212401131     
        1437   10.022196212401131     
        1438   10.022196212401131     
        1439   10.046621484181690     
        1440   10.046621484181690     
        1441   10.042489316493581     
        1442   10.036710763275046     
        1443   10.036710763275046     
        1444   10.036710763275046     
        1445   10.069825251534091     
        1446   10.027683712712493     
        1447   10.067720855057390     
        1448   10.067720855057390     
        1449   10.139940328160685     
        1450   10.139940328160685     
        1451   10.139940328160685     
        1452   10.139940328160685     
        1453   10.215137204588737     
        1454   10.232673987798323     
        1455   10.232673987798323     
        1456   10.232673987798323     
        1457   10.220194177243624     
        1458   10.220194177243624     
        1459   10.222523944893533     
        1460   10.278974396984664     
        1461   10.103712747469272     
        1462   10.167374753400519     
        1463   10.167374753400519     
        1464   10.167374753400519     
        1465   10.093018568694225     
        1466   10.123122162642865     
        1467   10.123122162642865     
        1468   10.135214016892654     
        1469   10.177668499109108     
        1470   10.153854320883543     
        1471   10.153854320883543     
        1472   10.217834218466107     
        1473   10.253733010908908     
        1474   10.125824134016922     
        1475   10.191578044730765     
        1476   10.191578044730765     
        1477   10.208234854665381     
        1478   10.173987976789805     
        1479   10.254419518325642     
        1480   10.174302127108897     
        1481   10.174302127108897     
        1482   10.174302127108897     
        1483   10.182774135500141     
        1484   10.182774135500141     
        1485   10.153004369319092     
        1486   10.137660823031737     
        1487   10.135885215008788     
        1488   10.134005308440436     
        1489   10.186513004729424     
        1490   10.202467333719277     
        1491   10.154760943977475     
        1492   10.099483560571315     
        1493   10.007662388477607     
        1494   10.056651438142472     
        1495   10.056651438142472     
        1496   10.060321670237132     
        1497   10.123430955221286     
        1498   10.180888628071454     
        1499   10.244564245457926     
        1500   10.244564245457926     
        1501   10.244564245457926     
        1502   10.244564245457926     
        1503   10.244564245457926     
        1504   10.214301054228011     
        1505   10.214301054228011     
        1506   10.214301054228011     
        1507   10.099108001144026     
        1508   10.106227004369281     
        1509   10.148516637881372     
        1510   10.174851065524875     
        1511   10.156841893086007     
        1512   10.146456039468616     
        1513   10.146456039468616     
        1514   10.146456039468616     
        1515   10.176450015696611     
        1516   10.155493669706438     
        1517   10.138044599528968     
        1518   10.138044599528968     
        1519   10.165504465233473     
        1520   10.109388996270754     
        1521   10.118483818557426     
        1522   10.166271608413798     
        1523   10.118357651418641     
        1524   10.207637811701154     
        1525   10.163851680758173     
        1526   10.163851680758173     
        1527   10.144263334607093     
        1528   10.233570255040485     
        1529   10.162993334609775     
        1530   10.162993334609775     
        1531   10.107306633082981     
        1532   10.095859477071835     
        1533   10.106422976495749     
        1534   10.071439759045772     
        1535   10.071439759045772     
        1536   10.071439759045772     
        1537   10.071439759045772     
        1538   10.071439759045772     
        1539   10.092646877142981     
        1540   10.064969262113181     
        1541   10.106629846000052     
        1542   10.153120039568106     
        1543   10.092268282087149     
        1544   10.104101971961562     
        1545   10.068073711140386     
        1546   10.068073711140386     
        1547   10.048355044965657     
        1548   10.126214385404781     
        1549   10.126214385404781     
        1550   10.205564830149671     
        1551   10.098302705153314     
        1552   10.123562788273919     
        1553   10.034450846338633     
        1554   10.034450846338633     
        1555   10.046407725493014     
        1556   10.073856888445572     
        1557   10.073856888445572     
        1558   10.054769774095693     
        1559   10.054769774095693     
        1560   10.077632793536946     
        1561   10.163067042184176     
        1562   10.163067042184176     
        1563   10.163067042184176     
        1564   10.154481434095320     
        1565   10.176484047151614     
        1566   10.176484047151614     
        1567   10.132678106207614     
        1568   10.103560434696128     
        1569   10.145152041202369     
        1570   10.145152041202369     
        1571   10.165769811065333     
        1572   10.086893613902117     
        1573   10.085139369569946     
        1574   10.139819595491391     
        1575   10.142755073457295     
        1576   10.142755073457295     
        1577   10.142755073457295     
        1578   10.061426809444832     
        1579   10.039359199232338     
        1580   10.039359199232338     
        1581   10.081307237159061     
        1582   10.081307237159061     
        1583   10.081307237159061     
        1584   10.051130717825679     
        1585   10.039062952990090     
        1586   10.040039991502486     
        1587   10.033538889730567     
        1588   10.033538889730567     
        1589   10.013172711124897     
        1590   10.056446098901223     
        1591   10.026332251174814     
        1592   10.040521046443690     
        1593   10.137528648603531     
        1594   10.109778000293961     
        1595   10.112898395227559     
        1596   10.117106564915767     
        1597   10.117106564915767     
        1598   10.117106564915767     
        1599   10.124570664719707     
        1600   10.130036111626040     
        1601   10.130036111626040     
        1602   10.135670985953757     
        1603   10.188695201573701     
        1604   10.135469034723270     
        1605   10.135469034723270     
        1606   10.161885617554777     
        1607   10.175910521652449     
        1608   10.175344639783818     
        1609   10.242313253041674     
        1610   10.242313253041674     
        1611   10.196514962534566     
        1612   10.255713320268745     
        1613   10.219472831148479     
        1614   10.240894686902701     
        1615   10.121947142024716     
        1616   10.202801171690624     
        1617   10.242940059392014     
        1618   10.171487151960687     
        1619   10.178832163605675     
        1620   10.252910753828889     
        1621   10.305587494490720     
        1622   10.288724949935238     
        1623   10.322565902567423     
        1624   10.322565902567423     
        1625   10.322565902567423     
        1626   10.322565902567423     
        1627   10.321427152243343     
        1628   10.370970911821857     
        1629   10.302227678279746     
        1630   10.302227678279746     
        1631   10.292293743565923     
        1632   10.292293743565923     
        1633   10.274497620540537     
        1634   10.327228595992144     
        1635   10.274641620942642     
        1636   10.274641620942642     
        1637   10.274641620942642     
        1638   10.247861157151277     
        1639   10.206891264284591     
        1640   10.214434460233271     
        1641   10.209483415382266     
        1642   10.220907598238485     
        1643   10.210350350885657     
        1644   10.146315299074148     
        1645   10.149279573641097     
        1646   10.168637677787578     
        1647   10.168637677787578     
        1648   10.138760442066534     
        1649   10.138760442066534     
        1650   10.207292592126018     
        1651   10.076650415253537     
        1652   10.019418689901022     
        1653   9.9919041193157856     
        1654   9.9919041193157856     
        1655   9.9919041193157856     
        1656   9.9919041193157856     
        1657   10.037641292467715     
        1658   10.037641292467715     
        1659   10.034597484596466     
        1660   10.034597484596466     
        1661   10.113598292266206     
        1662   10.091402079327137     
        1663   9.9993143516920515     
        1664   9.9993143516920515     
        1665   10.014180992563535     
        1666   9.9866169568847933     
        1667   9.9748744310189128     
        1668   10.032647389189910     
        1669   10.035921438131192     
        1670   10.001804485114034     
        1671   10.032089514153153     
        1672   10.070493942354094     
        1673   10.070493942354094     
        1674   10.144074087050644     
        1675   10.144074087050644     
        1676   10.110316470324822     
        1677   10.101174599562531     
        1678   10.047920599557163     
        1679   10.017244123276637     
        1680   10.075084275751726     
        1681   10.077384684865585     
        1682   10.077384684865585     
        1683   10.114847213964259     
        1684   10.114847213964259     
        1685   10.075768513061453     
        1686   10.126514834910024     
        1687   10.126514834910024     
        1688   10.126514834910024     
        1689   10.214310180507097     
        1690   10.181121979414261     
        1691   10.181121979414261     
        1692   10.246161419077064     
        1693   10.246161419077064     
        1694   10.153216372316976     
        1695   10.168666760508485     
        1696   10.157409960393482     
        1697   10.157409960393482     
        1698   10.157409960393482     
        1699   10.139366635510097     
        1700   10.033275723747774     
        1701   10.033275723747774     
        1702   10.033275723747774     
        1703   10.033275723747774     
        1704   10.004757877267746     
        1705   10.030408145247627     
        1706   10.034919265021056     
        1707   10.090443293888836     
        1708   10.090443293888836     
        1709   10.090443293888836     
        1710   10.090443293888836     
        1711   9.9987461576806087     
        1712   9.9987461576806087     
        1713   9.9987461576806087     
        1714   9.9701031476754718     
        1715   10.002094946451937     
        1716   10.018829866388671     
        1717   10.019107085400814     
        1718   10.064395722293936     
        1719   10.043648915772254     
        1720   10.043648915772254     
        1721   10.070354017287876     
        1722   10.095836734073732     
        1723   10.095836734073732     
        1724   10.120428235310396     
        1725   10.098484836993604     
        1726   10.151278580139076     
        1727   10.105398939504640     
        1728   10.197757397686084     
        1729   10.181798751047680     
        1730   10.202194470977785     
        1731   10.202194470977785     
        1732   10.187351906478000     
        1733   10.254759680128577     
        1734   10.254759680128577     
        1735   10.166366174413680     
        1736   10.166366174413680     
        1737   10.275682360868077     
        1738   10.253776640148571     
        1739   10.262630292063587     
        1740   10.234078121325499     
        1741   10.234078121325499     
        1742   10.273561209302635     
        1743   10.279333210848765     
        1744   10.293955466012635     
        1745   10.293955466012635     
        1746   10.201184806562454     
        1747   10.121718500437613     
        1748   10.143800578629325     
        1749   10.143800578629325     
        1750   10.143800578629325     
        1751   10.163723395802906     
        1752   10.161078088949225     
        1753   10.172397912945726     
        1754   10.158266901722346     
        1755   10.205354809158917     
        1756   10.200316148401813     
        1757   10.209710063943490     
        1758   10.212542238819410     
        1759   10.212542238819410     
        1760   10.175428698321181     
        1761   10.216282643001456     
        1762   10.226035869043853     
        1763   10.244198024149679     
        1764   10.263048761523692     
        1765   10.225249869815210     
        1766   10.151164016674585     
        1767   10.202175064970634     
        1768   10.202175064970634     
        1769   10.202175064970634     
        1770   10.202175064970634     
        1771   10.235447789997760     
        1772   10.153248105691393     
        1773   10.086556066871575     
        1774   10.095932293573336     
        1775   10.095932293573336     
        1776   10.169288768816100     
        1777   10.171922418706311     
        1778   10.102371337204110     
        1779   10.145099149294321     
        1780   10.143950739529673     
        1781   10.143950739529673     
        1782   10.143950739529673     
        1783   10.143950739529673     
        1784   10.070173928179054     
        1785   10.070173928179054     
        1786   10.147861512039418     
        1787   10.147861512039418     
        1788   10.113157355413303     
        1789   10.101799737016981     
        1790   10.101799737016981     
        1791   10.194496850153582     
        1792   10.194496850153582     
        1793   10.165750243444666     
        1794   10.142469384126221     
        1795   10.142469384126221     
        1796   10.177599782094283     
        1797   10.178330034827610     
        1798   10.120507769650334     
        1799   10.125572072404818     
        1800   10.077349674346349     
        1801   10.145977857070145     
        1802   10.093135311571727     
        1803   10.093135311571727     
        1804   10.093135311571727     
        1805   10.093135311571727     
        1806   10.018405910000208     
        1807   10.063519372036749     
        1808   10.053960752466608     
        1809   10.106764010792265     
        1810   10.106764010792265     
        1811   10.102660157069435     
        1812   10.102660157069435     
        1813   10.140808688976033     
        1814   10.140808688976033     
        1815   10.112260652445334     
        1816   10.153089161423598     
        1817   10.083329140610374     
        1818   10.155606995068661     
        1819   10.155606995068661     
        1820   10.196639613591270     
        1821   10.188913931799975     
        1822   10.175519056676702     
        1823   10.265038692595377     
        1824   10.275131113232199     
        1825   10.275131113232199     
        1826   10.275131113232199     
        1827   10.247918385959174     
        1828   10.191952239741251     
        1829   10.110878831240084     
        1830   10.110878831240084     
        1831   10.112786377326474     
        1832   10.159543500758192     
        1833   10.110465825939681     
        1834   10.087420027975515     
        1835   10.087420027975515     
        1836   10.178841663207365     
        1837   10.178841663207365     
        1838   10.060196058759557     
        1839   10.119699478625654     
        1840   10.119699478625654     
        1841   10.119699478625654     
        1842   10.113046147462171     
        1843   10.097568805673014     
        1844   10.097568805673014     
        1845   10.129427991853371     
        1846   10.112428300419671     
        1847   10.112428300419671     
        1848   10.112428300419671     
        1849   10.112428300419671     
        1850   10.179568914612867     
        1851   10.179568914612867     
        1852   10.177089029106526     
        1853   10.211168168688987     
        1854   10.211168168688987     
        1855   10.211168168688987     
        1856   10.233065127611962     
        1857   10.158422688350930     
        1858   10.193704104991447     
        1859   10.178904948761359     
        1860   10.110791461065299     
        1861   10.083786598910088     
        1862   10.083786598910088     
        1863   10.098648517855738     
        1864   10.074915532227552     
        1865   10.110954997208298     
        1866   10.134072443901610     
        1867   10.134072443901610     
        1868   10.128276276336861     
        1869   10.108240654186964     
        1870   10.108240654186964     
        1871   10.195759753002449     
        1872   10.150855747667322     
        1873   10.150855747667322     
        1874   10.164817893058480     
        1875   10.130467125592018     
        1876   10.130467125592018     
        1877   10.084299975090902     
        1878   10.129009746414891     
        1879   10.116445053900655     
        1880   10.136433802103829     
        1881   10.136433802103829     
        1882   10.279439402922874     
        1883   10.237581787439161     
        1884   10.151921716918343     
        1885   10.134169843143559     
        1886   10.198069572109979     
        1887   10.198069572109979     
        1888   10.157531886704799     
        1889   10.157531886704799     
        1890   10.157531886704799     
        1891   10.175737086750036     
        1892   10.083330028930352     
        1893   10.124523575955768     
        1894   10.103725401007184     
        1895   10.053503974076252     
        1896   10.024897495405252     
        1897   10.112040542309767     
        1898   10.121664951380335     
        1899   10.121664951380335     
        1900   10.156389680099851     
        1901   10.156389680099851     
        1902   10.089315495386746     
        1903   10.050585416657999     
        1904   10.061362666078580     
        1905   10.061362666078580     
        1906   10.061362666078580     
        1907   10.061362666078580     
        1908   10.061362666078580     
        1909   10.061362666078580     
        1910   10.075820284991847     
        1911   10.084427123264566     
        1912   10.033315158870639     
        1913   10.022370920738089     
        1914   10.022370920738089     
        1915   10.092089424682142     
        1916   10.092089424682142     
        1917   10.019701221923384     
        1918   10.025501666722272     
        1919   9.9918800417375238     
        1920   10.027611856242734     
        1921   10.113044152290973     
        1922   10.113044152290973     
        1923   10.113044152290973     
        1924   10.127671152608499     
        1925   10.122233749183033     
        1926   10.122233749183033     
        1927   10.183414220311233     
        1928   10.068131289760903     
        1929   10.118300785256768     
        1930   10.118300785256768     
        1931   10.118300785256768     
        1932   10.183629392173284     
        1933   10.183629392173284     
        1934   10.191041252939483     
        1935   10.212991828436047     
        1936   10.276133022415731     
        1937   10.196682411909638     
        1938   10.196682411909638     
        1939   10.203177244566385     
        1940   10.202211259512158     
        1941   10.224792570889363     
        1942   10.162061677590447     
        1943   10.165937129478893     
        1944   10.085951169278220     
        1945   10.085951169278220     
        1946   10.135089926557777     
        1947   10.143915002573284     
        1948   10.155719718993952     
        1949   10.155719718993952     
        1950   10.155719718993952     
        1951   10.044376318905389     
        1952   10.044376318905389     
        1953   10.061324202921229     
        1954   10.121865091549841     
        1955   10.175668168663215     
        1956   10.169699276929565     
        1957   10.194521821351385     
        1958   10.192199123477021     
        1959   10.234639013052881     
        1960   10.206397757091766     
        1961   10.125996206530953     
        1962   10.082758601921910     
        1963   10.143491990800372     
        1964   10.127639946702651     
        1965   10.127639946702651     
        1966   10.163353902354777     
        1967   10.163353902354777     
        1968   10.173496081631384     
        1969   10.173496081631384     
        1970   10.203791535080319     
        1971   10.186753782325134     
        1972   10.186693638807988     
        1973   10.235410460341349     
        1974   10.235410460341349     
        1975   10.194014181298002     
        1976   10.258550140991353     
        1977   10.215659363357386     
        1978   10.215659363357386     
        1979   10.215659363357386     
        1980   10.286613768814235     
        1981   10.286613768814235     
        1982   10.286613768814235     
        1983   10.286613768814235     
        1984   10.286613768814235     
        1985   10.253156979618758     
        1986   10.263222178740744     
        1987   10.263222178740744     
        1988   10.247081087840083     
        1989   10.247081087840083     
        1990   10.202096371589327     
        1991   10.202096371589327     
        1992   10.256861978559678     
        1993   10.256861978559678     
        1994   10.266415200222058     
        1995   10.190921380479397     
        1996   10.190921380479397     
        1997   10.261921094148393     
        1998   10.261921094148393     
        1999   10.307925580156938     
        2000   10.229667425427992     
