 SAMPLE,  BOXLENGTH
           1   8.1019931334318223     
           2   8.1019931334318223     
           3   8.1230508025624530     
           4   8.1103683850358550     
           5   8.1410294635747018     
           6   8.1065058477346490     
           7   8.1171050834458889     
           8   8.1083587599505691     
           9   8.1230609111688281     
          10   8.1230609111688281     
          11   8.0942333733322478     
          12   8.1258491989034525     
          13   8.1258491989034525     
          14   8.0998235878699703     
          15   8.0998235878699703     
          16   8.1183080332555164     
          17   8.1183080332555164     
          18   8.1183080332555164     
          19   8.1199651722714545     
          20   8.0897243845688038     
          21   8.1204450497932914     
          22   8.0856923265583767     
          23   8.1198365541199191     
          24   8.1277489335271458     
          25   8.0756495663993579     
          26   8.1150386915119022     
          27   8.0893255951512497     
          28   8.1071932671253144     
          29   8.0732777624121503     
          30   8.0732080558189772     
          31   8.0826214486380330     
          32   8.0940855686948705     
          33   8.0940855686948705     
          34   8.0615319894055322     
          35   8.0615319894055322     
          36   8.0804325847873937     
          37   8.0804325847873937     
          38   8.0804325847873937     
          39   8.0820825846194069     
          40   8.1111803829572313     
          41   8.0761543277096468     
          42   8.0830216369248316     
          43   8.1028411569388314     
          44   8.1028411569388314     
          45   8.1028411569388314     
          46   8.1028411569388314     
          47   8.0864836883870073     
          48   8.0864836883870073     
          49   8.0990074590320500     
          50   8.1154777836657477     
          51   8.1014520809963688     
          52   8.0720005047451391     
          53   8.0720005047451391     
          54   8.0953032669530671     
          55   8.0953032669530671     
          56   8.1073734483148172     
          57   8.1261373927015992     
          58   8.0947312342287407     
          59   8.1137806321979689     
          60   8.0994313828974409     
          61   8.0994313828974409     
          62   8.0871587780862075     
          63   8.0871587780862075     
          64   8.0841399400848228     
          65   8.0841399400848228     
          66   8.1133043322522731     
          67   8.0782521712790984     
          68   8.0782521712790984     
          69   8.0613379325626369     
          70   8.0973432249239981     
          71   8.1081518054606914     
          72   8.1021205975070334     
          73   8.0890496571609809     
          74   8.0890496571609809     
          75   8.0923508303083853     
          76   8.0923508303083853     
          77   8.0841142606073788     
          78   8.0731920549929868     
          79   8.0876685664440942     
          80   8.0944746922457682     
          81   8.0944746922457682     
          82   8.0944746922457682     
          83   8.0944746922457682     
          84   8.1218367959324009     
          85   8.1248882835991889     
          86   8.1191076435035932     
          87   8.1191076435035932     
          88   8.1104336512561837     
          89   8.1173883289714315     
          90   8.0711213873453680     
          91   8.0826596067398473     
          92   8.0826596067398473     
          93   8.0826596067398473     
          94   8.0826596067398473     
          95   8.0951686394654629     
          96   8.0613533841822278     
          97   8.0931423386385024     
          98   8.0723842611306580     
          99   8.0723842611306580     
         100   8.0859636708595986     
         101   8.0859636708595986     
         102   8.0859636708595986     
         103   8.0842302927148832     
         104   8.0882329115589435     
         105   8.0957543361546609     
         106   8.0957543361546609     
         107   8.0875365647044326     
         108   8.0875365647044326     
         109   8.1087675136140920     
         110   8.1087675136140920     
         111   8.1087675136140920     
         112   8.0757576010610208     
         113   8.0757576010610208     
         114   8.0757576010610208     
         115   8.0933165681501240     
         116   8.0845675333428844     
         117   8.0984592235506199     
         118   8.0984592235506199     
         119   8.1145073492952644     
         120   8.0785317711339175     
         121   8.0785317711339175     
         122   8.0785317711339175     
         123   8.0785317711339175     
         124   8.0887029680059666     
         125   8.0887029680059666     
         126   8.0887029680059666     
         127   8.1199396999109350     
         128   8.1199396999109350     
         129   8.0955993768014629     
         130   8.0955993768014629     
         131   8.0955993768014629     
         132   8.0955993768014629     
         133   8.0955993768014629     
         134   8.0978053313741398     
         135   8.0978053313741398     
         136   8.0836483501548653     
         137   8.0827193519746157     
         138   8.0825934002690634     
         139   8.0825934002690634     
         140   8.1031065096159587     
         141   8.1031065096159587     
         142   8.1031065096159587     
         143   8.0855492172042140     
         144   8.0945059281412526     
         145   8.1029394854800074     
         146   8.1029394854800074     
         147   8.1029394854800074     
         148   8.1029394854800074     
         149   8.0813686715930757     
         150   8.0813686715930757     
         151   8.0813686715930757     
         152   8.0813686715930757     
         153   8.0960410179196600     
         154   8.0960410179196600     
         155   8.1171690961288352     
         156   8.0932699736529035     
         157   8.0966277923264016     
         158   8.0704075765500374     
         159   8.0885442535241765     
         160   8.0830141670602327     
         161   8.0967139609214396     
         162   8.0883176632808098     
         163   8.0714802037771776     
         164   8.0444473979564055     
         165   8.0444473979564055     
         166   8.0444473979564055     
         167   8.0680577748213569     
         168   8.0680577748213569     
         169   8.0730508389997944     
         170   8.0569256109211835     
         171   8.0569256109211835     
         172   8.0634546633359623     
         173   8.0634546633359623     
         174   8.0730254880569738     
         175   8.0745844222333929     
         176   8.0745844222333929     
         177   8.0742211043150949     
         178   8.0921829287115390     
         179   8.0885422507486648     
         180   8.1009123566023646     
         181   8.1009123566023646     
         182   8.0858611065518264     
         183   8.0858611065518264     
         184   8.0746678940696253     
         185   8.0759143423656425     
         186   8.0759143423656425     
         187   8.0396762922727181     
         188   8.0400567397916340     
         189   8.0539070231718792     
         190   8.0539070231718792     
         191   8.0570004758995779     
         192   8.0561458851632128     
         193   8.0561458851632128     
         194   8.0561458851632128     
         195   8.0645780339180284     
         196   8.0843896225234317     
         197   8.0579542901077303     
         198   8.0758702444026476     
         199   8.0758702444026476     
         200   8.0758702444026476     
         201   8.0909429247322180     
         202   8.0819044829768725     
         203   8.1196955975647214     
         204   8.0875766635251853     
         205   8.0875766635251853     
         206   8.0875766635251853     
         207   8.1068919427658521     
         208   8.1068919427658521     
         209   8.0961660216112925     
         210   8.0805501622957543     
         211   8.0729573478963523     
         212   8.0729573478963523     
         213   8.0729573478963523     
         214   8.0574335649690525     
         215   8.0574335649690525     
         216   8.0844770835060018     
         217   8.0715491418262229     
         218   8.0766377952887609     
         219   8.0766377952887609     
         220   8.0572642229141529     
         221   8.0776809051333274     
         222   8.0620026677126564     
         223   8.0620026677126564     
         224   8.0620026677126564     
         225   8.0620026677126564     
         226   8.0804823388872133     
         227   8.0962452832442899     
         228   8.0962452832442899     
         229   8.0962452832442899     
         230   8.0431262904860166     
         231   8.0396182079066403     
         232   8.0396182079066403     
         233   8.0396182079066403     
         234   8.0396182079066403     
         235   8.0541658850274533     
         236   8.0817105900208865     
         237   8.0938308744603624     
         238   8.0956268110359080     
         239   8.0956268110359080     
         240   8.0956268110359080     
         241   8.0598801392591604     
         242   8.0842207428740451     
         243   8.0611677122432308     
         244   8.0657104372806820     
         245   8.0811421916556085     
         246   8.0847796228296520     
         247   8.0550997510339020     
         248   8.0550997510339020     
         249   8.0550997510339020     
         250   8.0550997510339020     
         251   8.0550997510339020     
         252   8.0684801353206463     
         253   8.0983104830549397     
         254   8.0908960656690354     
         255   8.0958919427184295     
         256   8.0561871571739996     
         257   8.0721387994744358     
         258   8.1014861113408685     
         259   8.1120250779393945     
         260   8.1049736773743462     
         261   8.0976429956497995     
         262   8.0870069125882367     
         263   8.0870069125882367     
         264   8.0840492937914163     
         265   8.0713546549129536     
         266   8.0713546549129536     
         267   8.0778424643171469     
         268   8.0440358250700310     
         269   8.0588793184378513     
         270   8.0588793184378513     
         271   8.0769990273219037     
         272   8.0769990273219037     
         273   8.0645418848346822     
         274   8.0620975912546644     
         275   8.0620975912546644     
         276   8.0400456192786205     
         277   8.0566348082292851     
         278   8.0544240540964012     
         279   8.0572390140207499     
         280   8.0644077585146956     
         281   8.0537046101305290     
         282   8.0537046101305290     
         283   8.0627963274346239     
         284   8.0627963274346239     
         285   8.0554783504467657     
         286   8.0573247001019919     
         287   8.0573247001019919     
         288   8.0585269676833740     
         289   8.0591740521472612     
         290   8.0740825345109055     
         291   8.0470926373297953     
         292   8.0522092017706850     
         293   8.0579185253322603     
         294   8.0625462605990812     
         295   8.0625462605990812     
         296   8.0625462605990812     
         297   8.0435510008068736     
         298   8.0657998335538483     
         299   8.0644770013816949     
         300   8.0548538399741538     
         301   8.0548538399741538     
         302   8.0548538399741538     
         303   8.0548538399741538     
         304   8.0559821056657697     
         305   8.0559821056657697     
         306   8.0559821056657697     
         307   8.0864264673020365     
         308   8.0640637732421609     
         309   8.0708007656564167     
         310   8.0708007656564167     
         311   8.0730254414365543     
         312   8.0601543322017122     
         313   8.0768207927006728     
         314   8.0817294676752702     
         315   8.0756135959478570     
         316   8.1039496290551654     
         317   8.1039496290551654     
         318   8.0975170293062924     
         319   8.0975170293062924     
         320   8.0975170293062924     
         321   8.0975170293062924     
         322   8.1115568400264468     
         323   8.1075707480313159     
         324   8.0719288959555744     
         325   8.0719288959555744     
         326   8.1036755529777427     
         327   8.1036755529777427     
         328   8.1036755529777427     
         329   8.0913953746591858     
         330   8.0913953746591858     
         331   8.0662942847701036     
         332   8.0707274436451648     
         333   8.0707274436451648     
         334   8.0617124173468824     
         335   8.0617124173468824     
         336   8.0617124173468824     
         337   8.0617124173468824     
         338   8.0907932348771894     
         339   8.0917338256461182     
         340   8.0917338256461182     
         341   8.0753774875293018     
         342   8.0753774875293018     
         343   8.0856440107105900     
         344   8.0781191113122421     
         345   8.0220251836119765     
         346   8.0220251836119765     
         347   8.0564372101282693     
         348   8.0752498961609671     
         349   8.0752498961609671     
         350   8.0915612543315198     
         351   8.0915612543315198     
         352   8.0915612543315198     
         353   8.0915612543315198     
         354   8.0663219002233841     
         355   8.0919896787252394     
         356   8.0798033269702501     
         357   8.0798033269702501     
         358   8.0798033269702501     
         359   8.0867996914567328     
         360   8.0579923949868224     
         361   8.0589176039411878     
         362   8.0638068297843137     
         363   8.0575754627031646     
         364   8.0574684466178343     
         365   8.0309465425643740     
         366   8.0309465425643740     
         367   8.0211974230011656     
         368   8.0211974230011656     
         369   8.0530203383465988     
         370   8.0530203383465988     
         371   8.0253709561501623     
         372   8.0283148370787707     
         373   8.0283148370787707     
         374   8.0283148370787707     
         375   8.0251333088120447     
         376   8.0251333088120447     
         377   8.0251333088120447     
         378   8.0251333088120447     
         379   8.0385087472223340     
         380   8.0633924385422588     
         381   8.0633924385422588     
         382   8.0540224481075864     
         383   8.0540224481075864     
         384   8.0698724150708596     
         385   8.0698724150708596     
         386   8.0511721449449123     
         387   8.0657537186465422     
         388   8.0473332553621297     
         389   8.0473332553621297     
         390   8.0521136565686469     
         391   8.0769120422869740     
         392   8.0769120422869740     
         393   8.0915176992106854     
         394   8.0807879384444430     
         395   8.1163318395913961     
         396   8.0539808582057564     
         397   8.0598628960503582     
         398   8.0560181173324903     
         399   8.0785841206848890     
         400   8.0556133235227758     
         401   8.0556133235227758     
         402   8.0782356277724023     
         403   8.0616128493244705     
         404   8.0913319176440162     
         405   8.0913319176440162     
         406   8.0913319176440162     
         407   8.0509025902450819     
         408   8.1012848577912457     
         409   8.1012848577912457     
         410   8.0937461910001822     
         411   8.0907678003501697     
         412   8.0694784795362153     
         413   8.0694784795362153     
         414   8.0862480242713595     
         415   8.0862480242713595     
         416   8.1051300647037934     
         417   8.0716672954651312     
         418   8.0716672954651312     
         419   8.0707768120723724     
         420   8.0850096176184714     
         421   8.0610386963930729     
         422   8.0994974724466946     
         423   8.0658558393067761     
         424   8.0568960332426016     
         425   8.0568960332426016     
         426   8.0862700907098137     
         427   8.0862700907098137     
         428   8.0770223213904622     
         429   8.0962192516120552     
         430   8.0819069700723283     
         431   8.0476185817228689     
         432   8.0539508736951131     
         433   8.0873912252612037     
         434   8.0873912252612037     
         435   8.0651901496221434     
         436   8.0651901496221434     
         437   8.0651901496221434     
         438   8.0651901496221434     
         439   8.0658675694324078     
         440   8.0826187544044892     
         441   8.0826187544044892     
         442   8.0826187544044892     
         443   8.0826187544044892     
         444   8.0659636092277847     
         445   8.0723659685756228     
         446   8.0779040638911077     
         447   8.0779040638911077     
         448   8.0779040638911077     
         449   8.0412640343165034     
         450   8.0478880735324942     
         451   8.0818386708321146     
         452   8.0870027064257162     
         453   8.0870027064257162     
         454   8.0830739720703928     
         455   8.0815369069126817     
         456   8.0877284070986359     
         457   8.0877284070986359     
         458   8.0877284070986359     
         459   8.0847709955556688     
         460   8.0731585417146814     
         461   8.1020934109448390     
         462   8.1020934109448390     
         463   8.0938878421648131     
         464   8.0596434691210170     
         465   8.0802141017026852     
         466   8.0780527651570662     
         467   8.0748794704879803     
         468   8.0681140800859410     
         469   8.0459131122290852     
         470   8.0910186952461860     
         471   8.0846579518170500     
         472   8.0677460939555150     
         473   8.0677460939555150     
         474   8.0677460939555150     
         475   8.0679192475746895     
         476   8.0679192475746895     
         477   8.0679192475746895     
         478   8.0783608594032135     
         479   8.0858676393002842     
         480   8.0620751123117262     
         481   8.0620751123117262     
         482   8.0999035793448133     
         483   8.0813130541181497     
         484   8.0813130541181497     
         485   8.0813130541181497     
         486   8.0720445186243435     
         487   8.0909493695820984     
         488   8.0725005870881077     
         489   8.0611755836719059     
         490   8.0824653349946960     
         491   8.1012878871949816     
         492   8.0945585902455282     
         493   8.1177541473457460     
         494   8.1177541473457460     
         495   8.0908065240421632     
         496   8.0908065240421632     
         497   8.0815137202203609     
         498   8.0954305449679165     
         499   8.0746260358497395     
         500   8.0841364310060673     
         501   8.0628438023940987     
         502   8.0549913163358795     
         503   8.0703889593347391     
         504   8.0703889593347391     
         505   8.0703889593347391     
         506   8.0483745395632251     
         507   8.0389154513795678     
         508   8.0389154513795678     
         509   8.0545858850861265     
         510   8.0545858850861265     
         511   8.0824521035751005     
         512   8.0824521035751005     
         513   8.0586758879431724     
         514   8.0931026217391455     
         515   8.0580970269700671     
         516   8.0933127898948687     
         517   8.0644999092078553     
         518   8.0644999092078553     
         519   8.0817169880766855     
         520   8.0941383343745326     
         521   8.0644378066949933     
         522   8.0849784534329103     
         523   8.0525460124523356     
         524   8.0525460124523356     
         525   8.0517765647065040     
         526   8.0688584190244388     
         527   8.0688584190244388     
         528   8.0688584190244388     
         529   8.0553107087591851     
         530   8.0553107087591851     
         531   8.0553107087591851     
         532   8.0553107087591851     
         533   8.0532657761298907     
         534   8.0532657761298907     
         535   8.0513022954404043     
         536   8.0342207077528283     
         537   8.0536122249607267     
         538   8.0719706386771080     
         539   8.0824911333455933     
         540   8.0809042652574981     
         541   8.0809042652574981     
         542   8.0416439533805111     
         543   8.0416439533805111     
         544   8.0338873773610526     
         545   8.0488477023041209     
         546   8.0622659115169029     
         547   8.0616201054373544     
         548   8.0586575024695772     
         549   8.0586575024695772     
         550   8.0437867512413188     
         551   8.0469511512131682     
         552   8.0469511512131682     
         553   8.0502540118548644     
         554   8.0502540118548644     
         555   8.0512656885962119     
         556   8.0690409484534094     
         557   8.0690409484534094     
         558   8.0749363539070291     
         559   8.0710182894006177     
         560   8.0785810394111817     
         561   8.0785810394111817     
         562   8.0539146204744654     
         563   8.0723544978639730     
         564   8.0723544978639730     
         565   8.0723544978639730     
         566   8.0723544978639730     
         567   8.0688007487733771     
         568   8.0615669912026728     
         569   8.0823995413699343     
         570   8.0805147532871402     
         571   8.0806050747344997     
         572   8.0935833108605362     
         573   8.0644281082562035     
         574   8.0652627864940154     
         575   8.0627475240808781     
         576   8.0400686596156632     
         577   8.0400686596156632     
         578   8.0470262164560502     
         579   8.0523805666790924     
         580   8.0523805666790924     
         581   8.0523805666790924     
         582   8.0523805666790924     
         583   8.0523805666790924     
         584   8.0523805666790924     
         585   8.0132834588695463     
         586   8.0513867336487319     
         587   8.0330520912406467     
         588   8.0330520912406467     
         589   8.0427741600292428     
         590   8.0427741600292428     
         591   8.0427741600292428     
         592   8.0494197816164821     
         593   8.0520715602736352     
         594   8.0375803820811793     
         595   8.0596679608489019     
         596   8.0596679608489019     
         597   8.0596679608489019     
         598   8.0596679608489019     
         599   8.0827351960268761     
         600   8.0827351960268761     
         601   8.0827351960268761     
         602   8.0827351960268761     
         603   8.0406020905372291     
         604   8.0406020905372291     
         605   8.0527889266981045     
         606   8.0519552966407186     
         607   8.0592357697424930     
         608   8.0482624522182498     
         609   8.0482624522182498     
         610   8.0482624522182498     
         611   8.0842754173414519     
         612   8.0801520768231363     
         613   8.0801520768231363     
         614   8.0758533331185873     
         615   8.1080982347345625     
         616   8.1077912783640365     
         617   8.0631095372723109     
         618   8.0631095372723109     
         619   8.0631095372723109     
         620   8.0631095372723109     
         621   8.0631095372723109     
         622   8.0631095372723109     
         623   8.0631095372723109     
         624   8.0631095372723109     
         625   8.0831715336766869     
         626   8.0864557952932135     
         627   8.0981371630086834     
         628   8.0675893380746047     
         629   8.0415433391370854     
         630   8.0668441990334721     
         631   8.0892401897687289     
         632   8.0673267452174695     
         633   8.0761282985073084     
         634   8.0836854387371844     
         635   8.0848451809815973     
         636   8.0750044613809759     
         637   8.0896379051619931     
         638   8.0669280073825114     
         639   8.0669280073825114     
         640   8.0508828360430709     
         641   8.0508828360430709     
         642   8.0508828360430709     
         643   8.0508828360430709     
         644   8.0596838209781492     
         645   8.0462842860936732     
         646   8.0734559414726377     
         647   8.0782754198630737     
         648   8.0516342771171576     
         649   8.0596320393618601     
         650   8.0612396505729560     
         651   8.0706263524710220     
         652   8.0706263524710220     
         653   8.0858113692468265     
         654   8.0782314011810676     
         655   8.0590307132059316     
         656   8.0590307132059316     
         657   8.0829599288455452     
         658   8.0829599288455452     
         659   8.0829599288455452     
         660   8.0829599288455452     
         661   8.1034461409004397     
         662   8.1034461409004397     
         663   8.0828446410523203     
         664   8.0828446410523203     
         665   8.0822065816897197     
         666   8.0613370678564245     
         667   8.0733560979578840     
         668   8.0733560979578840     
         669   8.0932772449348924     
         670   8.0831485979589726     
         671   8.0693482526733256     
         672   8.0693482526733256     
         673   8.0693482526733256     
         674   8.0955196029839573     
         675   8.0955196029839573     
         676   8.0727669453469488     
         677   8.0863858481886854     
         678   8.1131286592688880     
         679   8.0791094803538250     
         680   8.0663383925927192     
         681   8.0527070972322896     
         682   8.0891616343558326     
         683   8.1031476788142793     
         684   8.0725016204141280     
         685   8.0941333438343257     
         686   8.0780348448884638     
         687   8.0881858636979462     
         688   8.0881858636979462     
         689   8.0739233132524042     
         690   8.0871971909151803     
         691   8.0822540639338438     
         692   8.0745941565613606     
         693   8.0745941565613606     
         694   8.0745941565613606     
         695   8.0545287986826200     
         696   8.0603592523710752     
         697   8.0603592523710752     
         698   8.0493454909860969     
         699   8.0818789383295311     
         700   8.0818789383295311     
         701   8.0790881835398860     
         702   8.0853373878250849     
         703   8.0791105821786342     
         704   8.0791105821786342     
         705   8.0791105821786342     
         706   8.0880763214999938     
         707   8.0880763214999938     
         708   8.0531286665104975     
         709   8.0627545630925290     
         710   8.0749835695544139     
         711   8.0497507269957200     
         712   8.0497507269957200     
         713   8.0773610389725246     
         714   8.0941387660571280     
         715   8.0941387660571280     
         716   8.0776237495151904     
         717   8.0929017741037299     
         718   8.0929017741037299     
         719   8.0536937479050223     
         720   8.0819431621848352     
         721   8.0702447376968234     
         722   8.0702447376968234     
         723   8.0702447376968234     
         724   8.0702447376968234     
         725   8.0913125263133043     
         726   8.0642124035723253     
         727   8.0642124035723253     
         728   8.0697364475876210     
         729   8.0722608376155129     
         730   8.0620003191840581     
         731   8.0784070742130805     
         732   8.0784070742130805     
         733   8.0784070742130805     
         734   8.0784070742130805     
         735   8.0726194059916327     
         736   8.0748179463910610     
         737   8.0748179463910610     
         738   8.0748179463910610     
         739   8.0748179463910610     
         740   8.0764428958697607     
         741   8.0825660180354149     
         742   8.0825660180354149     
         743   8.0825660180354149     
         744   8.0739079483230558     
         745   8.0739079483230558     
         746   8.0739079483230558     
         747   8.0706397862314176     
         748   8.0822644110686230     
         749   8.0822644110686230     
         750   8.0822644110686230     
         751   8.0863350730873531     
         752   8.0783446306388971     
         753   8.0754966504243981     
         754   8.0469206927869443     
         755   8.0469206927869443     
         756   8.0725168215433865     
         757   8.0725168215433865     
         758   8.0679107212044077     
         759   8.0679107212044077     
         760   8.0679107212044077     
         761   8.1023815674453097     
         762   8.0608424094190241     
         763   8.1001047124653969     
         764   8.1001047124653969     
         765   8.1001047124653969     
         766   8.0705570540030145     
         767   8.0544208384652105     
         768   8.0535649171121246     
         769   8.0581466405757212     
         770   8.0711631960607502     
         771   8.0698297620684318     
         772   8.1000308738038083     
         773   8.0784482801892139     
         774   8.0784482801892139     
         775   8.0784482801892139     
         776   8.0784482801892139     
         777   8.0784482801892139     
         778   8.0496738081772659     
         779   8.0496738081772659     
         780   8.0675317399902529     
         781   8.0856723585221051     
         782   8.0952310126065807     
         783   8.0952310126065807     
         784   8.0727349295677655     
         785   8.0830071253643148     
         786   8.0830071253643148     
         787   8.0830071253643148     
         788   8.0869268171743869     
         789   8.0869268171743869     
         790   8.0572841290113448     
         791   8.0896185198221655     
         792   8.0659416779575572     
         793   8.0659416779575572     
         794   8.0794853360210279     
         795   8.0884726226476182     
         796   8.0804398348509014     
         797   8.0804398348509014     
         798   8.0824590991071616     
         799   8.0745255749273728     
         800   8.0627165750351057     
         801   8.0835217023465997     
         802   8.0967094985815073     
         803   8.0834878564399908     
         804   8.0652362876772763     
         805   8.0652362876772763     
         806   8.0652362876772763     
         807   8.0652362876772763     
         808   8.0452179966464374     
         809   8.0604836917569802     
         810   8.0498170499056023     
         811   8.0712084745246990     
         812   8.0597482317196576     
         813   8.0966449218569370     
         814   8.0760516586113180     
         815   8.0760516586113180     
         816   8.0823364996602134     
         817   8.0823364996602134     
         818   8.0823364996602134     
         819   8.0754185236314839     
         820   8.0754185236314839     
         821   8.0580338702404628     
         822   8.0791087097637195     
         823   8.0791087097637195     
         824   8.0791087097637195     
         825   8.0774926777625122     
         826   8.1009257921601012     
         827   8.1009257921601012     
         828   8.0840072002714205     
         829   8.0840072002714205     
         830   8.1167274212543301     
         831   8.1167274212543301     
         832   8.1158790589606244     
         833   8.0833143822275364     
         834   8.0682564024233780     
         835   8.0982598099056222     
         836   8.1279515113044898     
         837   8.1279515113044898     
         838   8.1209450000805194     
         839   8.1166526516171498     
         840   8.1166526516171498     
         841   8.1166526516171498     
         842   8.1166526516171498     
         843   8.1329587638442522     
         844   8.1049663695240977     
         845   8.1071239927261498     
         846   8.1050671070113935     
         847   8.1050671070113935     
         848   8.1024255483169689     
         849   8.0840753079764980     
         850   8.0840753079764980     
         851   8.1625982863153155     
         852   8.1246301347343906     
         853   8.1426685943007620     
         854   8.1176263221909224     
         855   8.1176263221909224     
         856   8.1176263221909224     
         857   8.1012343971684277     
         858   8.1319614566127161     
         859   8.1319614566127161     
         860   8.1319614566127161     
         861   8.1360444454688441     
         862   8.1101072088107138     
         863   8.1026586645093310     
         864   8.1258531854640950     
         865   8.1258531854640950     
         866   8.0983098168112679     
         867   8.1270678701153969     
         868   8.1270678701153969     
         869   8.1236869568080010     
         870   8.1111356481795838     
         871   8.1111356481795838     
         872   8.1254087589332578     
         873   8.1345535226921672     
         874   8.1019575239661421     
         875   8.1019575239661421     
         876   8.0965522763561228     
         877   8.1356501480333261     
         878   8.1361176260500905     
         879   8.1059312946678777     
         880   8.1059312946678777     
         881   8.1030792308737887     
         882   8.1030792308737887     
         883   8.1030792308737887     
         884   8.1270436449139023     
         885   8.0763913349275089     
         886   8.1043030714592224     
         887   8.0943027215448673     
         888   8.0943027215448673     
         889   8.0780581136315632     
         890   8.0985038206021791     
         891   8.0985038206021791     
         892   8.1180446516166480     
         893   8.1202277105415295     
         894   8.1202277105415295     
         895   8.0916290010262077     
         896   8.0961612279893949     
         897   8.1100276229434414     
         898   8.0780604039884061     
         899   8.0780604039884061     
         900   8.0780604039884061     
         901   8.1074247981767975     
         902   8.0985735189295074     
         903   8.1010860882239015     
         904   8.0945706463432323     
         905   8.0760423795166840     
         906   8.0760423795166840     
         907   8.0898132395089206     
         908   8.0807277289533364     
         909   8.1142001861646733     
         910   8.1142001861646733     
         911   8.0938616524938478     
         912   8.0938616524938478     
         913   8.0673845808234379     
         914   8.0673845808234379     
         915   8.0703145896228765     
         916   8.0766798822413453     
         917   8.0717466428331957     
         918   8.0711106823448731     
         919   8.0774632528053587     
         920   8.0771657017827252     
         921   8.0988231100433783     
         922   8.0988231100433783     
         923   8.0988231100433783     
         924   8.0721849579991751     
         925   8.0828550272948068     
         926   8.0828550272948068     
         927   8.0828550272948068     
         928   8.0828550272948068     
         929   8.0828550272948068     
         930   8.0716008201982010     
         931   8.0716008201982010     
         932   8.1093734196358369     
         933   8.0585266618430023     
         934   8.0883277047845059     
         935   8.0883277047845059     
         936   8.1060092068285510     
         937   8.0669005147241535     
         938   8.0669005147241535     
         939   8.0805722299192038     
         940   8.0805722299192038     
         941   8.0811981709084630     
         942   8.0811981709084630     
         943   8.0811981709084630     
         944   8.0891362206868713     
         945   8.1018528887830197     
         946   8.1018528887830197     
         947   8.1114010156145717     
         948   8.0852452175613436     
         949   8.0852452175613436     
         950   8.0852452175613436     
         951   8.0970654035022314     
         952   8.0973655565125249     
         953   8.0980056660094064     
         954   8.1020339039362668     
         955   8.1020339039362668     
         956   8.1020339039362668     
         957   8.1020339039362668     
         958   8.0823218270242219     
         959   8.0849929709157990     
         960   8.0755591779061628     
         961   8.0755591779061628     
         962   8.0755591779061628     
         963   8.0647951471798400     
         964   8.0647951471798400     
         965   8.0647951471798400     
         966   8.0963693467828541     
         967   8.0963693467828541     
         968   8.0892031190492801     
         969   8.0895480686769421     
         970   8.0895480686769421     
         971   8.0962988043532604     
         972   8.0962988043532604     
         973   8.0797031451767367     
         974   8.0797031451767367     
         975   8.1180592313936710     
         976   8.1175864180843043     
         977   8.1175864180843043     
         978   8.1076687582813722     
         979   8.0714433730696538     
         980   8.0805334854721398     
         981   8.0868945438257409     
         982   8.0868945438257409     
         983   8.0868945438257409     
         984   8.0868945438257409     
         985   8.0844758016778595     
         986   8.0844758016778595     
         987   8.0924879707893975     
         988   8.0856997828630561     
         989   8.0584473189958548     
         990   8.0936845084540252     
         991   8.1036833771155319     
         992   8.0993440433924029     
         993   8.0806658646972664     
         994   8.0806658646972664     
         995   8.0772213539040632     
         996   8.0642738304763792     
         997   8.0642738304763792     
         998   8.1047824492300951     
         999   8.0884225399278442     
        1000   8.0884225399278442     
        1001   8.0884225399278442     
        1002   8.1056849560439819     
        1003   8.0909101995346919     
        1004   8.0683293006686974     
        1005   8.0519349280431864     
        1006   8.0758457992242096     
        1007   8.1103474488707992     
        1008   8.0928527354417703     
        1009   8.0956369617283617     
        1010   8.0712430562175097     
        1011   8.0712430562175097     
        1012   8.0887289254613659     
        1013   8.0903089946394307     
        1014   8.0903089946394307     
        1015   8.0903089946394307     
        1016   8.0709303777609893     
        1017   8.0818952856130757     
        1018   8.0818952856130757     
        1019   8.0697508626228114     
        1020   8.0697508626228114     
        1021   8.0697508626228114     
        1022   8.0767339907295490     
        1023   8.1030923363850160     
        1024   8.0976107364893384     
        1025   8.1128163757975962     
        1026   8.0892917189966624     
        1027   8.1055456027565942     
        1028   8.0832601632410110     
        1029   8.0686856877437521     
        1030   8.0825243970287310     
        1031   8.0903713740688090     
        1032   8.0903713740688090     
        1033   8.0925763055946618     
        1034   8.0856369186985066     
        1035   8.0937325648937914     
        1036   8.1174278320041040     
        1037   8.0797242576868964     
        1038   8.1096611244313461     
        1039   8.0840077671815465     
        1040   8.0861375982725114     
        1041   8.0846291302143349     
        1042   8.0974679996483001     
        1043   8.1360515985262705     
        1044   8.1360515985262705     
        1045   8.1360515985262705     
        1046   8.0978944831923343     
        1047   8.0978944831923343     
        1048   8.1332698913422909     
        1049   8.1332698913422909     
        1050   8.1332698913422909     
        1051   8.0912083629681621     
        1052   8.0991354689932464     
        1053   8.1031346922421861     
        1054   8.1031346922421861     
        1055   8.0805183173997968     
        1056   8.0805183173997968     
        1057   8.1050436191067643     
        1058   8.1015761013692877     
        1059   8.0942995114311866     
        1060   8.0661514509209180     
        1061   8.0661514509209180     
        1062   8.1307002819164396     
        1063   8.1307002819164396     
        1064   8.1118986310882057     
        1065   8.1118986310882057     
        1066   8.1120258801194680     
        1067   8.1304386360066108     
        1068   8.0804148597039251     
        1069   8.0803173305839202     
        1070   8.0803173305839202     
        1071   8.1132858545050457     
        1072   8.1115101955664013     
        1073   8.0808655597950185     
        1074   8.0994200243971601     
        1075   8.0948399947358496     
        1076   8.0948399947358496     
        1077   8.0844460496704489     
        1078   8.0844460496704489     
        1079   8.0972526516167580     
        1080   8.0972526516167580     
        1081   8.0991278403788609     
        1082   8.1152527644541745     
        1083   8.0797243070589619     
        1084   8.0797243070589619     
        1085   8.1198149642947950     
        1086   8.1198149642947950     
        1087   8.1125510646869241     
        1088   8.1003761426235101     
        1089   8.0810902753162299     
        1090   8.0998599272796703     
        1091   8.1069002720921333     
        1092   8.1155350066309015     
        1093   8.0932932518186096     
        1094   8.1096705054993041     
        1095   8.1107438808120165     
        1096   8.0867814712981172     
        1097   8.1151581602644907     
        1098   8.1151581602644907     
        1099   8.0900659063265703     
        1100   8.0900659063265703     
        1101   8.0877388723458026     
        1102   8.0901166596475669     
        1103   8.0783908364503585     
        1104   8.0985596062627376     
        1105   8.0985596062627376     
        1106   8.0985596062627376     
        1107   8.0985596062627376     
        1108   8.0736758102762067     
        1109   8.0736758102762067     
        1110   8.1091771996390101     
        1111   8.1091771996390101     
        1112   8.1195665970081237     
        1113   8.1045828843598162     
        1114   8.1045828843598162     
        1115   8.1045828843598162     
        1116   8.0934060581262610     
        1117   8.0934060581262610     
        1118   8.0934060581262610     
        1119   8.1049142668877980     
        1120   8.0879604305860777     
        1121   8.0909308595600020     
        1122   8.1006707699786986     
        1123   8.1022362116003350     
        1124   8.1022362116003350     
        1125   8.1022362116003350     
        1126   8.1022362116003350     
        1127   8.0916059106374849     
        1128   8.0916059106374849     
        1129   8.1237232680728884     
        1130   8.1237232680728884     
        1131   8.0938423334648402     
        1132   8.0938423334648402     
        1133   8.1040624640635173     
        1134   8.0898937012883962     
        1135   8.0838559900077200     
        1136   8.1140203029113014     
        1137   8.1027188267904684     
        1138   8.1027188267904684     
        1139   8.1027188267904684     
        1140   8.1080056613855938     
        1141   8.1128526276159629     
        1142   8.1128526276159629     
        1143   8.1154884718933022     
        1144   8.1177983307027581     
        1145   8.1177983307027581     
        1146   8.1177983307027581     
        1147   8.1090847669163715     
        1148   8.1145438757498702     
        1149   8.1145438757498702     
        1150   8.1442498685934144     
        1151   8.1201666810930089     
        1152   8.0974119603854451     
        1153   8.0974119603854451     
        1154   8.0974119603854451     
        1155   8.0974119603854451     
        1156   8.0912150184698142     
        1157   8.1209478378375746     
        1158   8.1154717890323411     
        1159   8.0989434790299448     
        1160   8.1193330407476054     
        1161   8.1257988865891235     
        1162   8.1257988865891235     
        1163   8.1405793983492725     
        1164   8.1032816221422657     
        1165   8.1032816221422657     
        1166   8.1133486288962668     
        1167   8.0939239218960548     
        1168   8.0847221443378583     
        1169   8.1023112882355370     
        1170   8.1247887020624496     
        1171   8.1200862607197042     
        1172   8.0854906632752197     
        1173   8.0854906632752197     
        1174   8.0644630258573518     
        1175   8.1061473930581744     
        1176   8.0708295051228145     
        1177   8.0750600832280988     
        1178   8.0669370766046722     
        1179   8.0669370766046722     
        1180   8.0723714132685451     
        1181   8.0723714132685451     
        1182   8.0723714132685451     
        1183   8.0758309685456435     
        1184   8.0617490946589445     
        1185   8.0928823894178894     
        1186   8.0779547802500460     
        1187   8.0779547802500460     
        1188   8.0779547802500460     
        1189   8.0871438435861442     
        1190   8.0960822206068048     
        1191   8.0983609003205945     
        1192   8.1040533735140272     
        1193   8.0896801704979673     
        1194   8.0822417136286759     
        1195   8.0822417136286759     
        1196   8.0691850204530446     
        1197   8.0739351171006941     
        1198   8.0739351171006941     
        1199   8.0739351171006941     
        1200   8.0881187673224773     
        1201   8.0881187673224773     
        1202   8.0858245762170053     
        1203   8.0858245762170053     
        1204   8.0901430651409836     
        1205   8.0695035811664333     
        1206   8.0695035811664333     
        1207   8.0718961621379837     
        1208   8.0718961621379837     
        1209   8.0927180024252703     
        1210   8.0810079449655756     
        1211   8.0937066349689886     
        1212   8.0937066349689886     
        1213   8.0736644105044508     
        1214   8.0830650608064385     
        1215   8.1052008633416026     
        1216   8.1052008633416026     
        1217   8.0883198055260355     
        1218   8.0883198055260355     
        1219   8.0697202074926597     
        1220   8.0869184215569163     
        1221   8.0869184215569163     
        1222   8.1008076336360784     
        1223   8.1008076336360784     
        1224   8.1004054584083764     
        1225   8.1131704911926672     
        1226   8.0891340529206950     
        1227   8.0891340529206950     
        1228   8.0891340529206950     
        1229   8.1312850119572726     
        1230   8.1311840752559021     
        1231   8.1201732940396134     
        1232   8.0976626825235520     
        1233   8.0976626825235520     
        1234   8.0976626825235520     
        1235   8.1013552381660254     
        1236   8.1013552381660254     
        1237   8.1094565899566522     
        1238   8.1094565899566522     
        1239   8.1094565899566522     
        1240   8.1211074589296022     
        1241   8.0868302290495091     
        1242   8.0868302290495091     
        1243   8.0644278533804652     
        1244   8.0644278533804652     
        1245   8.0729078806835091     
        1246   8.0729078806835091     
        1247   8.0890844820170926     
        1248   8.0890844820170926     
        1249   8.0890844820170926     
        1250   8.0688016550937931     
        1251   8.0688016550937931     
        1252   8.0848613860674750     
        1253   8.0891560696258829     
        1254   8.0753006940129701     
        1255   8.0854205208763705     
        1256   8.0854205208763705     
        1257   8.0906897164555129     
        1258   8.0648508960082559     
        1259   8.0648508960082559     
        1260   8.0925738106152778     
        1261   8.0925738106152778     
        1262   8.0938084564535639     
        1263   8.0904153312965139     
        1264   8.1301701359501717     
        1265   8.1011289318815205     
        1266   8.1011289318815205     
        1267   8.0906841110610639     
        1268   8.0906841110610639     
        1269   8.0906841110610639     
        1270   8.0876475416231806     
        1271   8.0962989539547525     
        1272   8.1196216677609101     
        1273   8.1004099148057627     
        1274   8.1069207200079827     
        1275   8.1014142704188146     
        1276   8.0941913553463714     
        1277   8.0849213665490769     
        1278   8.0779951889535297     
        1279   8.1017022100195657     
        1280   8.1164524107724727     
        1281   8.1164524107724727     
        1282   8.0887506153412474     
        1283   8.0887506153412474     
        1284   8.0807447387094022     
        1285   8.1113428138814463     
        1286   8.1113428138814463     
        1287   8.0852958851993399     
        1288   8.1173032529295170     
        1289   8.1173032529295170     
        1290   8.0823283232633827     
        1291   8.0960707898574178     
        1292   8.1243868108579420     
        1293   8.0989176436095214     
        1294   8.0989176436095214     
        1295   8.0989176436095214     
        1296   8.0989176436095214     
        1297   8.1057190400944581     
        1298   8.1057190400944581     
        1299   8.1196975929206516     
        1300   8.1017557325066285     
        1301   8.0750591854701117     
        1302   8.0970187580181801     
        1303   8.1126285236180742     
        1304   8.1126285236180742     
        1305   8.1126285236180742     
        1306   8.0836920842873958     
        1307   8.0836920842873958     
        1308   8.0902778289985200     
        1309   8.0767185953733360     
        1310   8.0733669105589243     
        1311   8.0928777972361861     
        1312   8.0928777972361861     
        1313   8.0928777972361861     
        1314   8.0932479990177040     
        1315   8.1179881717838747     
        1316   8.0816200140800394     
        1317   8.0816200140800394     
        1318   8.1191065264412963     
        1319   8.0917291013439154     
        1320   8.0917291013439154     
        1321   8.0917291013439154     
        1322   8.0917291013439154     
        1323   8.0917291013439154     
        1324   8.0917291013439154     
        1325   8.0882544523251134     
        1326   8.0882544523251134     
        1327   8.0603708184810898     
        1328   8.0640642925207935     
        1329   8.0963671598280289     
        1330   8.0963671598280289     
        1331   8.0832546879295162     
        1332   8.0832546879295162     
        1333   8.0832546879295162     
        1334   8.0832546879295162     
        1335   8.0832546879295162     
        1336   8.0832546879295162     
        1337   8.0913394030923822     
        1338   8.0913394030923822     
        1339   8.0913394030923822     
        1340   8.0913394030923822     
        1341   8.1090180128550511     
        1342   8.0747718568191047     
        1343   8.0648851913081661     
        1344   8.0648851913081661     
        1345   8.0648851913081661     
        1346   8.0746654096417458     
        1347   8.0746654096417458     
        1348   8.1096254464187290     
        1349   8.1096254464187290     
        1350   8.0848163399343811     
        1351   8.0848163399343811     
        1352   8.0848163399343811     
        1353   8.0848163399343811     
        1354   8.0955729202297864     
        1355   8.0955729202297864     
        1356   8.1029811176325399     
        1357   8.1029811176325399     
        1358   8.1126892694673209     
        1359   8.1126892694673209     
        1360   8.0865958418502171     
        1361   8.1064343767582283     
        1362   8.0742984423372519     
        1363   8.0983372446175999     
        1364   8.0983372446175999     
        1365   8.1085837632351812     
        1366   8.1059228815733313     
        1367   8.0839176046274552     
        1368   8.0852807553492383     
        1369   8.0852807553492383     
        1370   8.0869511491183310     
        1371   8.0869511491183310     
        1372   8.1026947088082242     
        1373   8.0961728995164837     
        1374   8.1022647788862514     
        1375   8.1022647788862514     
        1376   8.0960109162103109     
        1377   8.0960109162103109     
        1378   8.0960109162103109     
        1379   8.0966645140077791     
        1380   8.0826362116215140     
        1381   8.0826362116215140     
        1382   8.0636529094110880     
        1383   8.0636529094110880     
        1384   8.1058243742490408     
        1385   8.1058243742490408     
        1386   8.1019221551329377     
        1387   8.1019221551329377     
        1388   8.0910172043164241     
        1389   8.0910172043164241     
        1390   8.1010632545655668     
        1391   8.1010632545655668     
        1392   8.1010632545655668     
        1393   8.1155917566865394     
        1394   8.1073855752830060     
        1395   8.1073855752830060     
        1396   8.1098623799846727     
        1397   8.1154224003875015     
        1398   8.1154224003875015     
        1399   8.1118883779197830     
        1400   8.1118883779197830     
        1401   8.1118883779197830     
        1402   8.0989531673817847     
        1403   8.0989531673817847     
        1404   8.0706896800786883     
        1405   8.0706896800786883     
        1406   8.0487263553910715     
        1407   8.0908992471984735     
        1408   8.0908992471984735     
        1409   8.1074059698378615     
        1410   8.1074059698378615     
        1411   8.1074059698378615     
        1412   8.1074059698378615     
        1413   8.1074059698378615     
        1414   8.1030340186810559     
        1415   8.0991583348933212     
        1416   8.0991583348933212     
        1417   8.0829660709745710     
        1418   8.0829660709745710     
        1419   8.0829660709745710     
        1420   8.0729233977621018     
        1421   8.0614694008754153     
        1422   8.0868470603304701     
        1423   8.0758968500936135     
        1424   8.0758968500936135     
        1425   8.0661622449939330     
        1426   8.0801101898617969     
        1427   8.0801101898617969     
        1428   8.0801101898617969     
        1429   8.0822436355911709     
        1430   8.0885996637817712     
        1431   8.0807554833859250     
        1432   8.0720487531491489     
        1433   8.0646889087257208     
        1434   8.0646889087257208     
        1435   8.0646889087257208     
        1436   8.0646889087257208     
        1437   8.0559203559512458     
        1438   8.0737469604086538     
        1439   8.0385147457550588     
        1440   8.0915669630167635     
        1441   8.0690320286657311     
        1442   8.0716267882706170     
        1443   8.0716267882706170     
        1444   8.0716267882706170     
        1445   8.0828784462340462     
        1446   8.0748835982515654     
        1447   8.0748835982515654     
        1448   8.0748835982515654     
        1449   8.0596223522349444     
        1450   8.0596223522349444     
        1451   8.0842175365811553     
        1452   8.0842175365811553     
        1453   8.0842175365811553     
        1454   8.0842175365811553     
        1455   8.0644913252430097     
        1456   8.0666203116304764     
        1457   8.0666203116304764     
        1458   8.0809991633525584     
        1459   8.0677420316671018     
        1460   8.0677420316671018     
        1461   8.0677420316671018     
        1462   8.0677420316671018     
        1463   8.0865357254962191     
        1464   8.1062655015649074     
        1465   8.0819007536612819     
        1466   8.0819007536612819     
        1467   8.0891373244224543     
        1468   8.0827691830468940     
        1469   8.0971899522929505     
        1470   8.0887340450431378     
        1471   8.0882586477345484     
        1472   8.0882586477345484     
        1473   8.0882586477345484     
        1474   8.0710297804118358     
        1475   8.0865561279641103     
        1476   8.0699121266610323     
        1477   8.0826415471346280     
        1478   8.0826415471346280     
        1479   8.0418912813232684     
        1480   8.0735008223628704     
        1481   8.0735008223628704     
        1482   8.0735008223628704     
        1483   8.0570606440341130     
        1484   8.0886865286359111     
        1485   8.0965681650267118     
        1486   8.1052698122509934     
        1487   8.1052698122509934     
        1488   8.0995140587007661     
        1489   8.0995140587007661     
        1490   8.1246550189523798     
        1491   8.1097448027603285     
        1492   8.1129049497614112     
        1493   8.1064375532912152     
        1494   8.0927782964235462     
        1495   8.0869737752542434     
        1496   8.1019262995778121     
        1497   8.0773147802849863     
        1498   8.1089083317105057     
        1499   8.1089083317105057     
        1500   8.1089083317105057     
        1501   8.1089083317105057     
        1502   8.1089083317105057     
        1503   8.1089083317105057     
        1504   8.1089083317105057     
        1505   8.1089083317105057     
        1506   8.1089083317105057     
        1507   8.0839631160852079     
        1508   8.0839631160852079     
        1509   8.1025318414648737     
        1510   8.0570858584918437     
        1511   8.0936027967542312     
        1512   8.0936027967542312     
        1513   8.0936027967542312     
        1514   8.0728787736242200     
        1515   8.0848040244136961     
        1516   8.0798996618041663     
        1517   8.0844885921391363     
        1518   8.0620593066302124     
        1519   8.0672303581948466     
        1520   8.0440042121724211     
        1521   8.0771163420374350     
        1522   8.0771163420374350     
        1523   8.0771163420374350     
        1524   8.0664068478790192     
        1525   8.0718944642602235     
        1526   8.0829896263504040     
        1527   8.0901484366721785     
        1528   8.0772196908657428     
        1529   8.0772196908657428     
        1530   8.0788695391840371     
        1531   8.0788695391840371     
        1532   8.1062123588681381     
        1533   8.0984640037720936     
        1534   8.0992032065343249     
        1535   8.0871174156538075     
        1536   8.0540747417780985     
        1537   8.0673810026951021     
        1538   8.0803071316569195     
        1539   8.0803071316569195     
        1540   8.0803071316569195     
        1541   8.0904989187369711     
        1542   8.0904989187369711     
        1543   8.0904989187369711     
        1544   8.0904989187369711     
        1545   8.0904989187369711     
        1546   8.1000428923239891     
        1547   8.1182197431128902     
        1548   8.1046233990639482     
        1549   8.1058419734765614     
        1550   8.1204092200846230     
        1551   8.1204092200846230     
        1552   8.1279942056525947     
        1553   8.1333347914597915     
        1554   8.1126559571449199     
        1555   8.1126559571449199     
        1556   8.1126559571449199     
        1557   8.0826319640852642     
        1558   8.0826319640852642     
        1559   8.0826319640852642     
        1560   8.0826319640852642     
        1561   8.0920522939125590     
        1562   8.1140455830694957     
        1563   8.1313460707126932     
        1564   8.1495140376989905     
        1565   8.1228493754484603     
        1566   8.0928814125966966     
        1567   8.0928814125966966     
        1568   8.0794737010605271     
        1569   8.1075014143130950     
        1570   8.0979477054686733     
        1571   8.0979477054686733     
        1572   8.0731958217512307     
        1573   8.0731958217512307     
        1574   8.0859644714231393     
        1575   8.1014908471287814     
        1576   8.1014908471287814     
        1577   8.0896927882505114     
        1578   8.0896927882505114     
        1579   8.0493849613873660     
        1580   8.0493849613873660     
        1581   8.0493849613873660     
        1582   8.0739241370752293     
        1583   8.0846027955036011     
        1584   8.0678982129485490     
        1585   8.0678982129485490     
        1586   8.0840454974067537     
        1587   8.0539908453024545     
        1588   8.0666522106101830     
        1589   8.0943021522929062     
        1590   8.0829083375589228     
        1591   8.0724400803531378     
        1592   8.0640919486568645     
        1593   8.0640919486568645     
        1594   8.0640919486568645     
        1595   8.0656345451809663     
        1596   8.0656345451809663     
        1597   8.0656345451809663     
        1598   8.0656345451809663     
        1599   8.0763083395839192     
        1600   8.0763083395839192     
        1601   8.0763083395839192     
        1602   8.0739010325587621     
        1603   8.0746198673756790     
        1604   8.0915329651221821     
        1605   8.0700350356976021     
        1606   8.0700350356976021     
        1607   8.0700350356976021     
        1608   8.0700350356976021     
        1609   8.0769603129053724     
        1610   8.0769603129053724     
        1611   8.0383202772814997     
        1612   8.0383202772814997     
        1613   8.0407425222836455     
        1614   8.0407425222836455     
        1615   8.0776904433145074     
        1616   8.0957158401586398     
        1617   8.0957158401586398     
        1618   8.0880540866087323     
        1619   8.0880540866087323     
        1620   8.0557786569512864     
        1621   8.0557786569512864     
        1622   8.0557786569512864     
        1623   8.0557786569512864     
        1624   8.0530276176760260     
        1625   8.0530276176760260     
        1626   8.0530776004985754     
        1627   8.0530776004985754     
        1628   8.0530776004985754     
        1629   8.0583512372751134     
        1630   8.0583512372751134     
        1631   8.0583512372751134     
        1632   8.0882002649971252     
        1633   8.0873501030746464     
        1634   8.0593940197697336     
        1635   8.0945746376656569     
        1636   8.0743532498462649     
        1637   8.1075010758581953     
        1638   8.0895567081490665     
        1639   8.0895567081490665     
        1640   8.0620911450284858     
        1641   8.0620911450284858     
        1642   8.0804250797283359     
        1643   8.0727967261509495     
        1644   8.0727967261509495     
        1645   8.0709115334682942     
        1646   8.0735980986660767     
        1647   8.0735980986660767     
        1648   8.1006503826959921     
        1649   8.1006503826959921     
        1650   8.1006503826959921     
        1651   8.1069816851672769     
        1652   8.0958774099086401     
        1653   8.0958774099086401     
        1654   8.0958774099086401     
        1655   8.0852789417343800     
        1656   8.0852789417343800     
        1657   8.1101819351626183     
        1658   8.0911707122913601     
        1659   8.0911707122913601     
        1660   8.0911707122913601     
        1661   8.0629920091594869     
        1662   8.0765160746222033     
        1663   8.0765160746222033     
        1664   8.0838508898962775     
        1665   8.0846132145969403     
        1666   8.1031534102190133     
        1667   8.1031534102190133     
        1668   8.1031534102190133     
        1669   8.0990154691904337     
        1670   8.0990154691904337     
        1671   8.0719686860002575     
        1672   8.0836102303772179     
        1673   8.0779319972496211     
        1674   8.1066866166792622     
        1675   8.0704946184106365     
        1676   8.0704946184106365     
        1677   8.0704946184106365     
        1678   8.0704946184106365     
        1679   8.0931935502880901     
        1680   8.0580049027819616     
        1681   8.0474110972605928     
        1682   8.0475846637425743     
        1683   8.0863624702963648     
        1684   8.0498092888396862     
        1685   8.0498092888396862     
        1686   8.0730595107715697     
        1687   8.0556200824825925     
        1688   8.0632620627434637     
        1689   8.0632620627434637     
        1690   8.0822285792567179     
        1691   8.0934276545915207     
        1692   8.1179282248160316     
        1693   8.1179282248160316     
        1694   8.0897046216717978     
        1695   8.0897046216717978     
        1696   8.1065582340257993     
        1697   8.1144739052160055     
        1698   8.0961299741248069     
        1699   8.0961299741248069     
        1700   8.0813980869162272     
        1701   8.0813980869162272     
        1702   8.0602583617781303     
        1703   8.0719196607415462     
        1704   8.1017690297881426     
        1705   8.1017690297881426     
        1706   8.0653328911812565     
        1707   8.0653328911812565     
        1708   8.1013384058928182     
        1709   8.0802298466869882     
        1710   8.0713978813483749     
        1711   8.0481565940506670     
        1712   8.0557358829824626     
        1713   8.0585934056806039     
        1714   8.0585934056806039     
        1715   8.0585934056806039     
        1716   8.0715574306682729     
        1717   8.0836951798324570     
        1718   8.0836951798324570     
        1719   8.0886458419509424     
        1720   8.0874951215834248     
        1721   8.0901674037014004     
        1722   8.0916046398666381     
        1723   8.0821763920292469     
        1724   8.1004442580422449     
        1725   8.0925515399268715     
        1726   8.0562083764074170     
        1727   8.0779699462054957     
        1728   8.0779699462054957     
        1729   8.0779699462054957     
        1730   8.0621675953585790     
        1731   8.1088637546224636     
        1732   8.0895457493640492     
        1733   8.1173317394739755     
        1734   8.1173317394739755     
        1735   8.1045642878564514     
        1736   8.1045642878564514     
        1737   8.1040119299262479     
        1738   8.0875315417176292     
        1739   8.0930302872655844     
        1740   8.0954233841389396     
        1741   8.1037488080349416     
        1742   8.0833282886952684     
        1743   8.0833282886952684     
        1744   8.1226632212815542     
        1745   8.1122715780023942     
        1746   8.0728766817872319     
        1747   8.1223741743800115     
        1748   8.1223741743800115     
        1749   8.0753024459988652     
        1750   8.0753024459988652     
        1751   8.0563170590907962     
        1752   8.0337633648455409     
        1753   8.0504254331763736     
        1754   8.0504254331763736     
        1755   8.0504254331763736     
        1756   8.0610493353091037     
        1757   8.0916400628591134     
        1758   8.0916400628591134     
        1759   8.0916400628591134     
        1760   8.0785196373927697     
        1761   8.0562409411521809     
        1762   8.0753892184418454     
        1763   8.0744125847091262     
        1764   8.0744125847091262     
        1765   8.0744125847091262     
        1766   8.0781255355856665     
        1767   8.0781255355856665     
        1768   8.0779936070032452     
        1769   8.0794457731708338     
        1770   8.0794457731708338     
        1771   8.0794457731708338     
        1772   8.0794457731708338     
        1773   8.0986231918378646     
        1774   8.0624267359863566     
        1775   8.0624267359863566     
        1776   8.0507724481091945     
        1777   8.0637009895948779     
        1778   8.0637009895948779     
        1779   8.0637009895948779     
        1780   8.0962563565474213     
        1781   8.0938917127198167     
        1782   8.1043155960557751     
        1783   8.0995780808848643     
        1784   8.0995780808848643     
        1785   8.0943832438506575     
        1786   8.0774255617548008     
        1787   8.0556669921782937     
        1788   8.0556669921782937     
        1789   8.0640100579604113     
        1790   8.0671468521728418     
        1791   8.1048599494992413     
        1792   8.1154135682624524     
        1793   8.0813054937145221     
        1794   8.0765425658122538     
        1795   8.0765425658122538     
        1796   8.1013362278246017     
        1797   8.1013362278246017     
        1798   8.1013362278246017     
        1799   8.1013362278246017     
        1800   8.1026144956546187     
        1801   8.1117544197619242     
        1802   8.1079841429498032     
        1803   8.0964519953110674     
        1804   8.0964519953110674     
        1805   8.0855461046665340     
        1806   8.0855461046665340     
        1807   8.1171213048195305     
        1808   8.1171213048195305     
        1809   8.0894570660810459     
        1810   8.0977488113703622     
        1811   8.0977488113703622     
        1812   8.0977488113703622     
        1813   8.1213021088938024     
        1814   8.1283864037938809     
        1815   8.1078833633011200     
        1816   8.1078833633011200     
        1817   8.0795175454092316     
        1818   8.0858281571100470     
        1819   8.0858281571100470     
        1820   8.0858281571100470     
        1821   8.0983006939844362     
        1822   8.0651072695694026     
        1823   8.0916974277294553     
        1824   8.0928275297504033     
        1825   8.0910711984913668     
        1826   8.0717782153674662     
        1827   8.1032583261266140     
        1828   8.0995833766402718     
        1829   8.1170864396328746     
        1830   8.1170864396328746     
        1831   8.0717273230794380     
        1832   8.0717273230794380     
        1833   8.0717273230794380     
        1834   8.0898395932194127     
        1835   8.0793137032633204     
        1836   8.1218554507568754     
        1837   8.1218554507568754     
        1838   8.0860342773225256     
        1839   8.1239381304445519     
        1840   8.1360311279067439     
        1841   8.1219472290803250     
        1842   8.1105775983995159     
        1843   8.0785989620000436     
        1844   8.0785989620000436     
        1845   8.0829318861481347     
        1846   8.0829318861481347     
        1847   8.0829318861481347     
        1848   8.1033158981897451     
        1849   8.1033158981897451     
        1850   8.1195683117472441     
        1851   8.0949670659208799     
        1852   8.0791911746756000     
        1853   8.0791911746756000     
        1854   8.0791911746756000     
        1855   8.1079574739303713     
        1856   8.1079574739303713     
        1857   8.1071807235291686     
        1858   8.1071807235291686     
        1859   8.0859274717847445     
        1860   8.0798090621121190     
        1861   8.1062067591120268     
        1862   8.1062067591120268     
        1863   8.1062067591120268     
        1864   8.1105410983258395     
        1865   8.1105410983258395     
        1866   8.0654541321139934     
        1867   8.0459805181035247     
        1868   8.0871029939664254     
        1869   8.0644694180258583     
        1870   8.0984417794630446     
        1871   8.0854238924006356     
        1872   8.0854238924006356     
        1873   8.0904510709919659     
        1874   8.0888039045265980     
        1875   8.0948589270684970     
        1876   8.0948589270684970     
        1877   8.0948589270684970     
        1878   8.0664209009754106     
        1879   8.0664209009754106     
        1880   8.0664209009754106     
        1881   8.0852176816596639     
        1882   8.1167461080512453     
        1883   8.1006065823742333     
        1884   8.1006065823742333     
        1885   8.1011077300647809     
        1886   8.1011077300647809     
        1887   8.1011077300647809     
        1888   8.0675381981398591     
        1889   8.0675381981398591     
        1890   8.0675381981398591     
        1891   8.0675381981398591     
        1892   8.0752133266492923     
        1893   8.0752133266492923     
        1894   8.0752133266492923     
        1895   8.0752133266492923     
        1896   8.0846737892204690     
        1897   8.0846737892204690     
        1898   8.0835591619112321     
        1899   8.0835591619112321     
        1900   8.0954293931383550     
        1901   8.0954293931383550     
        1902   8.0918043225015719     
        1903   8.1033983306509505     
        1904   8.0972302072014024     
        1905   8.0847375471931446     
        1906   8.0847375471931446     
        1907   8.0888050672754517     
        1908   8.1148998501519767     
        1909   8.1148998501519767     
        1910   8.1044186546907664     
        1911   8.0714218433115068     
        1912   8.0979172151221270     
        1913   8.0924881419076602     
        1914   8.1096446986008690     
        1915   8.0958595353795726     
        1916   8.0961265840748364     
        1917   8.1114973972346327     
        1918   8.1114973972346327     
        1919   8.1039971522211243     
        1920   8.1053392456781737     
        1921   8.1057492093167536     
        1922   8.0891487253250443     
        1923   8.0891487253250443     
        1924   8.0956741807280306     
        1925   8.1059212583916409     
        1926   8.1099804410061331     
        1927   8.1140930569229432     
        1928   8.0988756942652760     
        1929   8.0988756942652760     
        1930   8.0988756942652760     
        1931   8.0944472911592662     
        1932   8.1151699818615146     
        1933   8.0985935451819291     
        1934   8.1206924209776030     
        1935   8.1363341064461352     
        1936   8.1363341064461352     
        1937   8.1363341064461352     
        1938   8.1102247366728140     
        1939   8.0883475652128602     
        1940   8.1165464892346115     
        1941   8.1263360169783905     
        1942   8.0928544700841147     
        1943   8.0652732203977244     
        1944   8.0725009497885569     
        1945   8.0762021906664323     
        1946   8.0762021906664323     
        1947   8.1119170097551585     
        1948   8.1100269892571948     
        1949   8.1031522366181488     
        1950   8.0890491904201252     
        1951   8.0890491904201252     
        1952   8.0890491904201252     
        1953   8.0929833263732185     
        1954   8.0846158808100803     
        1955   8.0846158808100803     
        1956   8.1041269914969547     
        1957   8.1041269914969547     
        1958   8.1041269914969547     
        1959   8.1252148605835064     
        1960   8.1257304342934837     
        1961   8.1257304342934837     
        1962   8.0991165515580370     
        1963   8.1195813115567912     
        1964   8.1322827766359715     
        1965   8.1322827766359715     
        1966   8.1041324289261425     
        1967   8.1041324289261425     
        1968   8.1041324289261425     
        1969   8.1064524266777145     
        1970   8.1064524266777145     
        1971   8.1008746261488671     
        1972   8.0861771283143753     
        1973   8.0861771283143753     
        1974   8.1161858562068794     
        1975   8.1138759115017489     
        1976   8.1178855408631954     
        1977   8.1115045926701494     
        1978   8.1115045926701494     
        1979   8.1151407258575574     
        1980   8.1020134912664385     
        1981   8.1031137702862850     
        1982   8.1375709271704668     
        1983   8.1375709271704668     
        1984   8.1375709271704668     
        1985   8.0993447436328125     
        1986   8.1233830033641858     
        1987   8.1233830033641858     
        1988   8.1246371250138036     
        1989   8.1246371250138036     
        1990   8.1169277151321548     
        1991   8.1169277151321548     
        1992   8.0994303541412620     
        1993   8.0994303541412620     
        1994   8.0932505926649689     
        1995   8.1101791372163223     
        1996   8.1101791372163223     
        1997   8.1238565427108167     
        1998   8.0908269281100225     
        1999   8.1303301514957518     
        2000   8.1176905088623919     
