 SAMPLE,  BOXLENGTH
           1   18.539637496276971     
           2   18.244674077725641     
           3   18.650587476014966     
           4   18.509341029819186     
           5   18.509341029819186     
           6   18.434618511225683     
           7   18.480849711466146     
           8   18.469936405208081     
           9   18.586699178086384     
          10   18.586699178086384     
          11   18.433711299097812     
          12   18.229424974725191     
          13   18.229424974725191     
          14   18.312403879310420     
          15   18.475875733849584     
          16   18.475875733849584     
          17   18.488429834851662     
          18   18.488429834851662     
          19   18.092173939640926     
          20   18.092173939640926     
          21   18.607183601834500     
          22   18.806533977594267     
          23   18.806533977594267     
          24   18.736601800780853     
          25   18.679629422898973     
          26   18.679629422898973     
          27   18.616758754666204     
          28   18.616758754666204     
          29   18.616758754666204     
          30   18.616758754666204     
          31   18.419701580659897     
          32   18.212183762142640     
          33   18.212183762142640     
          34   18.168591234045280     
          35   18.095907150911394     
          36   18.095907150911394     
          37   18.095907150911394     
          38   18.466541524054470     
          39   18.232424284571106     
          40   18.232424284571106     
          41   18.232424284571106     
          42   18.329758051420683     
          43   18.329758051420683     
          44   18.329758051420683     
          45   18.111607043457443     
          46   18.344515450801072     
          47   18.424931754642881     
          48   18.157072226704535     
          49   18.042411392427322     
          50   18.269335359471459     
          51   18.591434891046553     
          52   18.591434891046553     
          53   18.591434891046553     
          54   18.807979610385463     
          55   18.807979610385463     
          56   18.506491977009475     
          57   18.927397109649981     
          58   19.046534054951650     
          59   19.286226241621055     
          60   18.678143306574061     
          61   18.678143306574061     
          62   18.678143306574061     
          63   18.623595496026759     
          64   18.899052794911817     
          65   19.012930770129184     
          66   18.942800403663089     
          67   18.942800403663089     
          68   18.942800403663089     
          69   19.194021321003536     
          70   19.194021321003536     
          71   18.906905056310588     
          72   18.528144290309058     
          73   18.742119982027258     
          74   18.742119982027258     
          75   18.742119982027258     
          76   18.570632223322445     
          77   18.570632223322445     
          78   18.617706171461574     
          79   18.678707435331596     
          80   18.974990142369379     
          81   18.901372846959287     
          82   18.901372846959287     
          83   18.901372846959287     
          84   18.901372846959287     
          85   18.901372846959287     
          86   18.703207197136116     
          87   18.703207197136116     
          88   18.703207197136116     
          89   18.703207197136116     
          90   18.518562893732721     
          91   18.160982283278276     
          92   18.160982283278276     
          93   18.160982283278276     
          94   18.143815777059913     
          95   18.143815777059913     
          96   18.279040108124189     
          97   18.279040108124189     
          98   18.574787128569810     
          99   18.263210085244282     
         100   18.343624106490747     
         101   18.503937119314724     
         102   18.807516136404068     
         103   18.611329725852290     
         104   18.193521481865943     
         105   18.193521481865943     
         106   18.193521481865943     
         107   18.201622164703828     
         108   18.108047895063439     
         109   18.069976286644867     
         110   18.178075895356059     
         111   18.370817835680981     
         112   18.159433123528760     
         113   18.307404813595003     
         114   18.307404813595003     
         115   18.307404813595003     
         116   18.126018293445064     
         117   18.341521301803454     
         118   18.361735854042081     
         119   18.361735854042081     
         120   18.361735854042081     
         121   18.376155204674500     
         122   18.376155204674500     
         123   18.705355788718077     
         124   18.705355788718077     
         125   18.570238623546338     
         126   18.294543959089918     
         127   18.335357953614700     
         128   18.250277198479857     
         129   18.351969825087856     
         130   18.737142351629874     
         131   18.759733851543910     
         132   18.914065863264561     
         133   18.874674765176891     
         134   18.874674765176891     
         135   18.874674765176891     
         136   18.649306229737618     
         137   18.649306229737618     
         138   18.772474408865055     
         139   18.895197895565101     
         140   18.895197895565101     
         141   18.895197895565101     
         142   18.840419121497902     
         143   18.840419121497902     
         144   18.669165653197581     
         145   18.552928592965134     
         146   18.842260658309563     
         147   18.889521995873103     
         148   18.724215946697843     
         149   18.724215946697843     
         150   18.890886519856405     
         151   18.922798121300318     
         152   18.922798121300318     
         153   18.750654419915822     
         154   18.750654419915822     
         155   18.501544883391990     
         156   18.445094778339087     
         157   18.395044330707087     
         158   17.977114296418009     
         159   18.305020005972896     
         160   18.305020005972896     
         161   18.431622219839561     
         162   18.431622219839561     
         163   18.676805704921950     
         164   19.006306283239901     
         165   19.194096309117842     
         166   19.194096309117842     
         167   18.985127436211247     
         168   18.985127436211247     
         169   18.985127436211247     
         170   18.903206808884299     
         171   18.903206808884299     
         172   18.803103651919269     
         173   18.803103651919269     
         174   19.071007203538265     
         175   18.616183715653609     
         176   18.164084074826679     
         177   18.508557851626833     
         178   18.508557851626833     
         179   18.574494773458273     
         180   18.675673474880757     
         181   18.264025145009974     
         182   18.305219588488900     
         183   17.912142912185715     
         184   18.199645466556053     
         185   17.996144186336426     
         186   17.695524684775265     
         187   17.999611801961048     
         188   17.999611801961048     
         189   17.980414158255808     
         190   17.980414158255808     
         191   18.293767660277705     
         192   18.518441418770685     
         193   18.518441418770685     
         194   18.598388896900701     
         195   18.627559374584973     
         196   18.627559374584973     
         197   18.638153742590195     
         198   18.323669714691636     
         199   18.609611557999127     
         200   18.609611557999127     
         201   18.427630366427952     
         202   18.427630366427952     
         203   18.281473417864120     
         204   18.108702332629058     
         205   18.108702332629058     
         206   18.445375387368401     
         207   18.174250250504915     
         208   18.408860478589819     
         209   18.662066454381140     
         210   18.662066454381140     
         211   18.687212255724642     
         212   18.690776151458561     
         213   18.396233971719667     
         214   18.396233971719667     
         215   18.396233971719667     
         216   18.573557201278167     
         217   18.617414446597149     
         218   18.615687452594621     
         219   18.578285802861377     
         220   18.578285802861377     
         221   18.578285802861377     
         222   18.331637348799187     
         223   18.143652302771049     
         224   18.143652302771049     
         225   18.143652302771049     
         226   18.143652302771049     
         227   18.143652302771049     
         228   18.171444035553783     
         229   17.917440952317982     
         230   18.117733958997597     
         231   18.504635562683081     
         232   18.512986658494370     
         233   18.139389424611107     
         234   18.191349168240528     
         235   17.906943164975971     
         236   18.312349808803987     
         237   18.192981654687419     
         238   18.192981654687419     
         239   18.192981654687419     
         240   18.192981654687419     
         241   18.192981654687419     
         242   18.539389451437675     
         243   18.158047188987233     
         244   18.570523450203492     
         245   18.239306845683522     
         246   18.239306845683522     
         247   18.371093072341431     
         248   18.371093072341431     
         249   18.265165333792538     
         250   18.265165333792538     
         251   18.151495913296767     
         252   18.151495913296767     
         253   18.356996917583459     
         254   18.504440160652919     
         255   18.504440160652919     
         256   18.504440160652919     
         257   18.119735410040271     
         258   18.119735410040271     
         259   17.963022458159571     
         260   17.929974384292784     
         261   17.988128711749031     
         262   17.988128711749031     
         263   17.969324905856290     
         264   17.969324905856290     
         265   17.969324905856290     
         266   18.380737852675416     
         267   18.643494476037432     
         268   18.605840932643343     
         269   18.581993582991689     
         270   18.914779132737333     
         271   18.818988407130245     
         272   19.084419601527078     
         273   19.084419601527078     
         274   19.084419601527078     
         275   19.084419601527078     
         276   19.399787095650858     
         277   19.000914607138345     
         278   18.778885758984071     
         279   18.778885758984071     
         280   18.595421736353845     
         281   18.595421736353845     
         282   18.595421736353845     
         283   18.286187038983183     
         284   18.286187038983183     
         285   18.286187038983183     
         286   18.265549297588176     
         287   18.269741277660692     
         288   18.699707261483557     
         289   18.643988748303983     
         290   18.498093662179915     
         291   18.589061488169367     
         292   18.209183870456084     
         293   18.420485684778150     
         294   18.420485684778150     
         295   18.420485684778150     
         296   18.420485684778150     
         297   18.466528754027745     
         298   18.475456046762272     
         299   18.475456046762272     
         300   18.475456046762272     
         301   18.545065144253517     
         302   18.818974129540699     
         303   18.818974129540699     
         304   18.522525204985918     
         305   18.731074470882074     
         306   18.731074470882074     
         307   18.441219002723507     
         308   18.653803113008699     
         309   18.653803113008699     
         310   18.937881789263653     
         311   18.721719477497796     
         312   18.813703415395693     
         313   18.585729355952477     
         314   18.493641598769422     
         315   18.493641598769422     
         316   18.537937983003538     
         317   18.537937983003538     
         318   18.123756441364275     
         319   18.123756441364275     
         320   18.307658476484516     
         321   18.559937772743449     
         322   18.559937772743449     
         323   18.656273156933796     
         324   18.404682056028644     
         325   18.653197170134359     
         326   18.653197170134359     
         327   18.598058073459192     
         328   18.388440798598204     
         329   18.332376276026320     
         330   18.815048227960730     
         331   18.720849805105296     
         332   18.435009444513604     
         333   18.596890575962423     
         334   18.558583724755515     
         335   18.437914921102283     
         336   18.437914921102283     
         337   18.693782187225548     
         338   18.693782187225548     
         339   18.693782187225548     
         340   18.693782187225548     
         341   18.693782187225548     
         342   18.769295070139794     
         343   18.440605477380959     
         344   18.440605477380959     
         345   18.440605477380959     
         346   18.440605477380959     
         347   18.708045004199366     
         348   18.614109606957701     
         349   18.244708550387301     
         350   18.244708550387301     
         351   18.353115016888331     
         352   18.342791627918793     
         353   18.384847483379403     
         354   18.384847483379403     
         355   18.648728523686071     
         356   18.870284229669824     
         357   18.198984146687653     
         358   18.182369684948828     
         359   18.515868544740947     
         360   18.515868544740947     
         361   18.720436762752882     
         362   18.930862360383482     
         363   18.706954883937492     
         364   18.577149788119140     
         365   18.577149788119140     
         366   18.556391013852949     
         367   18.871815080997116     
         368   18.424973553183374     
         369   18.334701113151297     
         370   18.437951041300170     
         371   18.437951041300170     
         372   18.474512148940558     
         373   18.262928761199060     
         374   18.670972568215486     
         375   18.670972568215486     
         376   18.670972568215486     
         377   18.670972568215486     
         378   18.444047140750762     
         379   18.444047140750762     
         380   18.477261875990937     
         381   18.724549731615600     
         382   18.456688621088031     
         383   18.456688621088031     
         384   18.311067458307694     
         385   18.311067458307694     
         386   18.642703566554385     
         387   18.604231703771838     
         388   18.547327638006308     
         389   18.873231366642944     
         390   18.717237380838220     
         391   18.334676928922807     
         392   18.530066285805340     
         393   18.684395315333539     
         394   18.868553458880609     
         395   18.559151530305844     
         396   18.599067142104868     
         397   18.599067142104868     
         398   18.586834162978050     
         399   18.244566238727568     
         400   18.445374706323058     
         401   18.445374706323058     
         402   18.413231118166472     
         403   18.395220304588047     
         404   18.388223090539814     
         405   18.497418062280442     
         406   18.292278464513654     
         407   18.242686413427897     
         408   18.242686413427897     
         409   18.753265137284007     
         410   18.559417287938668     
         411   18.607647569486534     
         412   18.687714615486080     
         413   18.693868221796574     
         414   18.693868221796574     
         415   18.595116040335345     
         416   18.712478304609785     
         417   18.575889708384011     
         418   18.995538113534785     
         419   19.305332092820127     
         420   19.305332092820127     
         421   19.574858921833151     
         422   19.574858921833151     
         423   19.101239523015149     
         424   18.667724472801947     
         425   18.648711368830227     
         426   18.246531319346641     
         427   18.401747460143124     
         428   18.391458148534664     
         429   18.386185110521939     
         430   18.386185110521939     
         431   18.560777107383483     
         432   18.518991538393106     
         433   18.209180100551404     
         434   18.209180100551404     
         435   18.150237355051381     
         436   18.227734446612011     
         437   18.227734446612011     
         438   18.227734446612011     
         439   18.227734446612011     
         440   18.191624403367392     
         441   18.191624403367392     
         442   18.193063572544339     
         443   18.507361529763493     
         444   18.423586396461339     
         445   18.423586396461339     
         446   18.748978304597063     
         447   18.543840556233690     
         448   18.904891301034962     
         449   18.525121377842375     
         450   18.525121377842375     
         451   18.525121377842375     
         452   18.714894844308443     
         453   18.655797944775326     
         454   18.548293653942018     
         455   18.819856079104575     
         456   18.702368557963879     
         457   18.798126503583209     
         458   18.846331026025513     
         459   18.846331026025513     
         460   19.119103143407965     
         461   18.641159235839250     
         462   18.958530547690806     
         463   18.692666746176364     
         464   19.078960762488091     
         465   19.158697127926345     
         466   19.140833672762483     
         467   19.158296850144570     
         468   19.158296850144570     
         469   19.158296850144570     
         470   18.911880622467773     
         471   18.911880622467773     
         472   18.911880622467773     
         473   18.911880622467773     
         474   18.911880622467773     
         475   18.911880622467773     
         476   18.459533362620430     
         477   18.541370656306189     
         478   18.338330335616753     
         479   18.338330335616753     
         480   18.368555220928556     
         481   18.755948634609158     
         482   18.755948634609158     
         483   18.435087055526015     
         484   18.435087055526015     
         485   18.675327169016420     
         486   18.675327169016420     
         487   18.696499439110294     
         488   18.696499439110294     
         489   19.160190377616825     
         490   19.321178762251737     
         491   19.321178762251737     
         492   18.991447602909918     
         493   18.991447602909918     
         494   18.826943736948120     
         495   18.826943736948120     
         496   18.848835715321886     
         497   18.848835715321886     
         498   19.325828538233051     
         499   19.325918227939319     
         500   19.142234823371556     
         501   18.816443143703388     
         502   18.816443143703388     
         503   18.816443143703388     
         504   18.816443143703388     
         505   18.816443143703388     
         506   18.703710435344956     
         507   18.703710435344956     
         508   18.600851908611123     
         509   18.631902835420931     
         510   19.097072212222621     
         511   18.929184249784921     
         512   18.215005453902261     
         513   18.282324948655440     
         514   18.282324948655440     
         515   17.836027047660977     
         516   17.914182161265899     
         517   17.914182161265899     
         518   18.302099155093021     
         519   18.353897768769443     
         520   18.490503100904117     
         521   18.571130954248755     
         522   18.522521404021479     
         523   18.667697395979850     
         524   18.667697395979850     
         525   18.359015845064469     
         526   18.329690489881934     
         527   18.329690489881934     
         528   17.887579082570738     
         529   17.671254858314970     
         530   17.679650644810497     
         531   17.923123374228471     
         532   17.923123374228471     
         533   17.923123374228471     
         534   17.923123374228471     
         535   17.689633342873112     
         536   17.737782021383204     
         537   17.633202547103220     
         538   17.993629848540362     
         539   17.993629848540362     
         540   18.441565859256297     
         541   18.469734064971540     
         542   18.469734064971540     
         543   18.128927873029539     
         544   18.428700771554659     
         545   18.184581714827051     
         546   18.184581714827051     
         547   18.184581714827051     
         548   18.184581714827051     
         549   18.330177084272719     
         550   18.181090724233258     
         551   17.948911729401175     
         552   17.948911729401175     
         553   18.215538354082565     
         554   18.413664272285541     
         555   18.329238617678975     
         556   18.535148449462074     
         557   18.449732325976882     
         558   18.261436822020023     
         559   18.157346034846004     
         560   18.157346034846004     
         561   18.157346034846004     
         562   17.892852207897100     
         563   18.143625792327743     
         564   18.305409914837838     
         565   18.667557218947749     
         566   18.369881612978237     
         567   18.460901265765035     
         568   18.635727624533882     
         569   18.741195975575902     
         570   18.492373462372129     
         571   18.701472155210197     
         572   18.850567649489552     
         573   18.850567649489552     
         574   18.850567649489552     
         575   18.507161859730267     
         576   18.507161859730267     
         577   18.396158952015341     
         578   18.497626905002839     
         579   18.884820520351024     
         580   18.884820520351024     
         581   19.087067756087794     
         582   19.235646987111910     
         583   19.208837566519644     
         584   18.872252421129875     
         585   18.872252421129875     
         586   18.872252421129875     
         587   18.487482508979731     
         588   18.442435414076577     
         589   18.442693297208418     
         590   18.496270629439682     
         591   18.345338685330272     
         592   18.643177203625399     
         593   18.521561289548814     
         594   18.768065646120032     
         595   18.584657317495289     
         596   18.322735842128392     
         597   18.512315463468951     
         598   18.512315463468951     
         599   18.686181306903688     
         600   18.997704730572977     
         601   19.160101546527692     
         602   18.715672921181245     
         603   18.309221826497829     
         604   18.423962728174999     
         605   18.423962728174999     
         606   18.423962728174999     
         607   18.905193447039252     
         608   18.579630288356054     
         609   18.525394790029559     
         610   18.687907708579559     
         611   18.608409780315434     
         612   18.608409780315434     
         613   18.608409780315434     
         614   18.611475066509204     
         615   18.322379024071431     
         616   18.386221114051207     
         617   18.381419644599351     
         618   18.381419644599351     
         619   18.159186452641134     
         620   18.296235845224999     
         621   18.296235845224999     
         622   18.296235845224999     
         623   18.296235845224999     
         624   18.705594444838315     
         625   18.705594444838315     
         626   18.888408925204843     
         627   18.888408925204843     
         628   18.779923281243605     
         629   18.779923281243605     
         630   18.779923281243605     
         631   18.648880521570266     
         632   18.537630111531779     
         633   18.515350358797150     
         634   18.284454399420053     
         635   18.702034291227836     
         636   18.222145194831946     
         637   18.550057481067480     
         638   19.209055371948118     
         639   19.209055371948118     
         640   19.189027038623731     
         641   19.189027038623731     
         642   19.216197781239288     
         643   18.557787530018651     
         644   18.557787530018651     
         645   18.249764524637783     
         646   18.466162397825578     
         647   18.017382830653979     
         648   18.420459954416753     
         649   18.420459954416753     
         650   18.420459954416753     
         651   18.618981151729098     
         652   18.618981151729098     
         653   18.618981151729098     
         654   18.539736335726520     
         655   18.539736335726520     
         656   18.539736335726520     
         657   18.782348720648173     
         658   18.782348720648173     
         659   18.782348720648173     
         660   18.523364709357018     
         661   18.523364709357018     
         662   18.687086344727248     
         663   18.687086344727248     
         664   18.803657599860927     
         665   18.659677402490249     
         666   18.879488060831118     
         667   18.879488060831118     
         668   18.879488060831118     
         669   18.879488060831118     
         670   18.680985377170217     
         671   18.680985377170217     
         672   18.825146653976560     
         673   18.825146653976560     
         674   18.588742908514579     
         675   18.800979779702175     
         676   18.739569484438029     
         677   18.456266297030030     
         678   18.535030268203148     
         679   18.350506189209675     
         680   18.350506189209675     
         681   18.629072541322532     
         682   18.547136085452600     
         683   18.498673362223084     
         684   18.498673362223084     
         685   18.498673362223084     
         686   18.674682127951765     
         687   18.674682127951765     
         688   18.444244368650857     
         689   18.148265662692076     
         690   18.327786343534218     
         691   18.492686406405173     
         692   18.189757152578110     
         693   18.628215089535004     
         694   18.628215089535004     
         695   18.628215089535004     
         696   18.628215089535004     
         697   18.232326131808126     
         698   18.490782630212667     
         699   18.490782630212667     
         700   18.490782630212667     
         701   18.490782630212667     
         702   18.564231325684869     
         703   18.564231325684869     
         704   18.433844569954022     
         705   18.217375122450289     
         706   18.261678076201722     
         707   18.376273189979045     
         708   18.348714100485218     
         709   18.348714100485218     
         710   18.348714100485218     
         711   18.812316987488593     
         712   18.547330359487173     
         713   18.547330359487173     
         714   18.547330359487173     
         715   18.547330359487173     
         716   18.547330359487173     
         717   18.223285977997115     
         718   18.141234705861148     
         719   18.404677332792559     
         720   18.213095850208088     
         721   18.229522726767488     
         722   18.229522726767488     
         723   18.229522726767488     
         724   18.229522726767488     
         725   18.229522726767488     
         726   18.229522726767488     
         727   18.353694606652791     
         728   18.090666064222368     
         729   18.539185745221875     
         730   18.494792877486397     
         731   18.851883043228355     
         732   18.851883043228355     
         733   18.505875201300906     
         734   18.480037483212200     
         735   18.587942516444766     
         736   18.587942516444766     
         737   19.199607901256016     
         738   19.199607901256016     
         739   18.836790456502250     
         740   18.717169184882145     
         741   18.864001022197542     
         742   18.606754462406649     
         743   18.606754462406649     
         744   18.606754462406649     
         745   18.482255502373487     
         746   18.341844144884746     
         747   18.341844144884746     
         748   18.407340970793260     
         749   18.103607641450772     
         750   18.103607641450772     
         751   18.103607641450772     
         752   18.460414049757119     
         753   18.528075279729837     
         754   18.659345035944895     
         755   18.659345035944895     
         756   18.916158149996903     
         757   18.494753239144998     
         758   18.494753239144998     
         759   18.494753239144998     
         760   18.494753239144998     
         761   18.494753239144998     
         762   18.582320236426359     
         763   18.150357661146082     
         764   18.150357661146082     
         765   18.313930583814326     
         766   18.313930583814326     
         767   18.313930583814326     
         768   18.313930583814326     
         769   18.069099886446221     
         770   18.069099886446221     
         771   18.398061376593269     
         772   18.398061376593269     
         773   18.398061376593269     
         774   18.398061376593269     
         775   18.398061376593269     
         776   18.705262195757335     
         777   18.705262195757335     
         778   18.869537714606654     
         779   18.869537714606654     
         780   18.869537714606654     
         781   18.499120876397704     
         782   18.489635117056501     
         783   18.249621665603492     
         784   18.403404171108576     
         785   18.392878218801364     
         786   18.392878218801364     
         787   18.579031181931803     
         788   18.510165498673739     
         789   18.095779350497999     
         790   17.993227487795767     
         791   18.310605285281394     
         792   18.298713693250015     
         793   18.298713693250015     
         794   18.579215500153182     
         795   18.125865658698618     
         796   18.130172624683013     
         797   18.130172624683013     
         798   17.909322393548823     
         799   17.909322393548823     
         800   18.110402621045136     
         801   18.376696010121051     
         802   18.701803576895223     
         803   18.818964782961935     
         804   18.616415622863016     
         805   18.616415622863016     
         806   18.503617465705073     
         807   18.503617465705073     
         808   18.503617465705073     
         809   18.552332940762611     
         810   18.552332940762611     
         811   18.435028256835981     
         812   18.545137835544192     
         813   18.545137835544192     
         814   18.545137835544192     
         815   18.176798945225833     
         816   18.176798945225833     
         817   18.514220528038223     
         818   18.514220528038223     
         819   18.514220528038223     
         820   18.396402702332104     
         821   18.405254624091835     
         822   18.405254624091835     
         823   18.416537210252113     
         824   18.466402748232408     
         825   18.279322448398123     
         826   18.020386097795491     
         827   18.020386097795491     
         828   17.933054599459172     
         829   18.294936396221203     
         830   18.732117085464679     
         831   18.723641770661889     
         832   18.491456570520992     
         833   18.447580691571581     
         834   18.136868755465692     
         835   18.149165655303023     
         836   18.567689168670167     
         837   18.567689168670167     
         838   18.567689168670167     
         839   18.650530716071021     
         840   18.740496994651355     
         841   19.069717270054504     
         842   19.077038539641151     
         843   19.064218798800223     
         844   19.064218798800223     
         845   18.471005089041498     
         846   18.861747100886788     
         847   18.426493724160128     
         848   18.426493724160128     
         849   18.426493724160128     
         850   18.392270804017201     
         851   18.392270804017201     
         852   18.392270804017201     
         853   18.392270804017201     
         854   18.274523679438076     
         855   18.639535584287874     
         856   18.639535584287874     
         857   18.639535584287874     
         858   18.639535584287874     
         859   19.207560983537782     
         860   18.908900346505455     
         861   18.545256041882979     
         862   18.545256041882979     
         863   18.545256041882979     
         864   18.545256041882979     
         865   18.545256041882979     
         866   18.453898474368689     
         867   18.508573327488207     
         868   18.578289724762030     
         869   18.578289724762030     
         870   18.578289724762030     
         871   18.578289724762030     
         872   18.389698173050469     
         873   18.079253512962779     
         874   18.192427145610587     
         875   18.284762482711635     
         876   18.163427982058764     
         877   18.163427982058764     
         878   18.163427982058764     
         879   17.969829035402491     
         880   18.339520933046657     
         881   18.185642695063869     
         882   18.185642695063869     
         883   18.121801405468339     
         884   17.677853709602381     
         885   17.677853709602381     
         886   17.973812253708676     
         887   17.954389140292083     
         888   17.954389140292083     
         889   17.954389140292083     
         890   18.042272677669278     
         891   18.426137899761237     
         892   18.253823671576082     
         893   18.492949187168026     
         894   18.599622024743216     
         895   18.599622024743216     
         896   18.561430468127323     
         897   18.334080748339968     
         898   18.334080748339968     
         899   18.148089621893895     
         900   18.064049645892581     
         901   17.987791491406778     
         902   17.762031491352044     
         903   18.198942768850966     
         904   18.198942768850966     
         905   18.280299121478883     
         906   18.280299121478883     
         907   18.226101273125625     
         908   17.981907119711703     
         909   17.981907119711703     
         910   18.119843889534653     
         911   18.130363432262449     
         912   18.130363432262449     
         913   18.482671562326306     
         914   18.449372162106290     
         915   18.345987805345167     
         916   18.090227782632745     
         917   18.090227782632745     
         918   18.090227782632745     
         919   18.133162983206965     
         920   18.023753952084590     
         921   17.942920468321319     
         922   17.938038946654370     
         923   17.938038946654370     
         924   17.938038946654370     
         925   17.938038946654370     
         926   17.938038946654370     
         927   17.824500356949951     
         928   17.622575058194961     
         929   17.893822379157591     
         930   17.807433192211338     
         931   18.033105632715181     
         932   18.395647499266243     
         933   18.400601439509536     
         934   18.400601439509536     
         935   18.400601439509536     
         936   18.400601439509536     
         937   18.558413479604564     
         938   18.386153667454252     
         939   18.684909298984177     
         940   18.661551569675705     
         941   18.645929382948488     
         942   18.570320168736430     
         943   18.355303727070165     
         944   18.724955417984926     
         945   18.724955417984926     
         946   18.724955417984926     
         947   18.724955417984926     
         948   19.006009409974396     
         949   18.321432943111191     
         950   18.215337063876884     
         951   18.374533518421160     
         952   18.677846981864935     
         953   18.446917534855864     
         954   18.605924822751113     
         955   18.551707876414397     
         956   18.348742879048892     
         957   18.465080953713333     
         958   18.465080953713333     
         959   18.561872077687195     
         960   18.649753831496913     
         961   18.864258716718783     
         962   18.864258716718783     
         963   18.864258716718783     
         964   18.864258716718783     
         965   18.640436602440833     
         966   18.640436602440833     
         967   18.815708084536993     
         968   18.815708084536993     
         969   18.686371549906614     
         970   18.686371549906614     
         971   18.686371549906614     
         972   18.543873280519737     
         973   18.543873280519737     
         974   18.543873280519737     
         975   18.730109166790509     
         976   18.730109166790509     
         977   18.277521350213881     
         978   18.293561953244257     
         979   18.862663963084707     
         980   18.681081398192134     
         981   18.630584857622299     
         982   18.705829055287971     
         983   18.705829055287971     
         984   18.663899956506871     
         985   18.824889894562087     
         986   19.054699626240541     
         987   19.054699626240541     
         988   19.054699626240541     
         989   19.054699626240541     
         990   18.955610941792266     
         991   18.955610941792266     
         992   18.772535068295610     
         993   18.479465821994765     
         994   18.479465821994765     
         995   18.491535138765833     
         996   18.525115195901495     
         997   18.525115195901495     
         998   18.525115195901495     
         999   18.525115195901495     
        1000   18.525115195901495     
        1001   18.769357008403485     
        1002   18.598391130489151     
        1003   18.598391130489151     
        1004   18.598391130489151     
        1005   18.598391130489151     
        1006   18.327237874919419     
        1007   18.366417049033217     
        1008   18.641870920135382     
        1009   18.641870920135382     
        1010   18.426767128786800     
        1011   18.592823248586775     
        1012   18.914628004174372     
        1013   18.610996060348082     
        1014   18.610996060348082     
        1015   18.988590554791251     
        1016   19.046894089625432     
        1017   18.957984763079043     
        1018   18.957984763079043     
        1019   18.757595505020216     
        1020   18.687548049842299     
        1021   18.484939429594021     
        1022   18.484939429594021     
        1023   18.484939429594021     
        1024   18.484939429594021     
        1025   18.530934751490076     
        1026   18.425141865085454     
        1027   18.812788789186040     
        1028   18.531292762322714     
        1029   18.694638649140050     
        1030   18.694638649140050     
        1031   18.635783425275431     
        1032   18.746953353731993     
        1033   18.751438974023397     
        1034   18.748744629961333     
        1035   18.895441717080281     
        1036   18.744413035211174     
        1037   18.554873635375536     
        1038   18.554873635375536     
        1039   18.350806369097590     
        1040   18.350806369097590     
        1041   18.350806369097590     
        1042   18.116451403401879     
        1043   18.116451403401879     
        1044   18.112189317127431     
        1045   18.166244136309746     
        1046   18.166244136309746     
        1047   18.166244136309746     
        1048   18.012883111414631     
        1049   18.145411909482821     
        1050   18.241579933963056     
        1051   18.354164228236829     
        1052   18.354164228236829     
        1053   18.230917085736163     
        1054   18.418846693734295     
        1055   18.088813098762110     
        1056   18.088813098762110     
        1057   18.088813098762110     
        1058   18.066687084817396     
        1059   18.066687084817396     
        1060   18.042350051559811     
        1061   18.232500886426429     
        1062   18.557665610452993     
        1063   18.343097025547305     
        1064   18.309148256390561     
        1065   18.243994836631622     
        1066   18.062982940755258     
        1067   18.062982940755258     
        1068   18.147203654801565     
        1069   18.147203654801565     
        1070   18.314727812221367     
        1071   18.314727812221367     
        1072   18.314727812221367     
        1073   18.250306481495176     
        1074   18.329097123845870     
        1075   18.329097123845870     
        1076   18.536201417546547     
        1077   18.134495835412089     
        1078   18.437437285780668     
        1079   18.222330348807677     
        1080   18.423298996151800     
        1081   18.556844181179244     
        1082   18.609324881265358     
        1083   18.609324881265358     
        1084   18.564173912496511     
        1085   18.672304576300768     
        1086   18.357752379717969     
        1087   18.288179270828710     
        1088   18.288179270828710     
        1089   18.529386888372144     
        1090   18.838803939201107     
        1091   18.838803939201107     
        1092   18.838803939201107     
        1093   18.794957325755430     
        1094   18.310340864363475     
        1095   18.310340864363475     
        1096   18.310209578687072     
        1097   18.284705116262547     
        1098   18.284705116262547     
        1099   18.484921542905344     
        1100   18.135974069625608     
        1101   18.135974069625608     
        1102   18.135974069625608     
        1103   17.932724624420629     
        1104   17.932724624420629     
        1105   17.931874431934286     
        1106   17.931874431934286     
        1107   17.931874431934286     
        1108   17.651541168560112     
        1109   17.889559023455764     
        1110   17.959222244034905     
        1111   18.007861308870222     
        1112   18.007861308870222     
        1113   17.857273071863062     
        1114   17.857273071863062     
        1115   17.857273071863062     
        1116   18.372968613763085     
        1117   18.492926244247190     
        1118   18.752638449602447     
        1119   18.752638449602447     
        1120   18.522394846063811     
        1121   18.522394846063811     
        1122   18.522394846063811     
        1123   18.599400249887740     
        1124   18.964237668375066     
        1125   18.725964150739713     
        1126   18.725964150739713     
        1127   18.809213711627851     
        1128   18.726164509347903     
        1129   18.726164509347903     
        1130   18.726164509347903     
        1131   18.756571995092060     
        1132   18.396826767800686     
        1133   18.396826767800686     
        1134   18.242054970181758     
        1135   18.143808358151173     
        1136   18.292270740645968     
        1137   18.292270740645968     
        1138   18.292270740645968     
        1139   18.266440776194109     
        1140   18.266440776194109     
        1141   18.482145124320429     
        1142   18.314730610130781     
        1143   17.916860466217742     
        1144   18.060905464953748     
        1145   18.003007115392748     
        1146   18.040267238965097     
        1147   18.040267238965097     
        1148   18.009588930741163     
        1149   18.171777996721854     
        1150   18.331356405475219     
        1151   18.331356405475219     
        1152   18.181799992732344     
        1153   18.181799992732344     
        1154   18.181799992732344     
        1155   18.280615500765215     
        1156   18.155241549944751     
        1157   18.155241549944751     
        1158   18.180419618977830     
        1159   18.544050753762146     
        1160   18.544050753762146     
        1161   18.544050753762146     
        1162   18.371077581568734     
        1163   18.371077581568734     
        1164   18.496064854190589     
        1165   18.331779032611365     
        1166   18.465583441155605     
        1167   18.465583441155605     
        1168   18.127236906732556     
        1169   18.127236906732556     
        1170   18.127236906732556     
        1171   18.233728190818685     
        1172   18.233728190818685     
        1173   18.157808175063696     
        1174   18.591955033755074     
        1175   18.775337955722978     
        1176   18.917299897791946     
        1177   18.636300419787016     
        1178   18.695227730157185     
        1179   18.476428432404578     
        1180   18.476428432404578     
        1181   18.393137793169970     
        1182   18.454028605387947     
        1183   18.296592313930311     
        1184   18.463251620251995     
        1185   18.463251620251995     
        1186   18.463251620251995     
        1187   18.463251620251995     
        1188   18.463251620251995     
        1189   18.237815528274947     
        1190   18.477212006427113     
        1191   18.477212006427113     
        1192   18.573997614301202     
        1193   18.577819371642224     
        1194   18.450519586555167     
        1195   18.450519586555167     
        1196   18.286405469200187     
        1197   18.684690271168833     
        1198   18.337202042262568     
        1199   18.337202042262568     
        1200   18.089834598516489     
        1201   18.429602702259285     
        1202   18.429602702259285     
        1203   18.515692687123913     
        1204   18.784238401956905     
        1205   18.456449311906034     
        1206   18.813761925083565     
        1207   18.470257891574537     
        1208   18.404773032807782     
        1209   18.533967548850988     
        1210   18.245177419670476     
        1211   17.954783643057869     
        1212   18.134406126506356     
        1213   17.937206428805514     
        1214   18.192068978024039     
        1215   18.283863471987438     
        1216   18.292075575319462     
        1217   18.637626867245903     
        1218   18.637626867245903     
        1219   18.727038092977768     
        1220   18.584556568984699     
        1221   18.584556568984699     
        1222   18.524562746573455     
        1223   18.524562746573455     
        1224   18.524562746573455     
        1225   18.719130478517901     
        1226   18.691156463837007     
        1227   18.691156463837007     
        1228   18.392030298300604     
        1229   18.392030298300604     
        1230   18.392030298300604     
        1231   18.321625557419669     
        1232   18.321625557419669     
        1233   18.475505444611780     
        1234   18.533519337183229     
        1235   18.455073487595588     
        1236   18.455073487595588     
        1237   18.455073487595588     
        1238   18.455073487595588     
        1239   18.670747650456601     
        1240   18.741579607658522     
        1241   18.371515340653520     
        1242   18.371515340653520     
        1243   18.371515340653520     
        1244   18.371515340653520     
        1245   18.562710919627975     
        1246   18.562710919627975     
        1247   18.594147764579496     
        1248   18.482040693916595     
        1249   18.751515567265248     
        1250   18.737854671976869     
        1251   19.165820683388446     
        1252   18.919093351806264     
        1253   18.919093351806264     
        1254   18.919093351806264     
        1255   18.808886737097396     
        1256   19.095778912747832     
        1257   18.687883435975547     
        1258   18.687883435975547     
        1259   18.527040774467270     
        1260   18.440047053598654     
        1261   18.620902317911479     
        1262   18.620902317911479     
        1263   18.436994715585577     
        1264   18.436994715585577     
        1265   18.436994715585577     
        1266   18.788388185494732     
        1267   18.788388185494732     
        1268   18.427666681498046     
        1269   18.348386922368583     
        1270   18.753010970872143     
        1271   18.753010970872143     
        1272   18.583763515312217     
        1273   18.676986908227917     
        1274   18.676986908227917     
        1275   18.676986908227917     
        1276   18.794746115788417     
        1277   18.771955849061516     
        1278   18.771955849061516     
        1279   18.954020124104307     
        1280   18.881705560572261     
        1281   18.842433699129771     
        1282   18.774797217564057     
        1283   18.774797217564057     
        1284   18.909761058204342     
        1285   18.909761058204342     
        1286   18.909761058204342     
        1287   18.893491750405683     
        1288   19.017430826488244     
        1289   19.017430826488244     
        1290   19.017430826488244     
        1291   18.982215068085548     
        1292   18.613631682505673     
        1293   18.624133281315665     
        1294   18.545213788728368     
        1295   18.526892452164713     
        1296   18.916121344960235     
        1297   18.530768232594109     
        1298   18.530768232594109     
        1299   18.695378516123590     
        1300   18.695378516123590     
        1301   18.622309292495018     
        1302   18.622309292495018     
        1303   18.622309292495018     
        1304   18.740458863522246     
        1305   18.740458863522246     
        1306   19.140602404492899     
        1307   18.910569800512707     
        1308   18.910569800512707     
        1309   19.080329515978246     
        1310   19.080329515978246     
        1311   19.138250761889175     
        1312   19.246112453774913     
        1313   19.007435008281071     
        1314   19.007435008281071     
        1315   19.061654469226518     
        1316   18.646774226972486     
        1317   18.646774226972486     
        1318   18.955566558878093     
        1319   18.317953286898444     
        1320   18.691008598884707     
        1321   18.695999494519697     
        1322   19.018411811468095     
        1323   18.833110222093790     
        1324   18.901263110359633     
        1325   18.644019323869312     
        1326   18.929427679856893     
        1327   18.879738854612004     
        1328   18.757707869539150     
        1329   18.757707869539150     
        1330   18.795895570004511     
        1331   18.795895570004511     
        1332   19.268463650825559     
        1333   19.154402174069912     
        1334   19.154402174069912     
        1335   19.154402174069912     
        1336   19.146682179367140     
        1337   19.474755074847881     
        1338   19.474755074847881     
        1339   18.862220324983639     
        1340   18.768594294920685     
        1341   18.292753395149148     
        1342   18.292753395149148     
        1343   18.636681220389107     
        1344   18.636681220389107     
        1345   18.396129272227292     
        1346   18.457235083165756     
        1347   18.457235083165756     
        1348   18.919002023970926     
        1349   18.554983137072213     
        1350   18.639373991625984     
        1351   18.639373991625984     
        1352   18.639373991625984     
        1353   18.622159754549521     
        1354   18.622159754549521     
        1355   18.226250288497315     
        1356   18.184951019005872     
        1357   18.003626216560601     
        1358   18.003626216560601     
        1359   18.399957442900700     
        1360   18.399957442900700     
        1361   18.772152949580907     
        1362   18.410195350126610     
        1363   18.479590968023416     
        1364   18.469757440665720     
        1365   18.224195812322854     
        1366   18.443006403130077     
        1367   18.320089630732600     
        1368   18.419274042221559     
        1369   18.572377011067413     
        1370   18.659627947190231     
        1371   18.137331692909367     
        1372   18.392695084510180     
        1373   18.392695084510180     
        1374   18.495186524170872     
        1375   18.542169007621084     
        1376   18.559093493380800     
        1377   18.497754987289380     
        1378   18.697170340827803     
        1379   18.697170340827803     
        1380   19.128865450469114     
        1381   19.128865450469114     
        1382   19.128865450469114     
        1383   19.128865450469114     
        1384   19.473755174586596     
        1385   19.473755174586596     
        1386   19.212027724033518     
        1387   19.180760261929620     
        1388   19.351251242819906     
        1389   18.893100502665341     
        1390   18.853406176398472     
        1391   18.853406176398472     
        1392   18.677958684058506     
        1393   18.633924292850683     
        1394   18.633924292850683     
        1395   18.537361433388067     
        1396   18.567562568010075     
        1397   18.641111948019645     
        1398   18.656542668099323     
        1399   18.656542668099323     
        1400   18.795379067765321     
        1401   18.580063640742189     
        1402   18.425932666220394     
        1403   18.411003933606551     
        1404   18.382808833678890     
        1405   18.453674790788899     
        1406   18.453674790788899     
        1407   18.915868186155361     
        1408   18.629402481097117     
        1409   18.629402481097117     
        1410   18.812764129169160     
        1411   18.425514754408486     
        1412   18.790405414024885     
        1413   18.790405414024885     
        1414   18.422380577578526     
        1415   18.422380577578526     
        1416   18.237375965971964     
        1417   18.690652519723699     
        1418   18.537991071222518     
        1419   18.425541298587955     
        1420   18.578745057166433     
        1421   19.033169770372933     
        1422   19.033169770372933     
        1423   18.923183720033162     
        1424   18.923183720033162     
        1425   18.923886040685293     
        1426   18.817531432190133     
        1427   18.431687841951739     
        1428   18.732648073637343     
        1429   19.106948663599407     
        1430   19.106948663599407     
        1431   18.706510862040197     
        1432   18.616660417883281     
        1433   18.616660417883281     
        1434   18.674962384044569     
        1435   18.210242235957114     
        1436   18.510479451112936     
        1437   18.429083736353906     
        1438   18.429083736353906     
        1439   18.639980131423968     
        1440   18.639980131423968     
        1441   18.639980131423968     
        1442   18.740271856189992     
        1443   18.891295609710639     
        1444   18.849930393786725     
        1445   18.849930393786725     
        1446   19.103338866934752     
        1447   19.103338866934752     
        1448   18.863398114434755     
        1449   18.863398114434755     
        1450   18.824537449187115     
        1451   18.659139098474345     
        1452   18.947548831849609     
        1453   18.971295230146776     
        1454   19.030907487262692     
        1455   19.244910444531108     
        1456   18.719232436360127     
        1457   18.719232436360127     
        1458   18.719232436360127     
        1459   18.868542404624090     
        1460   18.615887910561796     
        1461   18.807724540248497     
        1462   18.803281330636047     
        1463   18.503001518013413     
        1464   18.503001518013413     
        1465   18.335066677809198     
        1466   18.350059061834177     
        1467   18.347567271448224     
        1468   18.668736986697326     
        1469   18.499630922783812     
        1470   18.415009475369867     
        1471   18.326460597184699     
        1472   18.248792600022096     
        1473   18.019818045390075     
        1474   18.248362778521170     
        1475   18.248362778521170     
        1476   18.406258457831484     
        1477   18.406258457831484     
        1478   18.406258457831484     
        1479   18.406258457831484     
        1480   18.406258457831484     
        1481   18.346338970916779     
        1482   18.159244680661796     
        1483   18.598647030809417     
        1484   19.118365931940701     
        1485   19.118365931940701     
        1486   18.957897110594217     
        1487   18.736109009314760     
        1488   18.736109009314760     
        1489   18.736109009314760     
        1490   18.736109009314760     
        1491   18.736109009314760     
        1492   18.507339533829231     
        1493   18.529757534317699     
        1494   18.582644086147226     
        1495   18.355596096218100     
        1496   18.355596096218100     
        1497   18.489410848720624     
        1498   18.463542666076147     
        1499   18.659866352509162     
        1500   18.659866352509162     
        1501   18.641983889307589     
        1502   18.881954989384820     
        1503   18.881954989384820     
        1504   18.870709759350497     
        1505   18.542761325799166     
        1506   18.618966543511309     
        1507   18.618966543511309     
        1508   18.799069536854663     
        1509   18.483693980732877     
        1510   18.483693980732877     
        1511   18.538315475237063     
        1512   18.538315475237063     
        1513   18.538315475237063     
        1514   18.538315475237063     
        1515   18.554820025425979     
        1516   18.615258635247439     
        1517   18.360859633623335     
        1518   18.360859633623335     
        1519   18.390709630386826     
        1520   18.453844143520545     
        1521   18.340436293166899     
        1522   18.340436293166899     
        1523   18.340436293166899     
        1524   18.603244165289617     
        1525   18.603244165289617     
        1526   18.507928855518422     
        1527   18.507928855518422     
        1528   18.634997576533284     
        1529   18.637101557577179     
        1530   18.838504405948399     
        1531   18.838504405948399     
        1532   18.904373810441111     
        1533   18.679221633553468     
        1534   18.639159795234555     
        1535   18.584396581067683     
        1536   18.284038012293497     
        1537   18.437132468283888     
        1538   18.438608070344138     
        1539   18.449338529680126     
        1540   18.449338529680126     
        1541   18.268528628052895     
        1542   18.065137362754385     
        1543   18.065137362754385     
        1544   18.065137362754385     
        1545   18.065137362754385     
        1546   18.065137362754385     
        1547   18.360415199151010     
        1548   18.199096063077423     
        1549   18.199096063077423     
        1550   18.199096063077423     
        1551   18.604532011351054     
        1552   18.409285284265881     
        1553   18.409285284265881     
        1554   18.409285284265881     
        1555   18.624661812816282     
        1556   18.433914294969863     
        1557   18.395731059741848     
        1558   18.771678421881965     
        1559   18.771678421881965     
        1560   18.805128132091266     
        1561   18.805128132091266     
        1562   18.805128132091266     
        1563   18.357886546753342     
        1564   18.357886546753342     
        1565   18.094332970461114     
        1566   18.094332970461114     
        1567   18.259460538052650     
        1568   18.259460538052650     
        1569   18.006049609018405     
        1570   18.006049609018405     
        1571   18.056574631260638     
        1572   18.204289617572321     
        1573   18.257279514587815     
        1574   18.081672226890060     
        1575   17.973213049584775     
        1576   17.973213049584775     
        1577   17.973213049584775     
        1578   17.973213049584775     
        1579   17.973213049584775     
        1580   18.109553590465559     
        1581   18.484923210223474     
        1582   18.484923210223474     
        1583   18.479923233861339     
        1584   18.479923233861339     
        1585   18.183027003758880     
        1586   18.185487263727243     
        1587   18.185487263727243     
        1588   18.596929314655355     
        1589   18.596929314655355     
        1590   18.596929314655355     
        1591   18.114110416108623     
        1592   18.114110416108623     
        1593   18.745907885169910     
        1594   18.762129602471621     
        1595   18.902099741940287     
        1596   18.515083366299290     
        1597   18.515083366299290     
        1598   18.085459065650539     
        1599   18.342027437660530     
        1600   18.404187405682269     
        1601   18.404187405682269     
        1602   18.174467798366589     
        1603   18.313943190049983     
        1604   18.378475518738878     
        1605   18.361606830437207     
        1606   18.245376405642507     
        1607   18.591724639579908     
        1608   18.530198521145348     
        1609   18.592135804278186     
        1610   18.676160165551540     
        1611   18.676160165551540     
        1612   18.614212126002535     
        1613   18.614212126002535     
        1614   18.378800525623049     
        1615   18.378800525623049     
        1616   18.378800525623049     
        1617   18.799625580943189     
        1618   18.799625580943189     
        1619   18.799625580943189     
        1620   18.799625580943189     
        1621   18.799625580943189     
        1622   18.757276599077962     
        1623   18.757276599077962     
        1624   18.757276599077962     
        1625   18.533375938040827     
        1626   18.286804211085883     
        1627   18.286804211085883     
        1628   18.286804211085883     
        1629   18.233180445820771     
        1630   18.233180445820771     
        1631   18.233180445820771     
        1632   18.233180445820771     
        1633   18.427343965017545     
        1634   18.427343965017545     
        1635   18.557920952276408     
        1636   18.666738048509060     
        1637   18.666738048509060     
        1638   18.666738048509060     
        1639   18.666738048509060     
        1640   18.592894589743977     
        1641   18.601965758227099     
        1642   18.601965758227099     
        1643   18.601965758227099     
        1644   18.601965758227099     
        1645   18.601965758227099     
        1646   18.601965758227099     
        1647   18.601965758227099     
        1648   18.601965758227099     
        1649   18.601965758227099     
        1650   18.786899635231478     
        1651   18.576966566130515     
        1652   18.632700080442419     
        1653   18.761290815031387     
        1654   18.761290815031387     
        1655   18.879773547277225     
        1656   18.879773547277225     
        1657   18.432604860919817     
        1658   18.764412388122402     
        1659   19.008737714178270     
        1660   19.008737714178270     
        1661   18.933889491416394     
        1662   18.618850849653825     
        1663   18.618850849653825     
        1664   18.499778498711734     
        1665   18.093726854990415     
        1666   17.940979408059253     
        1667   17.908274889262326     
        1668   17.982500546978617     
        1669   17.973680157060922     
        1670   18.116031896639544     
        1671   18.254934456550060     
        1672   18.254934456550060     
        1673   18.254934456550060     
        1674   18.363925591119575     
        1675   18.363925591119575     
        1676   18.536230224288047     
        1677   18.536230224288047     
        1678   18.536230224288047     
        1679   18.648084929672443     
        1680   18.648084929672443     
        1681   18.648084929672443     
        1682   18.648084929672443     
        1683   18.776485883796333     
        1684   18.746540461634471     
        1685   18.746540461634471     
        1686   18.746540461634471     
        1687   18.440123662729921     
        1688   18.440123662729921     
        1689   18.899220977105127     
        1690   18.644968752455949     
        1691   18.644968752455949     
        1692   18.700456976433596     
        1693   18.620827418555070     
        1694   18.688059553659169     
        1695   18.549587907954937     
        1696   18.591249926462751     
        1697   18.470966791135961     
        1698   18.260200801647148     
        1699   18.260200801647148     
        1700   18.100477896461761     
        1701   18.473947981433376     
        1702   18.198318898168086     
        1703   18.800387542239225     
        1704   18.765216404751282     
        1705   19.004686376659851     
        1706   19.004686376659851     
        1707   18.988134235237151     
        1708   18.988134235237151     
        1709   18.988134235237151     
        1710   18.951022448767265     
        1711   18.620200364318066     
        1712   18.620200364318066     
        1713   18.729251332545122     
        1714   18.796629096636789     
        1715   18.796629096636789     
        1716   18.898136903008837     
        1717   18.691627860599244     
        1718   18.646364335115468     
        1719   18.646364335115468     
        1720   18.646364335115468     
        1721   18.817444400000195     
        1722   18.817444400000195     
        1723   18.817444400000195     
        1724   18.817444400000195     
        1725   18.677714100154514     
        1726   18.677714100154514     
        1727   19.005651752534945     
        1728   18.851398367122254     
        1729   18.715042008155674     
        1730   18.452161736948010     
        1731   18.666614097089131     
        1732   18.808627748183206     
        1733   18.639080718165754     
        1734   18.639080718165754     
        1735   18.876306551482418     
        1736   18.876306551482418     
        1737   18.641251423259853     
        1738   18.605948513241554     
        1739   18.297330214204603     
        1740   18.725803594004756     
        1741   18.306876323455111     
        1742   18.306876323455111     
        1743   18.521245831927356     
        1744   18.521245831927356     
        1745   18.521245831927356     
        1746   18.474661100645083     
        1747   18.463446975099796     
        1748   18.013233767457979     
        1749   18.023445948428627     
        1750   18.023445948428627     
        1751   18.023445948428627     
        1752   17.995053194540198     
        1753   18.189467900301885     
        1754   18.230567981709985     
        1755   18.168032912168027     
        1756   18.972115732101660     
        1757   18.972115732101660     
        1758   18.972115732101660     
        1759   18.919833876836577     
        1760   18.695085856130017     
        1761   18.224370561102482     
        1762   18.372709018633355     
        1763   18.372709018633355     
        1764   18.680080595458215     
        1765   18.680080595458215     
        1766   18.680080595458215     
        1767   18.655468034041071     
        1768   18.655468034041071     
        1769   18.655468034041071     
        1770   18.691975634050035     
        1771   18.397334974642618     
        1772   18.584225240478297     
        1773   18.263985796358277     
        1774   18.263985796358277     
        1775   18.395846411962534     
        1776   18.534107748077663     
        1777   18.534107748077663     
        1778   18.769347554156525     
        1779   18.769347554156525     
        1780   18.842262087348249     
        1781   18.423763353420924     
        1782   18.423763353420924     
        1783   18.509458989850408     
        1784   18.563107253454191     
        1785   18.563107253454191     
        1786   18.461930019096624     
        1787   18.461930019096624     
        1788   18.311975738640395     
        1789   18.392152761737634     
        1790   18.717445748854978     
        1791   18.666270214441230     
        1792   18.666270214441230     
        1793   18.542612953956745     
        1794   18.277085512942630     
        1795   17.957774368655453     
        1796   17.957774368655453     
        1797   18.301766811331625     
        1798   18.301766811331625     
        1799   18.374107197224262     
        1800   18.276082553612117     
        1801   18.427251580408253     
        1802   18.009602387057292     
        1803   18.185247683838067     
        1804   18.185247683838067     
        1805   18.185247683838067     
        1806   18.568796228142634     
        1807   18.465406708057387     
        1808   18.456122419021924     
        1809   18.468019744294249     
        1810   18.362790110229483     
        1811   18.362790110229483     
        1812   18.480415424422088     
        1813   18.147954212549998     
        1814   18.290512674828829     
        1815   18.119182092605428     
        1816   18.004857903758438     
        1817   18.004857903758438     
        1818   18.004857903758438     
        1819   18.004857903758438     
        1820   17.947098931922930     
        1821   18.331114210036688     
        1822   18.108737012275455     
        1823   18.439399754453731     
        1824   18.439399754453731     
        1825   18.439399754453731     
        1826   18.895963827379536     
        1827   18.798856904208144     
        1828   18.699701617746410     
        1829   18.699701617746410     
        1830   18.221270891325638     
        1831   18.221270891325638     
        1832   18.389604249280779     
        1833   18.389604249280779     
        1834   18.723343865854559     
        1835   18.983936246006905     
        1836   18.983936246006905     
        1837   18.536412100400668     
        1838   18.536412100400668     
        1839   18.536412100400668     
        1840   18.536412100400668     
        1841   18.383715885054766     
        1842   18.383715885054766     
        1843   18.383715885054766     
        1844   18.483171604584214     
        1845   18.483171604584214     
        1846   18.483171604584214     
        1847   18.352305540999524     
        1848   18.389742234862169     
        1849   18.578658377052001     
        1850   18.578658377052001     
        1851   18.578658377052001     
        1852   18.887696835879254     
        1853   18.887696835879254     
        1854   18.624950854875141     
        1855   18.605055426093969     
        1856   18.601743230277929     
        1857   18.601743230277929     
        1858   18.709598369981606     
        1859   18.255331418731924     
        1860   18.424683934686293     
        1861   18.604644263738344     
        1862   18.655007611001135     
        1863   18.273642161987894     
        1864   18.273642161987894     
        1865   18.056227470526267     
        1866   18.056227470526267     
        1867   18.382691172870157     
        1868   18.382691172870157     
        1869   18.382691172870157     
        1870   18.382691172870157     
        1871   18.179828150697823     
        1872   18.179828150697823     
        1873   18.789691585164817     
        1874   18.975809530711999     
        1875   18.975809530711999     
        1876   18.975809530711999     
        1877   18.692988352570641     
        1878   18.520832920795986     
        1879   18.329329583695088     
        1880   18.500747306345303     
        1881   18.500747306345303     
        1882   18.445319306209775     
        1883   18.760972622397130     
        1884   18.760972622397130     
        1885   18.760972622397130     
        1886   18.450699695611782     
        1887   18.450699695611782     
        1888   18.450699695611782     
        1889   18.165702989300254     
        1890   18.596957258358078     
        1891   18.357496578982225     
        1892   18.357496578982225     
        1893   18.239544233842075     
        1894   18.239544233842075     
        1895   18.239544233842075     
        1896   18.363470355263338     
        1897   18.687091931072981     
        1898   18.890875268803356     
        1899   18.890875268803356     
        1900   18.890875268803356     
        1901   18.890875268803356     
        1902   18.807352128066928     
        1903   18.471306786225885     
        1904   18.471306786225885     
        1905   18.471306786225885     
        1906   18.471306786225885     
        1907   18.471306786225885     
        1908   18.626350492474018     
        1909   19.033271774062033     
        1910   18.459269380534252     
        1911   18.619971178780283     
        1912   18.677501834212869     
        1913   18.684579687520831     
        1914   18.524797834706348     
        1915   18.402566128970335     
        1916   18.402566128970335     
        1917   18.402566128970335     
        1918   18.402566128970335     
        1919   18.402566128970335     
        1920   18.314551378047010     
        1921   18.137187614374632     
        1922   18.137187614374632     
        1923   18.228449908808948     
        1924   18.318983242255580     
        1925   18.289076576991313     
        1926   18.251248661738043     
        1927   18.251248661738043     
        1928   18.253655761843579     
        1929   18.253655761843579     
        1930   17.918737559242871     
        1931   17.900642498563808     
        1932   17.900642498563808     
        1933   18.011936319689546     
        1934   18.011936319689546     
        1935   18.341793525998128     
        1936   18.341793525998128     
        1937   18.429764619303242     
        1938   18.074866922125334     
        1939   18.272372048752125     
        1940   18.349579462036349     
        1941   18.349579462036349     
        1942   18.511959762275392     
        1943   18.511959762275392     
        1944   18.511959762275392     
        1945   18.690499172524525     
        1946   18.690499172524525     
        1947   18.690499172524525     
        1948   18.669903608828594     
        1949   18.684120173144173     
        1950   18.737115944931332     
        1951   18.737115944931332     
        1952   19.107157587803869     
        1953   19.107157587803869     
        1954   18.868144655767281     
        1955   18.868144655767281     
        1956   18.506716633642995     
        1957   18.643828998468418     
        1958   18.234338311471895     
        1959   18.391184794585794     
        1960   18.391184794585794     
        1961   18.560263977358190     
        1962   18.436329835516016     
        1963   18.725590228479287     
        1964   18.725590228479287     
        1965   18.563922763685824     
        1966   18.337261238089365     
        1967   18.337261238089365     
        1968   18.835311791483289     
        1969   18.426887290602828     
        1970   18.478845548609677     
        1971   18.297732597581454     
        1972   18.297732597581454     
        1973   18.297732597581454     
        1974   18.677854844392382     
        1975   18.375695020925228     
        1976   18.375695020925228     
        1977   18.375695020925228     
        1978   18.804704134407601     
        1979   18.858880354658222     
        1980   18.878229652460071     
        1981   18.878229652460071     
        1982   18.980549721506588     
        1983   19.020681088965105     
        1984   18.550728650532051     
        1985   18.698076258301601     
        1986   18.698076258301601     
        1987   18.669544950668801     
        1988   18.669544950668801     
        1989   18.948724818380391     
        1990   18.752344620226534     
        1991   18.752344620226534     
        1992   18.598265728558516     
        1993   18.390616987505680     
        1994   18.390616987505680     
        1995   18.390616987505680     
        1996   18.622997454461899     
        1997   18.622017996187015     
        1998   18.622017996187015     
        1999   18.468820361545742     
        2000   18.468820361545742     
