 SAMPLE,  BOXLENGTH
           1   8.6863472525323697     
           2   8.6863472525323697     
           3   8.6863472525323697     
           4   8.6937372855657244     
           5   8.7210813702474006     
           6   8.6947644591471391     
           7   8.7348284867586603     
           8   8.7348284867586603     
           9   8.7077242704115445     
          10   8.6778907836363341     
          11   8.6778907836363341     
          12   8.6404859920305395     
          13   8.6780748454534411     
          14   8.6780748454534411     
          15   8.6449119487709893     
          16   8.6449119487709893     
          17   8.6449119487709893     
          18   8.6449119487709893     
          19   8.6449119487709893     
          20   8.6449119487709893     
          21   8.6449119487709893     
          22   8.6257645615709784     
          23   8.6257645615709784     
          24   8.6257645615709784     
          25   8.5980889844465320     
          26   8.5912384649699067     
          27   8.5938183618867399     
          28   8.5938183618867399     
          29   8.5938183618867399     
          30   8.5938183618867399     
          31   8.6285402368018751     
          32   8.6388273572552148     
          33   8.6129430735246064     
          34   8.6365341732509684     
          35   8.6341398054186023     
          36   8.6307729449208974     
          37   8.6307729449208974     
          38   8.6307729449208974     
          39   8.6701442448131179     
          40   8.6701442448131179     
          41   8.6837096554535762     
          42   8.6650715426158076     
          43   8.6847728901720966     
          44   8.6796232585289275     
          45   8.6658019729893265     
          46   8.6263888678323752     
          47   8.6263888678323752     
          48   8.6263888678323752     
          49   8.6909775917559013     
          50   8.6909775917559013     
          51   8.6652642102339481     
          52   8.6342278597343043     
          53   8.6282987651845140     
          54   8.6282987651845140     
          55   8.6788409137426896     
          56   8.6788409137426896     
          57   8.6916168683193256     
          58   8.6949836474767039     
          59   8.6641661155535115     
          60   8.6641661155535115     
          61   8.6651690440335631     
          62   8.6651690440335631     
          63   8.6796581882936756     
          64   8.7078925759291170     
          65   8.6803053836180428     
          66   8.6803053836180428     
          67   8.7186987122233450     
          68   8.7280586474884867     
          69   8.6864377851334051     
          70   8.7228873161665756     
          71   8.6918870643968678     
          72   8.7066382925841239     
          73   8.6924524066773685     
          74   8.7272054025302523     
          75   8.7272054025302523     
          76   8.7356408278158408     
          77   8.7472655324756818     
          78   8.7570936559929109     
          79   8.6726822677178390     
          80   8.6914719158050993     
          81   8.6914719158050993     
          82   8.7027087317059308     
          83   8.7013373064416264     
          84   8.7013373064416264     
          85   8.7027450686154886     
          86   8.7027450686154886     
          87   8.7027450686154886     
          88   8.7027450686154886     
          89   8.7027450686154886     
          90   8.7089355295432274     
          91   8.7089355295432274     
          92   8.6566388647915637     
          93   8.6862956222678225     
          94   8.6862956222678225     
          95   8.6527550931182002     
          96   8.6592959618887431     
          97   8.6940140969838833     
          98   8.6960596598028381     
          99   8.6879713050946439     
         100   8.6879713050946439     
         101   8.6879713050946439     
         102   8.6879713050946439     
         103   8.7030688975930435     
         104   8.6464361834444059     
         105   8.6464361834444059     
         106   8.6464361834444059     
         107   8.6449454109863471     
         108   8.6822919609897635     
         109   8.6822919609897635     
         110   8.6315499493122498     
         111   8.6490494107376890     
         112   8.6490494107376890     
         113   8.6159839528237416     
         114   8.6452995108937500     
         115   8.6220087650235211     
         116   8.6169176005324637     
         117   8.6169176005324637     
         118   8.6522763596580585     
         119   8.6522763596580585     
         120   8.6522763596580585     
         121   8.6553092015572730     
         122   8.6267287151688770     
         123   8.6599504446916438     
         124   8.6298640552494490     
         125   8.6298640552494490     
         126   8.6447864645225483     
         127   8.6365617052926300     
         128   8.6365617052926300     
         129   8.6602336239959801     
         130   8.6944003103496943     
         131   8.7045273014414928     
         132   8.7045273014414928     
         133   8.7045273014414928     
         134   8.6531835378151971     
         135   8.7040157140845427     
         136   8.6567689071145857     
         137   8.6678394301878594     
         138   8.6729265217824523     
         139   8.6586648855821693     
         140   8.6893161165759025     
         141   8.6670088534679959     
         142   8.6670088534679959     
         143   8.6670088534679959     
         144   8.6670088534679959     
         145   8.6689123337086293     
         146   8.6689123337086293     
         147   8.6689123337086293     
         148   8.6689123337086293     
         149   8.6923428037957020     
         150   8.6923428037957020     
         151   8.6877581277506657     
         152   8.6385257419027202     
         153   8.6771926918365185     
         154   8.6771926918365185     
         155   8.6771926918365185     
         156   8.6771926918365185     
         157   8.7044358388063952     
         158   8.7044358388063952     
         159   8.6648930070635366     
         160   8.6648930070635366     
         161   8.6648930070635366     
         162   8.6648930070635366     
         163   8.6680278085069151     
         164   8.6680278085069151     
         165   8.7114820292378798     
         166   8.7054944324716725     
         167   8.7054944324716725     
         168   8.7054944324716725     
         169   8.7054944324716725     
         170   8.6639278635113151     
         171   8.6639278635113151     
         172   8.6843452279114679     
         173   8.6812675997193054     
         174   8.6812675997193054     
         175   8.6812675997193054     
         176   8.6361781049491171     
         177   8.6361781049491171     
         178   8.6361781049491171     
         179   8.6868413728584528     
         180   8.6868413728584528     
         181   8.6868413728584528     
         182   8.6064055240325548     
         183   8.6064055240325548     
         184   8.6550155785622049     
         185   8.6444603634524260     
         186   8.6444603634524260     
         187   8.6111813783393298     
         188   8.6450712677946235     
         189   8.6495837786710013     
         190   8.6706100907464769     
         191   8.6719840263101577     
         192   8.6719840263101577     
         193   8.6719840263101577     
         194   8.6428631201913184     
         195   8.6350208932522463     
         196   8.6350208932522463     
         197   8.6756704853881015     
         198   8.6179452454023178     
         199   8.6179452454023178     
         200   8.6466905265362488     
         201   8.6466905265362488     
         202   8.6466905265362488     
         203   8.6344356907717863     
         204   8.6344356907717863     
         205   8.6541762576319261     
         206   8.6541762576319261     
         207   8.6188244336153179     
         208   8.6258541357721441     
         209   8.6258541357721441     
         210   8.6653005526226838     
         211   8.6653005526226838     
         212   8.6820588398139442     
         213   8.6623915485227236     
         214   8.6607779761438461     
         215   8.6339966316546448     
         216   8.6334403413001048     
         217   8.6346138746330503     
         218   8.6600090466851292     
         219   8.6163780046177969     
         220   8.6163780046177969     
         221   8.6163780046177969     
         222   8.6163780046177969     
         223   8.6163780046177969     
         224   8.6086808042401390     
         225   8.6206594049247123     
         226   8.6608479905375688     
         227   8.6139261538513789     
         228   8.5978488751323638     
         229   8.6122908268820026     
         230   8.6100036967315852     
         231   8.6100036967315852     
         232   8.6504241790455527     
         233   8.5960926069950450     
         234   8.6239138780272331     
         235   8.6361455719640645     
         236   8.6361455719640645     
         237   8.6361455719640645     
         238   8.6361455719640645     
         239   8.5953007033026303     
         240   8.5953007033026303     
         241   8.5953007033026303     
         242   8.5926438169876462     
         243   8.5825488679191171     
         244   8.5973850563914862     
         245   8.5973850563914862     
         246   8.6361855906341116     
         247   8.5941325220882590     
         248   8.5941325220882590     
         249   8.5941325220882590     
         250   8.6162705420746128     
         251   8.6182921984537657     
         252   8.6102000650243209     
         253   8.6102000650243209     
         254   8.5834862480781773     
         255   8.5834862480781773     
         256   8.5834862480781773     
         257   8.6006368790915708     
         258   8.6129274198382078     
         259   8.6129274198382078     
         260   8.5966371841242744     
         261   8.6060940658733163     
         262   8.6211225232057789     
         263   8.6253478058517885     
         264   8.6852858496703131     
         265   8.6852858496703131     
         266   8.6872188314707426     
         267   8.6425786873965773     
         268   8.6184752482757236     
         269   8.6376528297218265     
         270   8.6376528297218265     
         271   8.6376528297218265     
         272   8.6620124230316478     
         273   8.6159690826308299     
         274   8.6061638685007047     
         275   8.6214410217041060     
         276   8.6219571003286291     
         277   8.6219571003286291     
         278   8.6325035094647617     
         279   8.6233325990401735     
         280   8.6233325990401735     
         281   8.6026760544912140     
         282   8.6220713913529554     
         283   8.6220713913529554     
         284   8.6220713913529554     
         285   8.6414655901193136     
         286   8.6414246191090722     
         287   8.6280513444690445     
         288   8.6280513444690445     
         289   8.6534095412826666     
         290   8.6219946218576560     
         291   8.6219946218576560     
         292   8.6219946218576560     
         293   8.5920202114818736     
         294   8.5844748849144104     
         295   8.5928316984615556     
         296   8.5928316984615556     
         297   8.5960733002075873     
         298   8.5960733002075873     
         299   8.5960733002075873     
         300   8.5960733002075873     
         301   8.6334338136202646     
         302   8.6334338136202646     
         303   8.6072571495039654     
         304   8.6493420565944348     
         305   8.6493420565944348     
         306   8.6493420565944348     
         307   8.6493420565944348     
         308   8.6126859884091438     
         309   8.6226629871235545     
         310   8.5964234750885709     
         311   8.6573716153279747     
         312   8.6573716153279747     
         313   8.6573716153279747     
         314   8.6573716153279747     
         315   8.6524627126533353     
         316   8.6524627126533353     
         317   8.6022023372624119     
         318   8.6223701727044553     
         319   8.6223701727044553     
         320   8.6223701727044553     
         321   8.6223701727044553     
         322   8.6114020742843866     
         323   8.5725634416169836     
         324   8.5766597360312886     
         325   8.6348525727515888     
         326   8.6268335273559824     
         327   8.6188879314407281     
         328   8.6188879314407281     
         329   8.6188879314407281     
         330   8.6380773845463423     
         331   8.6446584062569141     
         332   8.6381370753680589     
         333   8.6381370753680589     
         334   8.6381370753680589     
         335   8.6381370753680589     
         336   8.5914878890791222     
         337   8.5914878890791222     
         338   8.5744782950176628     
         339   8.5682603872598868     
         340   8.5667309895255155     
         341   8.5938841289777326     
         342   8.6073309317816129     
         343   8.6073309317816129     
         344   8.6011256454653768     
         345   8.6011256454653768     
         346   8.5734060854653364     
         347   8.5734060854653364     
         348   8.5802260713520777     
         349   8.6001840986933100     
         350   8.5920081490719760     
         351   8.5920081490719760     
         352   8.5920081490719760     
         353   8.5760904158188964     
         354   8.5760904158188964     
         355   8.6047520234725425     
         356   8.5715244659169674     
         357   8.5715244659169674     
         358   8.5715244659169674     
         359   8.5715244659169674     
         360   8.5715244659169674     
         361   8.5936889674787196     
         362   8.6049623755813709     
         363   8.6014723159191639     
         364   8.5736426023540542     
         365   8.5274025701027689     
         366   8.5492398612792186     
         367   8.5865218122569278     
         368   8.6205759265743556     
         369   8.6205759265743556     
         370   8.6205759265743556     
         371   8.5675514462912989     
         372   8.6047270900491704     
         373   8.5836047494779173     
         374   8.6096033352166508     
         375   8.5826974741576478     
         376   8.6260490980606210     
         377   8.5859634480492151     
         378   8.6056315495188098     
         379   8.6056315495188098     
         380   8.6036610166857201     
         381   8.6036610166857201     
         382   8.6022556856259769     
         383   8.6720997283843158     
         384   8.6328928087170436     
         385   8.6662696934788013     
         386   8.6198957663048592     
         387   8.6538830037336663     
         388   8.6483188919877687     
         389   8.6483188919877687     
         390   8.6483188919877687     
         391   8.6483188919877687     
         392   8.6389530735853395     
         393   8.6360326672360781     
         394   8.6149441250812622     
         395   8.6212079611144325     
         396   8.6212079611144325     
         397   8.6212079611144325     
         398   8.6255415483064972     
         399   8.6624745308270477     
         400   8.6250069815446704     
         401   8.6250069815446704     
         402   8.6263157358615032     
         403   8.6263157358615032     
         404   8.6640062843332846     
         405   8.6822455085517092     
         406   8.6822455085517092     
         407   8.6822455085517092     
         408   8.6674002184942456     
         409   8.6674002184942456     
         410   8.6674002184942456     
         411   8.6674002184942456     
         412   8.6489927513847320     
         413   8.6655888705230186     
         414   8.6655888705230186     
         415   8.6655888705230186     
         416   8.6655888705230186     
         417   8.6569225952326612     
         418   8.6844818594535056     
         419   8.6915404994946606     
         420   8.6915404994946606     
         421   8.6872447619068023     
         422   8.6919553176464088     
         423   8.6919553176464088     
         424   8.6919553176464088     
         425   8.6894897192975993     
         426   8.6894897192975993     
         427   8.6894897192975993     
         428   8.6674165972150092     
         429   8.6726192943725149     
         430   8.6202123484950786     
         431   8.6202123484950786     
         432   8.6202123484950786     
         433   8.6202123484950786     
         434   8.6202123484950786     
         435   8.5991736648582400     
         436   8.6117086127604736     
         437   8.6164486795203761     
         438   8.6164486795203761     
         439   8.6164486795203761     
         440   8.6164486795203761     
         441   8.6164486795203761     
         442   8.6277458178311548     
         443   8.6277458178311548     
         444   8.6725396983816889     
         445   8.6725396983816889     
         446   8.6725396983816889     
         447   8.6877175067006256     
         448   8.6701081723636353     
         449   8.6986726341247422     
         450   8.6620211689667741     
         451   8.6620211689667741     
         452   8.6765928944039228     
         453   8.6339763984078548     
         454   8.6448708364311866     
         455   8.6448708364311866     
         456   8.6803575665760579     
         457   8.6347731630469173     
         458   8.6719992145196123     
         459   8.6491300476279331     
         460   8.6491300476279331     
         461   8.6518145694442481     
         462   8.6631279955908180     
         463   8.6239739372899553     
         464   8.6798465140471208     
         465   8.6798465140471208     
         466   8.6479235606038181     
         467   8.6479235606038181     
         468   8.6479235606038181     
         469   8.6233646132242434     
         470   8.6571945840482751     
         471   8.6407577738526058     
         472   8.6583313001417910     
         473   8.6583313001417910     
         474   8.6884387988509886     
         475   8.6467522133061809     
         476   8.6624678636752837     
         477   8.6337949232192148     
         478   8.6615602662370250     
         479   8.6615602662370250     
         480   8.6848197445682427     
         481   8.6795686811125723     
         482   8.6661158491325487     
         483   8.6974909202491357     
         484   8.6670505627610375     
         485   8.6913208523693388     
         486   8.7054468328929477     
         487   8.6888772362743385     
         488   8.6888772362743385     
         489   8.6888772362743385     
         490   8.6751192712185770     
         491   8.6751192712185770     
         492   8.6751192712185770     
         493   8.6566759197794525     
         494   8.6232466724723817     
         495   8.6810820481989843     
         496   8.6810820481989843     
         497   8.7001438940271250     
         498   8.7001438940271250     
         499   8.7138651634246411     
         500   8.7089974571756645     
         501   8.7089974571756645     
         502   8.7228034869540778     
         503   8.7102636907902689     
         504   8.7102636907902689     
         505   8.7226986010027829     
         506   8.7226986010027829     
         507   8.7226986010027829     
         508   8.7226986010027829     
         509   8.7232250388081845     
         510   8.7112672836670715     
         511   8.6780256808641969     
         512   8.7149743091895715     
         513   8.7149743091895715     
         514   8.7178177058676756     
         515   8.7178177058676756     
         516   8.7383637243504246     
         517   8.6930629847134302     
         518   8.6942756638252519     
         519   8.6942756638252519     
         520   8.6554623223024940     
         521   8.6554623223024940     
         522   8.6978055103511807     
         523   8.6978055103511807     
         524   8.6978055103511807     
         525   8.6475641421211122     
         526   8.6794755065057885     
         527   8.6745175255827522     
         528   8.7163790253727189     
         529   8.7163790253727189     
         530   8.7163790253727189     
         531   8.7163790253727189     
         532   8.7103789111223318     
         533   8.6687861609395114     
         534   8.6653602014619526     
         535   8.6623819538748030     
         536   8.6908708670688117     
         537   8.6861163229764458     
         538   8.6849037632252397     
         539   8.6849037632252397     
         540   8.6786854403123801     
         541   8.6786854403123801     
         542   8.6259914389604972     
         543   8.6571904997238445     
         544   8.6813947454955329     
         545   8.6892914309040901     
         546   8.6892914309040901     
         547   8.6892914309040901     
         548   8.6877290440015251     
         549   8.6877290440015251     
         550   8.6877290440015251     
         551   8.6877290440015251     
         552   8.7252726215201619     
         553   8.6923937405359943     
         554   8.6923937405359943     
         555   8.6965275769792836     
         556   8.6958523568977597     
         557   8.6958523568977597     
         558   8.6958523568977597     
         559   8.6644221890037372     
         560   8.6495034170853202     
         561   8.6529264159892598     
         562   8.6400868298051599     
         563   8.6400868298051599     
         564   8.6400868298051599     
         565   8.6400868298051599     
         566   8.6426446254649356     
         567   8.6358833910768116     
         568   8.6358833910768116     
         569   8.6445625700901765     
         570   8.6445625700901765     
         571   8.6556423094971162     
         572   8.6556423094971162     
         573   8.6193223162723172     
         574   8.6193223162723172     
         575   8.6193223162723172     
         576   8.6526306801946333     
         577   8.6813461848650082     
         578   8.6444137604235038     
         579   8.6444212941458982     
         580   8.6620909968894981     
         581   8.6282957691424294     
         582   8.6846326327683183     
         583   8.6690303008372194     
         584   8.6690303008372194     
         585   8.6690303008372194     
         586   8.6413049050978863     
         587   8.6238624708043119     
         588   8.6238624708043119     
         589   8.6295938352000032     
         590   8.6295938352000032     
         591   8.6194023569517952     
         592   8.6194023569517952     
         593   8.6749906986944243     
         594   8.6679702253978395     
         595   8.6765182611652758     
         596   8.6765182611652758     
         597   8.6695400022661548     
         598   8.6695400022661548     
         599   8.6695400022661548     
         600   8.6695400022661548     
         601   8.6695400022661548     
         602   8.6599751101002127     
         603   8.6951964504638291     
         604   8.6610378865568247     
         605   8.6534507126409022     
         606   8.6483666514685087     
         607   8.6512335163913381     
         608   8.6541603148573856     
         609   8.6472018978566805     
         610   8.6472018978566805     
         611   8.6472018978566805     
         612   8.6706494408371846     
         613   8.6706494408371846     
         614   8.6759604293576960     
         615   8.6759604293576960     
         616   8.6759604293576960     
         617   8.7170468706464259     
         618   8.6960337414452731     
         619   8.7110436037374441     
         620   8.7045480309199714     
         621   8.6861879032285483     
         622   8.6932106551335817     
         623   8.6932106551335817     
         624   8.7083063204712001     
         625   8.7083063204712001     
         626   8.6564666603495102     
         627   8.6271066872277427     
         628   8.6215247173893026     
         629   8.6550351656268152     
         630   8.6676806917462983     
         631   8.6406946175684212     
         632   8.6406946175684212     
         633   8.6465191451915260     
         634   8.6242339794103859     
         635   8.6242339794103859     
         636   8.6418748961933129     
         637   8.6680746195171814     
         638   8.6991596316223596     
         639   8.6607964709719791     
         640   8.6607964709719791     
         641   8.7005651134870234     
         642   8.7086793468355488     
         643   8.7086793468355488     
         644   8.7086793468355488     
         645   8.6988800547884484     
         646   8.6750034161315632     
         647   8.6750034161315632     
         648   8.7315591385859062     
         649   8.7315591385859062     
         650   8.7481181006145636     
         651   8.7372933226735103     
         652   8.7372933226735103     
         653   8.6867222720600221     
         654   8.7056438456803882     
         655   8.7104253058890162     
         656   8.6725725128181157     
         657   8.6844494721012833     
         658   8.6922576698437553     
         659   8.6886405225699637     
         660   8.6886405225699637     
         661   8.6886405225699637     
         662   8.6996659342025762     
         663   8.6996659342025762     
         664   8.6461788803604929     
         665   8.6821195551804298     
         666   8.6302261428993639     
         667   8.6171634639503338     
         668   8.6171634639503338     
         669   8.6171634639503338     
         670   8.6171634639503338     
         671   8.6171634639503338     
         672   8.6661583832123270     
         673   8.6602092427679871     
         674   8.6622693552790793     
         675   8.6622693552790793     
         676   8.6580296758870467     
         677   8.6580296758870467     
         678   8.6395345516736146     
         679   8.6395345516736146     
         680   8.6198576750461076     
         681   8.6639085260809345     
         682   8.6639085260809345     
         683   8.6639085260809345     
         684   8.6531439886249100     
         685   8.6279914524406855     
         686   8.6463174033120342     
         687   8.6329204738537673     
         688   8.6672052286121275     
         689   8.6672052286121275     
         690   8.6577918504742453     
         691   8.6567624116050421     
         692   8.6567624116050421     
         693   8.6567624116050421     
         694   8.6654764435581413     
         695   8.6521044569632952     
         696   8.6740736632312920     
         697   8.6740736632312920     
         698   8.6740736632312920     
         699   8.6828961424531208     
         700   8.6828961424531208     
         701   8.6996932936992035     
         702   8.7494910813247664     
         703   8.7494910813247664     
         704   8.7303676022036516     
         705   8.7303676022036516     
         706   8.7303676022036516     
         707   8.6970810331372572     
         708   8.6957740257524261     
         709   8.6787494758810944     
         710   8.6787494758810944     
         711   8.6787494758810944     
         712   8.6671750097421505     
         713   8.7048914221731142     
         714   8.7048914221731142     
         715   8.6866753613940215     
         716   8.6477368606562024     
         717   8.6819075131997305     
         718   8.6681361783042910     
         719   8.6681361783042910     
         720   8.6681361783042910     
         721   8.6681361783042910     
         722   8.6907081385987297     
         723   8.6907081385987297     
         724   8.7301656181188161     
         725   8.7301656181188161     
         726   8.7301656181188161     
         727   8.6696232633922481     
         728   8.6855793799985346     
         729   8.6738865938383753     
         730   8.6373572110482133     
         731   8.6600229260698871     
         732   8.6248375585518051     
         733   8.6664254422346172     
         734   8.6605076799975169     
         735   8.6673194513302096     
         736   8.6408125423285504     
         737   8.6408125423285504     
         738   8.6408125423285504     
         739   8.6685016999515572     
         740   8.6685016999515572     
         741   8.6470508058934428     
         742   8.6550047221923236     
         743   8.6341433615814527     
         744   8.6442658670767969     
         745   8.6442658670767969     
         746   8.6440227932274585     
         747   8.6724295135048042     
         748   8.6724295135048042     
         749   8.6428334042140449     
         750   8.6419833006486257     
         751   8.6567743474930499     
         752   8.6567743474930499     
         753   8.6567743474930499     
         754   8.6645602916432516     
         755   8.7058165012308777     
         756   8.6975123106494365     
         757   8.7042339100854313     
         758   8.6551065740343862     
         759   8.6551065740343862     
         760   8.6551065740343862     
         761   8.6551065740343862     
         762   8.6551065740343862     
         763   8.6551065740343862     
         764   8.6551065740343862     
         765   8.6778823721620757     
         766   8.6778823721620757     
         767   8.6778823721620757     
         768   8.6524678254287437     
         769   8.6461000792494609     
         770   8.6646548305838138     
         771   8.6646548305838138     
         772   8.6646548305838138     
         773   8.6406754519607727     
         774   8.6680186544762723     
         775   8.6680186544762723     
         776   8.6429222399516377     
         777   8.6291609278477583     
         778   8.6291609278477583     
         779   8.6416890733086795     
         780   8.6416890733086795     
         781   8.6387518487552892     
         782   8.6387518487552892     
         783   8.6195789581634745     
         784   8.6530733230624488     
         785   8.6530733230624488     
         786   8.6526953449189303     
         787   8.6526953449189303     
         788   8.6577686764097042     
         789   8.6222480463548745     
         790   8.6618087279717511     
         791   8.6618087279717511     
         792   8.6493925701391898     
         793   8.6443571498813903     
         794   8.6443571498813903     
         795   8.6374085659922581     
         796   8.6374085659922581     
         797   8.6543593594148671     
         798   8.6543593594148671     
         799   8.6559824225269306     
         800   8.6559824225269306     
         801   8.6627627541073942     
         802   8.6627627541073942     
         803   8.6276621555146384     
         804   8.6276621555146384     
         805   8.6392340826044709     
         806   8.6305287153728596     
         807   8.6305287153728596     
         808   8.6696681565928362     
         809   8.6914527302585167     
         810   8.6655722635001631     
         811   8.6655722635001631     
         812   8.6655722635001631     
         813   8.6274763612183865     
         814   8.6274763612183865     
         815   8.6239347574564480     
         816   8.6239347574564480     
         817   8.6341996704991892     
         818   8.6206135736930083     
         819   8.6223361218487096     
         820   8.6367811597175610     
         821   8.6367811597175610     
         822   8.6367811597175610     
         823   8.6803516084633809     
         824   8.6803516084633809     
         825   8.6803516084633809     
         826   8.6803516084633809     
         827   8.6737100143284813     
         828   8.6737100143284813     
         829   8.6737100143284813     
         830   8.6482045882133463     
         831   8.6101580528404504     
         832   8.6101580528404504     
         833   8.6557785920244950     
         834   8.6361840634441727     
         835   8.6562173948900796     
         836   8.6673799707079073     
         837   8.6754910232433300     
         838   8.6754910232433300     
         839   8.6840246856624912     
         840   8.6892405431024251     
         841   8.6805755521673511     
         842   8.6769185478619004     
         843   8.6769185478619004     
         844   8.6769185478619004     
         845   8.6299589343288883     
         846   8.6713946467328764     
         847   8.6623760121098936     
         848   8.6623760121098936     
         849   8.6681863151136547     
         850   8.6775201593317579     
         851   8.6708790676152816     
         852   8.6708790676152816     
         853   8.6708790676152816     
         854   8.6663181166188785     
         855   8.6405798257296311     
         856   8.6405798257296311     
         857   8.6825170013971675     
         858   8.6825170013971675     
         859   8.6604155563252743     
         860   8.6697445851337509     
         861   8.6247794091755203     
         862   8.6678665102203070     
         863   8.6744627709646984     
         864   8.6744627709646984     
         865   8.6744627709646984     
         866   8.6398519971589138     
         867   8.6867803622069655     
         868   8.6707993246180539     
         869   8.6519832528691651     
         870   8.6719536310079235     
         871   8.6572355504131622     
         872   8.6572355504131622     
         873   8.6545637986587245     
         874   8.6545637986587245     
         875   8.6633001122340598     
         876   8.6533196638991221     
         877   8.6590799157302012     
         878   8.6840062364357156     
         879   8.6580187560170963     
         880   8.6358014318021290     
         881   8.6358014318021290     
         882   8.6358014318021290     
         883   8.6402439423298851     
         884   8.6402439423298851     
         885   8.6770050735777371     
         886   8.6661513932377403     
         887   8.6623129190509438     
         888   8.6623129190509438     
         889   8.6804155420298166     
         890   8.6804155420298166     
         891   8.7179554592647559     
         892   8.6865779907276472     
         893   8.6659194832095299     
         894   8.6659194832095299     
         895   8.6673931325861311     
         896   8.6585817788084523     
         897   8.6867820591809046     
         898   8.6705447331785681     
         899   8.6806427147719649     
         900   8.6806427147719649     
         901   8.6834053634263384     
         902   8.6443434721169776     
         903   8.6371672888622992     
         904   8.6371672888622992     
         905   8.6398931699497634     
         906   8.6399005167699539     
         907   8.6399005167699539     
         908   8.6399005167699539     
         909   8.6399005167699539     
         910   8.6399005167699539     
         911   8.6396888198121538     
         912   8.6437847840445983     
         913   8.6723733571219146     
         914   8.6723733571219146     
         915   8.6684969697743863     
         916   8.7001569136964783     
         917   8.7001569136964783     
         918   8.6039416330760634     
         919   8.6039416330760634     
         920   8.6039416330760634     
         921   8.6625579227700094     
         922   8.6625579227700094     
         923   8.6433190748841255     
         924   8.6433190748841255     
         925   8.6433190748841255     
         926   8.6396883151514601     
         927   8.6388209933819997     
         928   8.6711194814727062     
         929   8.6349238199565779     
         930   8.6427222453317061     
         931   8.6300397149065589     
         932   8.6030385605983017     
         933   8.6608008197797428     
         934   8.6608008197797428     
         935   8.6270794048577795     
         936   8.6270794048577795     
         937   8.6270794048577795     
         938   8.6270794048577795     
         939   8.6270794048577795     
         940   8.6098560584460859     
         941   8.6098560584460859     
         942   8.6245442320228758     
         943   8.6245442320228758     
         944   8.6477220832884054     
         945   8.6419947003834725     
         946   8.6268138448725349     
         947   8.6654164973652197     
         948   8.6717437463740605     
         949   8.6521205993613499     
         950   8.6166396894715405     
         951   8.6666604005781096     
         952   8.6588925815805826     
         953   8.6515742163369538     
         954   8.6515742163369538     
         955   8.6515742163369538     
         956   8.6619594378068232     
         957   8.6619594378068232     
         958   8.6619594378068232     
         959   8.6436902840611545     
         960   8.6436902840611545     
         961   8.6057222209506907     
         962   8.6577639212315258     
         963   8.6540750295297038     
         964   8.6401248067985410     
         965   8.6398659037243810     
         966   8.6398659037243810     
         967   8.6229048771598595     
         968   8.6229048771598595     
         969   8.6330197609108641     
         970   8.6733859955894292     
         971   8.6733859955894292     
         972   8.6855180491549699     
         973   8.6545449068398135     
         974   8.6777331399807416     
         975   8.6257028572691929     
         976   8.6454992377298900     
         977   8.6966791931097625     
         978   8.6641921672375979     
         979   8.6641921672375979     
         980   8.6641921672375979     
         981   8.6515772396226645     
         982   8.6515772396226645     
         983   8.6515772396226645     
         984   8.6856737470635004     
         985   8.6934074400962515     
         986   8.6772341881032435     
         987   8.7117617958154643     
         988   8.6802988515137613     
         989   8.6465406355319949     
         990   8.6465406355319949     
         991   8.6311337711278018     
         992   8.6311337711278018     
         993   8.6311337711278018     
         994   8.6338324139568847     
         995   8.6039618386793340     
         996   8.6378085484565261     
         997   8.6237507608763480     
         998   8.6237507608763480     
         999   8.6159318478843190     
        1000   8.6473832445352485     
        1001   8.6307441709455084     
        1002   8.6307441709455084     
        1003   8.6309167104985338     
        1004   8.6309167104985338     
        1005   8.6460920892214261     
        1006   8.6535062935161751     
        1007   8.6535062935161751     
        1008   8.6535062935161751     
        1009   8.6569825936034555     
        1010   8.6244289972696748     
        1011   8.6244289972696748     
        1012   8.6425212535258069     
        1013   8.6425212535258069     
        1014   8.6577293573715703     
        1015   8.6577293573715703     
        1016   8.6577293573715703     
        1017   8.6705019989691401     
        1018   8.6705019989691401     
        1019   8.6634242864758200     
        1020   8.6634242864758200     
        1021   8.6527990368853640     
        1022   8.6527990368853640     
        1023   8.7109847164154317     
        1024   8.7109847164154317     
        1025   8.6934866848577013     
        1026   8.6749060763450085     
        1027   8.6749060763450085     
        1028   8.6630419924894362     
        1029   8.7035173069830218     
        1030   8.7081183077354076     
        1031   8.7318346803537779     
        1032   8.7318346803537779     
        1033   8.7318346803537779     
        1034   8.7123032338969022     
        1035   8.7356417431337281     
        1036   8.7356417431337281     
        1037   8.7094840715210307     
        1038   8.7094840715210307     
        1039   8.7223463956347622     
        1040   8.7223463956347622     
        1041   8.6851574978389223     
        1042   8.7127294319757773     
        1043   8.7127294319757773     
        1044   8.7351135179500883     
        1045   8.7154002043360084     
        1046   8.7224399571824058     
        1047   8.7224399571824058     
        1048   8.7516678105199581     
        1049   8.7382176554966922     
        1050   8.7346570336238596     
        1051   8.7295690665572288     
        1052   8.7039053646827274     
        1053   8.7046520558996807     
        1054   8.7189170405527499     
        1055   8.7362787090248641     
        1056   8.6981872294343994     
        1057   8.6855103785836913     
        1058   8.6945062650624561     
        1059   8.7372765263079888     
        1060   8.6976624402202507     
        1061   8.6976624402202507     
        1062   8.6976624402202507     
        1063   8.7016229369413871     
        1064   8.7016229369413871     
        1065   8.7191812733276493     
        1066   8.7191812733276493     
        1067   8.7191812733276493     
        1068   8.6816449825931929     
        1069   8.6816449825931929     
        1070   8.6444271165185160     
        1071   8.6444271165185160     
        1072   8.6667151211672611     
        1073   8.6667151211672611     
        1074   8.6667151211672611     
        1075   8.6423541897530303     
        1076   8.6269689926798403     
        1077   8.6900170650867992     
        1078   8.7044411920461044     
        1079   8.7044411920461044     
        1080   8.6608400131356369     
        1081   8.6575395610728911     
        1082   8.6766296466726036     
        1083   8.6750688755036887     
        1084   8.6536331809847784     
        1085   8.6573043557977254     
        1086   8.6221229934246129     
        1087   8.6410925033089345     
        1088   8.6410925033089345     
        1089   8.6690172960672633     
        1090   8.6525270475942246     
        1091   8.6284585114057784     
        1092   8.6284585114057784     
        1093   8.6443828185345772     
        1094   8.6033451376270254     
        1095   8.6033451376270254     
        1096   8.6511685112639380     
        1097   8.6769320489722279     
        1098   8.6769320489722279     
        1099   8.6740010809663026     
        1100   8.6702814814441069     
        1101   8.6726617403825568     
        1102   8.6726617403825568     
        1103   8.6726617403825568     
        1104   8.6726617403825568     
        1105   8.6760209371556449     
        1106   8.6760209371556449     
        1107   8.6704126334701019     
        1108   8.6704126334701019     
        1109   8.6704126334701019     
        1110   8.6486957264330950     
        1111   8.6486957264330950     
        1112   8.6545719785535837     
        1113   8.6511094327018050     
        1114   8.6511094327018050     
        1115   8.6618393734447174     
        1116   8.6534444811983615     
        1117   8.6534444811983615     
        1118   8.6534444811983615     
        1119   8.6413462265147842     
        1120   8.6710039431620949     
        1121   8.6991378353782700     
        1122   8.6991378353782700     
        1123   8.7033958709547630     
        1124   8.6586572490763576     
        1125   8.6586572490763576     
        1126   8.6564489703707288     
        1127   8.6564489703707288     
        1128   8.6595199742011886     
        1129   8.6595199742011886     
        1130   8.7012006136866340     
        1131   8.6867701130867161     
        1132   8.6584068118854951     
        1133   8.6103499034750595     
        1134   8.6382371562105469     
        1135   8.6609553998645623     
        1136   8.7044232460522259     
        1137   8.6693731742740567     
        1138   8.6693731742740567     
        1139   8.6619040776395941     
        1140   8.6619040776395941     
        1141   8.6744740521548174     
        1142   8.6734053534886790     
        1143   8.6734053534886790     
        1144   8.7044706555234193     
        1145   8.7123501012037305     
        1146   8.6810744752060991     
        1147   8.7578991967304454     
        1148   8.7379557052932348     
        1149   8.7375194707374355     
        1150   8.7049963594328386     
        1151   8.7248207199988244     
        1152   8.7248207199988244     
        1153   8.7248207199988244     
        1154   8.7248207199988244     
        1155   8.7248207199988244     
        1156   8.6982833577403778     
        1157   8.6902342301042026     
        1158   8.6902342301042026     
        1159   8.7189657325887282     
        1160   8.7302125970410405     
        1161   8.7302125970410405     
        1162   8.7285623103715526     
        1163   8.7158167336321419     
        1164   8.7158167336321419     
        1165   8.7633402606629804     
        1166   8.7622642439383966     
        1167   8.7622642439383966     
        1168   8.7760623826072663     
        1169   8.7765568290262976     
        1170   8.7192402107503693     
        1171   8.7192402107503693     
        1172   8.6880165253152981     
        1173   8.6669650012343276     
        1174   8.7456485170575213     
        1175   8.7524721465054718     
        1176   8.7074178103507904     
        1177   8.7393595684538443     
        1178   8.7405908521852815     
        1179   8.7068713503921060     
        1180   8.6865761566999478     
        1181   8.6865761566999478     
        1182   8.7237236743188689     
        1183   8.7227466239315952     
        1184   8.7018779022815576     
        1185   8.7787401253637540     
        1186   8.7787401253637540     
        1187   8.7754155646454564     
        1188   8.7464794382076754     
        1189   8.7464794382076754     
        1190   8.7464794382076754     
        1191   8.7464794382076754     
        1192   8.7364642827239098     
        1193   8.7161084276106724     
        1194   8.7161084276106724     
        1195   8.7476999401199329     
        1196   8.7178892105769901     
        1197   8.7176291193226589     
        1198   8.7176291193226589     
        1199   8.7176291193226589     
        1200   8.7179172488725172     
        1201   8.6776270118234109     
        1202   8.6776270118234109     
        1203   8.6910563140408872     
        1204   8.6919570835071731     
        1205   8.7029216943398620     
        1206   8.6998472266419764     
        1207   8.6485363027790996     
        1208   8.6485363027790996     
        1209   8.6533701981806566     
        1210   8.6864737102791931     
        1211   8.6864737102791931     
        1212   8.6594945463760560     
        1213   8.6333694921519353     
        1214   8.6333694921519353     
        1215   8.6378946367396932     
        1216   8.7007554806122158     
        1217   8.6691231539334606     
        1218   8.6691231539334606     
        1219   8.7040086411163955     
        1220   8.7008214285182515     
        1221   8.7008214285182515     
        1222   8.6604092502907175     
        1223   8.7016709284056581     
        1224   8.6847464806390988     
        1225   8.6701744616272016     
        1226   8.6873791507706635     
        1227   8.6759152069237846     
        1228   8.7240313890462868     
        1229   8.6793384725455915     
        1230   8.7332338062118691     
        1231   8.6964448629347668     
        1232   8.7016626431375546     
        1233   8.7016626431375546     
        1234   8.7265874387281848     
        1235   8.7265874387281848     
        1236   8.7265874387281848     
        1237   8.7199187642826175     
        1238   8.6866038618564154     
        1239   8.7126885933479166     
        1240   8.7115361482663989     
        1241   8.6905750069100236     
        1242   8.6922422870725988     
        1243   8.7433376040328135     
        1244   8.7433376040328135     
        1245   8.7433376040328135     
        1246   8.6989007485416785     
        1247   8.6598001796499222     
        1248   8.7049281014706850     
        1249   8.6660718267275438     
        1250   8.6660718267275438     
        1251   8.6365149648887094     
        1252   8.6897077491472938     
        1253   8.6842672407366770     
        1254   8.6842672407366770     
        1255   8.6842672407366770     
        1256   8.6842672407366770     
        1257   8.6532840859005962     
        1258   8.6199627151878300     
        1259   8.6102378770763792     
        1260   8.6102378770763792     
        1261   8.6102378770763792     
        1262   8.6448155708663421     
        1263   8.6448155708663421     
        1264   8.6487882145090911     
        1265   8.6620193707524056     
        1266   8.6620193707524056     
        1267   8.6377531750845655     
        1268   8.6383861093901384     
        1269   8.6542496795681867     
        1270   8.6624334430941019     
        1271   8.6722634704099661     
        1272   8.6224043910548200     
        1273   8.6487992681261492     
        1274   8.6584248260589014     
        1275   8.6571345217599891     
        1276   8.6585169704695595     
        1277   8.6158669007427360     
        1278   8.6703991008460175     
        1279   8.6703991008460175     
        1280   8.6703991008460175     
        1281   8.6579402443384161     
        1282   8.6624319197364983     
        1283   8.6598063196226107     
        1284   8.6598063196226107     
        1285   8.6578080392482786     
        1286   8.6328620313525661     
        1287   8.6423560998777447     
        1288   8.6423560998777447     
        1289   8.6293712820637509     
        1290   8.6259979807491245     
        1291   8.6502382048930500     
        1292   8.6357380845804368     
        1293   8.5853318561882812     
        1294   8.6379717247089225     
        1295   8.6379717247089225     
        1296   8.6442459942004035     
        1297   8.6764073471077108     
        1298   8.6388973822532673     
        1299   8.6388973822532673     
        1300   8.6388973822532673     
        1301   8.6388973822532673     
        1302   8.6342143946596970     
        1303   8.6020835525076276     
        1304   8.6148632208818583     
        1305   8.5931252288896118     
        1306   8.6186355208539176     
        1307   8.6186355208539176     
        1308   8.6186355208539176     
        1309   8.6006225087505133     
        1310   8.6305762446138434     
        1311   8.6488356201731786     
        1312   8.6488356201731786     
        1313   8.6488356201731786     
        1314   8.6520439598689283     
        1315   8.6520439598689283     
        1316   8.6320107627349696     
        1317   8.6436956331356161     
        1318   8.6509234518161424     
        1319   8.6345311886084115     
        1320   8.6490984030616875     
        1321   8.6408734936214397     
        1322   8.6264675385888800     
        1323   8.6264675385888800     
        1324   8.6264675385888800     
        1325   8.6264675385888800     
        1326   8.5847325031264159     
        1327   8.6170393882677097     
        1328   8.6248119496162037     
        1329   8.6222339971297899     
        1330   8.6222339971297899     
        1331   8.6181106293794976     
        1332   8.6181106293794976     
        1333   8.6047725920452738     
        1334   8.6293482903595109     
        1335   8.6293482903595109     
        1336   8.6293482903595109     
        1337   8.6297991317871752     
        1338   8.6222026828455025     
        1339   8.6377219397544032     
        1340   8.6377219397544032     
        1341   8.6377219397544032     
        1342   8.6395766940745862     
        1343   8.6293495711905237     
        1344   8.6317659673390850     
        1345   8.6832789007411151     
        1346   8.6832789007411151     
        1347   8.6832789007411151     
        1348   8.6832789007411151     
        1349   8.6578861498607083     
        1350   8.6578861498607083     
        1351   8.7035960399449088     
        1352   8.6945551372621388     
        1353   8.7028021420997366     
        1354   8.6839369530710950     
        1355   8.6327204082793525     
        1356   8.6840088843431040     
        1357   8.6868398027561788     
        1358   8.6786646927407904     
        1359   8.6628162373211524     
        1360   8.6257943648576045     
        1361   8.6350963380686867     
        1362   8.6575882239226036     
        1363   8.6587037740346950     
        1364   8.6514704776245264     
        1365   8.6698595278170831     
        1366   8.6698595278170831     
        1367   8.6635932562612741     
        1368   8.6391134794993381     
        1369   8.6391134794993381     
        1370   8.6417271868987591     
        1371   8.6417271868987591     
        1372   8.6347994325783510     
        1373   8.6469797736147598     
        1374   8.6469797736147598     
        1375   8.6529868995508039     
        1376   8.6978346613303064     
        1377   8.6978346613303064     
        1378   8.6978346613303064     
        1379   8.6793397260729641     
        1380   8.6889876190721207     
        1381   8.6772759087712359     
        1382   8.6772759087712359     
        1383   8.6432964163774848     
        1384   8.6432964163774848     
        1385   8.6435641770931557     
        1386   8.6679126109882247     
        1387   8.6200771616718370     
        1388   8.6297343327934737     
        1389   8.6482945219195653     
        1390   8.6325545963719037     
        1391   8.6325545963719037     
        1392   8.6325545963719037     
        1393   8.6655722990931725     
        1394   8.6454413726855339     
        1395   8.6454413726855339     
        1396   8.6659960306405655     
        1397   8.6659960306405655     
        1398   8.6659960306405655     
        1399   8.6346171453769962     
        1400   8.6364882321874958     
        1401   8.6364882321874958     
        1402   8.6364882321874958     
        1403   8.6242177076302831     
        1404   8.6242177076302831     
        1405   8.6242177076302831     
        1406   8.6325346245175272     
        1407   8.6837198246429086     
        1408   8.6837198246429086     
        1409   8.6837198246429086     
        1410   8.6506459125300221     
        1411   8.6506459125300221     
        1412   8.6177557571464050     
        1413   8.6579670040840710     
        1414   8.6511408887498717     
        1415   8.6238625323453526     
        1416   8.6380095285851741     
        1417   8.6380095285851741     
        1418   8.6420820737650619     
        1419   8.6420820737650619     
        1420   8.6837320511635490     
        1421   8.6350209519261760     
        1422   8.6350209519261760     
        1423   8.6348686489258490     
        1424   8.6377647659775594     
        1425   8.6377647659775594     
        1426   8.6377647659775594     
        1427   8.6232930330475881     
        1428   8.6387137644180854     
        1429   8.6086581045984953     
        1430   8.6411866467228240     
        1431   8.6422865833800291     
        1432   8.6460072017509084     
        1433   8.6460072017509084     
        1434   8.6238500288219857     
        1435   8.6499520670125332     
        1436   8.6499520670125332     
        1437   8.5979214073401717     
        1438   8.5897904694215832     
        1439   8.6048191521852875     
        1440   8.6183113078666320     
        1441   8.6479813562643475     
        1442   8.6479813562643475     
        1443   8.6479813562643475     
        1444   8.6479813562643475     
        1445   8.6479813562643475     
        1446   8.6502278119840081     
        1447   8.6609276779129356     
        1448   8.6686602363955156     
        1449   8.6686602363955156     
        1450   8.6670635051332123     
        1451   8.6664846905637098     
        1452   8.6482849611632719     
        1453   8.6482849611632719     
        1454   8.6449445997189525     
        1455   8.6449445997189525     
        1456   8.6449413332414249     
        1457   8.6630894975403727     
        1458   8.6164273660147774     
        1459   8.6278867093406006     
        1460   8.6278867093406006     
        1461   8.6477710532483254     
        1462   8.6310786827559838     
        1463   8.6582037418198468     
        1464   8.6582037418198468     
        1465   8.6582037418198468     
        1466   8.6950148019781910     
        1467   8.6742502390781091     
        1468   8.6742502390781091     
        1469   8.7180136856776009     
        1470   8.7012325174920964     
        1471   8.6948130312288363     
        1472   8.6948130312288363     
        1473   8.7020747304169213     
        1474   8.6740741617021317     
        1475   8.6740741617021317     
        1476   8.6740741617021317     
        1477   8.6740741617021317     
        1478   8.6396274006667397     
        1479   8.6605472345472414     
        1480   8.6605472345472414     
        1481   8.6605472345472414     
        1482   8.6605472345472414     
        1483   8.6668704000960624     
        1484   8.6668704000960624     
        1485   8.6532861130625367     
        1486   8.6532861130625367     
        1487   8.6583338129301595     
        1488   8.6583338129301595     
        1489   8.6583338129301595     
        1490   8.6583338129301595     
        1491   8.6492238199993654     
        1492   8.6492238199993654     
        1493   8.6430077684389151     
        1494   8.6430077684389151     
        1495   8.6430077684389151     
        1496   8.6581855791155604     
        1497   8.6582328763475953     
        1498   8.6552841356552754     
        1499   8.6978851032403899     
        1500   8.6762304854266983     
        1501   8.6926991424650275     
        1502   8.6926991424650275     
        1503   8.6926991424650275     
        1504   8.7440963649578283     
        1505   8.6650040402758872     
        1506   8.6650040402758872     
        1507   8.6650040402758872     
        1508   8.6650040402758872     
        1509   8.6650040402758872     
        1510   8.6548732199577092     
        1511   8.6881561296533398     
        1512   8.6881561296533398     
        1513   8.6466047852887566     
        1514   8.6541467254729056     
        1515   8.6541467254729056     
        1516   8.6853997085363570     
        1517   8.6579904226661100     
        1518   8.6663585567958403     
        1519   8.6380723346288857     
        1520   8.6592682672367634     
        1521   8.6105788890704229     
        1522   8.6649820934408890     
        1523   8.6649820934408890     
        1524   8.6649820934408890     
        1525   8.6331695545423948     
        1526   8.6331695545423948     
        1527   8.6678510124555288     
        1528   8.6569689867448041     
        1529   8.6569689867448041     
        1530   8.6569689867448041     
        1531   8.6634084877852970     
        1532   8.6530649384997229     
        1533   8.6665697908116570     
        1534   8.6665697908116570     
        1535   8.6942658714828926     
        1536   8.6942658714828926     
        1537   8.6755925376951257     
        1538   8.6619584748716072     
        1539   8.6672704109145844     
        1540   8.6929079377083482     
        1541   8.6929079377083482     
        1542   8.6929079377083482     
        1543   8.6716543117371767     
        1544   8.6716543117371767     
        1545   8.6368891914688213     
        1546   8.6680642748941903     
        1547   8.6680642748941903     
        1548   8.6680642748941903     
        1549   8.6680642748941903     
        1550   8.6680642748941903     
        1551   8.6680642748941903     
        1552   8.6707180867906235     
        1553   8.6707180867906235     
        1554   8.6647713412514520     
        1555   8.6630388242252270     
        1556   8.6630388242252270     
        1557   8.6630388242252270     
        1558   8.7217100981785745     
        1559   8.7217100981785745     
        1560   8.7217100981785745     
        1561   8.6792085001336243     
        1562   8.6865438131117596     
        1563   8.6520653665286638     
        1564   8.6520653665286638     
        1565   8.6520653665286638     
        1566   8.6303231799551536     
        1567   8.6303231799551536     
        1568   8.6500539997526964     
        1569   8.6067026920803968     
        1570   8.6067026920803968     
        1571   8.6135111471168226     
        1572   8.6514868922665844     
        1573   8.6449040016422973     
        1574   8.6449040016422973     
        1575   8.6449040016422973     
        1576   8.6234010349585297     
        1577   8.6177070415936310     
        1578   8.6313169161525991     
        1579   8.6313169161525991     
        1580   8.6418242780512760     
        1581   8.6405367554356136     
        1582   8.6457406670079990     
        1583   8.6121051460354217     
        1584   8.6121051460354217     
        1585   8.6445636163407613     
        1586   8.6592540760157064     
        1587   8.6592540760157064     
        1588   8.6592540760157064     
        1589   8.6735161898734354     
        1590   8.7144676015172386     
        1591   8.6504611796533322     
        1592   8.6504611796533322     
        1593   8.6932301769051445     
        1594   8.6932301769051445     
        1595   8.6932301769051445     
        1596   8.6954843764979106     
        1597   8.6954843764979106     
        1598   8.6509457933257767     
        1599   8.6509457933257767     
        1600   8.6191947238488194     
        1601   8.6191947238488194     
        1602   8.6229404419665396     
        1603   8.6174794083106843     
        1604   8.6276939734432272     
        1605   8.6431310826636061     
        1606   8.6431310826636061     
        1607   8.6431310826636061     
        1608   8.6431310826636061     
        1609   8.6431310826636061     
        1610   8.6369472718921543     
        1611   8.6369472718921543     
        1612   8.6369472718921543     
        1613   8.6006397936894672     
        1614   8.6344589747335529     
        1615   8.6344589747335529     
        1616   8.5990389570827936     
        1617   8.5990389570827936     
        1618   8.6508475480213907     
        1619   8.6099700948761075     
        1620   8.6099700948761075     
        1621   8.6404393947398859     
        1622   8.6413581622811844     
        1623   8.6164201283643926     
        1624   8.6155624508317956     
        1625   8.5809368236113652     
        1626   8.5979023810853263     
        1627   8.5941569389609942     
        1628   8.6040922317957538     
        1629   8.6040922317957538     
        1630   8.6376295648763310     
        1631   8.6376295648763310     
        1632   8.6608946036997985     
        1633   8.6550149466013675     
        1634   8.6313852620115483     
        1635   8.6122926139989886     
        1636   8.6122926139989886     
        1637   8.6529985523998096     
        1638   8.6529985523998096     
        1639   8.6630878309605279     
        1640   8.6258788766481107     
        1641   8.6590514457953098     
        1642   8.6597851902992105     
        1643   8.6597851902992105     
        1644   8.6148288974090192     
        1645   8.6148288974090192     
        1646   8.6409760097395836     
        1647   8.6481306121321033     
        1648   8.6223960178053716     
        1649   8.6223960178053716     
        1650   8.6223960178053716     
        1651   8.6121679983073101     
        1652   8.6592545400004877     
        1653   8.6662562765432778     
        1654   8.6671538912524113     
        1655   8.6358979508686495     
        1656   8.6232795908389548     
        1657   8.6232795908389548     
        1658   8.6080870004086361     
        1659   8.6080870004086361     
        1660   8.6480055099780770     
        1661   8.6480055099780770     
        1662   8.6246231913573315     
        1663   8.6346624582370382     
        1664   8.6346624582370382     
        1665   8.6574706620464870     
        1666   8.6506115044677578     
        1667   8.6324989812211168     
        1668   8.6285413607413215     
        1669   8.6353101635578646     
        1670   8.6176359474411264     
        1671   8.6501689386697205     
        1672   8.6501689386697205     
        1673   8.6501689386697205     
        1674   8.6463904146395159     
        1675   8.6463904146395159     
        1676   8.6463904146395159     
        1677   8.6379286329419287     
        1678   8.6341024299804037     
        1679   8.6634415300525891     
        1680   8.6681355558535707     
        1681   8.6681355558535707     
        1682   8.6123033411489569     
        1683   8.6212829718327573     
        1684   8.6212829718327573     
        1685   8.6212829718327573     
        1686   8.6225907093838039     
        1687   8.6678901153043260     
        1688   8.6085104304784910     
        1689   8.6321168915252215     
        1690   8.6795983111803849     
        1691   8.6780018290861811     
        1692   8.6606190476556595     
        1693   8.6606190476556595     
        1694   8.6606190476556595     
        1695   8.6606190476556595     
        1696   8.6606190476556595     
        1697   8.6705155418364654     
        1698   8.6705155418364654     
        1699   8.6705155418364654     
        1700   8.7023531899371278     
        1701   8.7023531899371278     
        1702   8.6899633878741884     
        1703   8.6899633878741884     
        1704   8.7082549876750033     
        1705   8.6996278618814582     
        1706   8.6996278618814582     
        1707   8.6667548130449532     
        1708   8.6667548130449532     
        1709   8.6898891982779372     
        1710   8.7106222929053843     
        1711   8.7187662803374124     
        1712   8.7356253197311755     
        1713   8.7047865131890259     
        1714   8.6782917513615949     
        1715   8.7056660566380479     
        1716   8.7056660566380479     
        1717   8.6686425950988060     
        1718   8.6701480289565165     
        1719   8.6612645726037520     
        1720   8.6612645726037520     
        1721   8.6599240763757077     
        1722   8.6743242448219409     
        1723   8.6779554975098101     
        1724   8.6552119600837489     
        1725   8.6611739342092431     
        1726   8.6362174001888903     
        1727   8.6362174001888903     
        1728   8.6223884186583994     
        1729   8.6223884186583994     
        1730   8.6223884186583994     
        1731   8.6223884186583994     
        1732   8.6776943718758144     
        1733   8.6810667611513086     
        1734   8.6810667611513086     
        1735   8.6374884069366331     
        1736   8.6374884069366331     
        1737   8.6409927380079150     
        1738   8.6409927380079150     
        1739   8.6593966461181413     
        1740   8.6593966461181413     
        1741   8.6614830381022134     
        1742   8.6648870057080032     
        1743   8.6685500660405914     
        1744   8.6685500660405914     
        1745   8.6463946695614862     
        1746   8.6463946695614862     
        1747   8.6544291461121521     
        1748   8.6558207068672246     
        1749   8.6068010865115436     
        1750   8.5952935557659771     
        1751   8.5987565844531169     
        1752   8.6222109271206016     
        1753   8.6233007632659344     
        1754   8.6547762976321945     
        1755   8.6547762976321945     
        1756   8.6203977589772300     
        1757   8.6396031438657772     
        1758   8.6396031438657772     
        1759   8.6466556687821168     
        1760   8.6576362073086752     
        1761   8.6576362073086752     
        1762   8.6576362073086752     
        1763   8.6602058371381201     
        1764   8.6593588341559187     
        1765   8.6593588341559187     
        1766   8.6593588341559187     
        1767   8.6723569554916686     
        1768   8.6517057709846981     
        1769   8.6644624457654338     
        1770   8.6644624457654338     
        1771   8.6215137538157869     
        1772   8.6215137538157869     
        1773   8.6215137538157869     
        1774   8.6490609352394436     
        1775   8.6331329864479525     
        1776   8.6331329864479525     
        1777   8.6469268052275492     
        1778   8.6305967979238769     
        1779   8.6308999581584853     
        1780   8.6308999581584853     
        1781   8.6745580708300736     
        1782   8.6745580708300736     
        1783   8.6628433141301695     
        1784   8.7021533961354418     
        1785   8.7021533961354418     
        1786   8.6916585980804726     
        1787   8.7094555638156148     
        1788   8.6797761747055198     
        1789   8.6797761747055198     
        1790   8.6881186029866004     
        1791   8.7050543938958800     
        1792   8.6797805695662333     
        1793   8.6771152854819054     
        1794   8.6551559351780334     
        1795   8.6603511980804289     
        1796   8.6732339521820023     
        1797   8.6916130038363448     
        1798   8.6916130038363448     
        1799   8.7144094487894090     
        1800   8.7144094487894090     
        1801   8.7144094487894090     
        1802   8.7144094487894090     
        1803   8.7191086709200452     
        1804   8.6629343982948264     
        1805   8.6645896535191689     
        1806   8.6645896535191689     
        1807   8.6762422907506558     
        1808   8.6762422907506558     
        1809   8.6762422907506558     
        1810   8.6762422907506558     
        1811   8.6762422907506558     
        1812   8.6762422907506558     
        1813   8.6762422907506558     
        1814   8.6798356010059674     
        1815   8.6798356010059674     
        1816   8.7122754608861168     
        1817   8.7177485936154522     
        1818   8.7177485936154522     
        1819   8.6864461746616612     
        1820   8.7110359847556840     
        1821   8.6856787790125125     
        1822   8.6929268167602114     
        1823   8.6465970112812087     
        1824   8.6639731639877837     
        1825   8.6639731639877837     
        1826   8.6505937879853345     
        1827   8.6505937879853345     
        1828   8.6505937879853345     
        1829   8.6905028555926762     
        1830   8.6583470960794813     
        1831   8.6583470960794813     
        1832   8.6785378321776356     
        1833   8.6785378321776356     
        1834   8.6785378321776356     
        1835   8.6260419339480148     
        1836   8.6436090790120090     
        1837   8.6437527630300828     
        1838   8.6556468883752515     
        1839   8.6235754061847079     
        1840   8.6235754061847079     
        1841   8.6235754061847079     
        1842   8.5881282777915917     
        1843   8.5881282777915917     
        1844   8.6355838417497583     
        1845   8.6438423020328639     
        1846   8.6438423020328639     
        1847   8.7162073327627354     
        1848   8.6587568175643632     
        1849   8.6587568175643632     
        1850   8.6587568175643632     
        1851   8.6587568175643632     
        1852   8.6587568175643632     
        1853   8.6938328848401731     
        1854   8.6938328848401731     
        1855   8.6574849482475038     
        1856   8.6949655834120101     
        1857   8.7006030081727985     
        1858   8.7093702308390100     
        1859   8.7093702308390100     
        1860   8.6835737880992383     
        1861   8.6835737880992383     
        1862   8.6835737880992383     
        1863   8.7218091217692137     
        1864   8.7040995449661267     
        1865   8.6518215841661537     
        1866   8.6938132737097131     
        1867   8.6938132737097131     
        1868   8.6938132737097131     
        1869   8.6938132737097131     
        1870   8.6938132737097131     
        1871   8.6938132737097131     
        1872   8.6502466751455156     
        1873   8.6502466751455156     
        1874   8.6502466751455156     
        1875   8.6502466751455156     
        1876   8.6293275134118126     
        1877   8.6293275134118126     
        1878   8.6191247015648127     
        1879   8.6191247015648127     
        1880   8.6198296820855465     
        1881   8.6198296820855465     
        1882   8.6590105089796534     
        1883   8.6516010457301036     
        1884   8.6690956718217667     
        1885   8.6843670159650141     
        1886   8.6892462926591598     
        1887   8.6969258943215113     
        1888   8.6444106777129033     
        1889   8.6444106777129033     
        1890   8.6780871243423867     
        1891   8.6669832041829267     
        1892   8.6558907941439642     
        1893   8.6598381966133680     
        1894   8.6426717268977775     
        1895   8.6992784244046231     
        1896   8.6992784244046231     
        1897   8.6805132709054877     
        1898   8.6805132709054877     
        1899   8.7105425895304531     
        1900   8.6957609695991049     
        1901   8.6983325127814162     
        1902   8.7658205236262923     
        1903   8.7486613719238964     
        1904   8.7486613719238964     
        1905   8.7328322162031569     
        1906   8.7064748561516438     
        1907   8.7119238846983684     
        1908   8.6965750502427426     
        1909   8.6980891538781577     
        1910   8.7212041388172832     
        1911   8.7212041388172832     
        1912   8.7727684759126348     
        1913   8.7526732599979358     
        1914   8.7494403512208603     
        1915   8.7494403512208603     
        1916   8.7546909784255789     
        1917   8.7534994316114947     
        1918   8.7237715882105338     
        1919   8.6646557815400715     
        1920   8.6646557815400715     
        1921   8.7174957423884170     
        1922   8.7174957423884170     
        1923   8.7166106547228228     
        1924   8.7348713297981604     
        1925   8.7348713297981604     
        1926   8.7359381855298235     
        1927   8.7359381855298235     
        1928   8.7359381855298235     
        1929   8.7505466216558005     
        1930   8.7505466216558005     
        1931   8.7505466216558005     
        1932   8.7505466216558005     
        1933   8.7395141445620297     
        1934   8.6914320506824634     
        1935   8.7528934285107507     
        1936   8.7144806590184718     
        1937   8.6912221973332127     
        1938   8.6972173376811597     
        1939   8.7028896138032970     
        1940   8.7028896138032970     
        1941   8.7028896138032970     
        1942   8.7047115239085588     
        1943   8.6924632193572027     
        1944   8.6924632193572027     
        1945   8.6924632193572027     
        1946   8.6949893495457804     
        1947   8.6707549398881447     
        1948   8.7094710861335010     
        1949   8.7094710861335010     
        1950   8.7094710861335010     
        1951   8.7301790585255894     
        1952   8.7060615815093012     
        1953   8.6539801594413444     
        1954   8.6555109928288161     
        1955   8.6238865920422096     
        1956   8.6238865920422096     
        1957   8.6397449883739554     
        1958   8.6397449883739554     
        1959   8.6397449883739554     
        1960   8.6613881468189806     
        1961   8.6383390485698133     
        1962   8.6383390485698133     
        1963   8.6674299489196969     
        1964   8.6674299489196969     
        1965   8.6674299489196969     
        1966   8.6674299489196969     
        1967   8.7023045537346828     
        1968   8.6597488406741565     
        1969   8.6597488406741565     
        1970   8.6504375889328209     
        1971   8.6531472883517111     
        1972   8.6531472883517111     
        1973   8.6817685285364501     
        1974   8.6817685285364501     
        1975   8.6817685285364501     
        1976   8.7051868322743786     
        1977   8.6893544660314994     
        1978   8.6806997335073905     
        1979   8.6806997335073905     
        1980   8.7210114139258792     
        1981   8.7223663240636728     
        1982   8.7204504195858448     
        1983   8.7204504195858448     
        1984   8.7204504195858448     
        1985   8.7204504195858448     
        1986   8.7114286116360695     
        1987   8.7022641545537702     
        1988   8.7022641545537702     
        1989   8.6807502575889135     
        1990   8.6721815535535800     
        1991   8.6721815535535800     
        1992   8.6721815535535800     
        1993   8.6721815535535800     
        1994   8.6704172463075242     
        1995   8.6704172463075242     
        1996   8.6747068620827399     
        1997   8.6974285370203859     
        1998   8.6477270055455584     
        1999   8.6477270055455584     
        2000   8.6602369083274677     
