 SAMPLE,  BOXLENGTH
           1   8.6259595758780758     
           2   8.6167712974349637     
           3   8.6167712974349637     
           4   8.6167712974349637     
           5   8.6167712974349637     
           6   8.6167712974349637     
           7   8.5868488225608459     
           8   8.5868488225608459     
           9   8.5868488225608459     
          10   8.6186507032516086     
          11   8.6208683143841967     
          12   8.6342787784260597     
          13   8.6654872470711073     
          14   8.6246065256566027     
          15   8.6115362933290296     
          16   8.6115362933290296     
          17   8.6134509781839501     
          18   8.6216913561620672     
          19   8.6398239484271659     
          20   8.6398239484271659     
          21   8.6160941823165693     
          22   8.6160941823165693     
          23   8.5997316815547222     
          24   8.6126429423639213     
          25   8.6126429423639213     
          26   8.6126429423639213     
          27   8.5953077234113575     
          28   8.5953077234113575     
          29   8.5953077234113575     
          30   8.5953077234113575     
          31   8.5953077234113575     
          32   8.6133268780612617     
          33   8.6154801174802582     
          34   8.6117871437462679     
          35   8.6117871437462679     
          36   8.6216492271230010     
          37   8.6216492271230010     
          38   8.5930511621631354     
          39   8.6135122722535922     
          40   8.6203324416189169     
          41   8.6499817791164961     
          42   8.6466528512872944     
          43   8.6396841517867973     
          44   8.6396841517867973     
          45   8.6232902375413278     
          46   8.5904289102143263     
          47   8.5904289102143263     
          48   8.5904289102143263     
          49   8.5895382817795944     
          50   8.6284153911432462     
          51   8.6086478845789589     
          52   8.5653486875187319     
          53   8.5653486875187319     
          54   8.5476062508623478     
          55   8.5857099444887144     
          56   8.5857099444887144     
          57   8.5908767327143494     
          58   8.5908767327143494     
          59   8.5885127698251633     
          60   8.5885127698251633     
          61   8.5885127698251633     
          62   8.5885127698251633     
          63   8.6035819878204247     
          64   8.5893235995199326     
          65   8.5893235995199326     
          66   8.5893235995199326     
          67   8.5893235995199326     
          68   8.5893235995199326     
          69   8.5905947776867908     
          70   8.6219761063825224     
          71   8.6243168747833039     
          72   8.6243168747833039     
          73   8.6243168747833039     
          74   8.6301111986269046     
          75   8.6275806323449817     
          76   8.6275806323449817     
          77   8.6275806323449817     
          78   8.5962919731135710     
          79   8.6353249938592427     
          80   8.5990137671167020     
          81   8.6369343940496517     
          82   8.6471661499045567     
          83   8.6471661499045567     
          84   8.6137472710577931     
          85   8.6137472710577931     
          86   8.6436317989744769     
          87   8.6436317989744769     
          88   8.6436317989744769     
          89   8.6436317989744769     
          90   8.6402287608520894     
          91   8.6833983790032505     
          92   8.6833983790032505     
          93   8.6833983790032505     
          94   8.6833983790032505     
          95   8.6833983790032505     
          96   8.6783155665352911     
          97   8.6783155665352911     
          98   8.6699400179282016     
          99   8.6594128578878280     
         100   8.6535045091593457     
         101   8.6373774253649067     
         102   8.6373774253649067     
         103   8.6448329939226891     
         104   8.6063988895446002     
         105   8.6295033139953023     
         106   8.6283284866079359     
         107   8.6283284866079359     
         108   8.6013410833853392     
         109   8.6207885085215228     
         110   8.6548153993410430     
         111   8.6851227413546042     
         112   8.6379249563367360     
         113   8.6696666960255300     
         114   8.6589983796791934     
         115   8.6589983796791934     
         116   8.6419420016713726     
         117   8.6202045767462465     
         118   8.6183923925834574     
         119   8.6273447801026659     
         120   8.6273447801026659     
         121   8.6569057673860286     
         122   8.6640569959626799     
         123   8.6373026735426350     
         124   8.6608085432282316     
         125   8.6285902134096695     
         126   8.6285902134096695     
         127   8.5919371413689802     
         128   8.5952157948745338     
         129   8.5921446219177451     
         130   8.5766611491992659     
         131   8.5919985033518742     
         132   8.6331991322910167     
         133   8.6066051511342216     
         134   8.6477172498858259     
         135   8.6477172498858259     
         136   8.6339054423648207     
         137   8.6339054423648207     
         138   8.6720640964737186     
         139   8.6201249986324591     
         140   8.6229581997856535     
         141   8.6426755881608628     
         142   8.5864847832240212     
         143   8.5501103727957428     
         144   8.5501103727957428     
         145   8.5709543910571551     
         146   8.5953196111425285     
         147   8.5953196111425285     
         148   8.5953196111425285     
         149   8.5824209371123512     
         150   8.5759453931322813     
         151   8.6040909112782025     
         152   8.6171936553132245     
         153   8.6315541099799837     
         154   8.6307799403155432     
         155   8.6489714947992962     
         156   8.6489714947992962     
         157   8.6489714947992962     
         158   8.6489714947992962     
         159   8.6565076527259901     
         160   8.6403676510979732     
         161   8.6403676510979732     
         162   8.6403676510979732     
         163   8.6237295761922965     
         164   8.6297854862208379     
         165   8.6472753408845353     
         166   8.6472753408845353     
         167   8.6158025869437012     
         168   8.6535480729639023     
         169   8.6735972056055850     
         170   8.6346361202981967     
         171   8.6509223443277321     
         172   8.6247145410729260     
         173   8.6247145410729260     
         174   8.6665838549421714     
         175   8.6289471425058206     
         176   8.6265980921302852     
         177   8.6386006115522687     
         178   8.6356137014478644     
         179   8.6463907715390036     
         180   8.6306424661086680     
         181   8.6306424661086680     
         182   8.6306424661086680     
         183   8.6306424661086680     
         184   8.6161828966491729     
         185   8.6430332276635422     
         186   8.6430332276635422     
         187   8.6101274863601631     
         188   8.6101274863601631     
         189   8.6101274863601631     
         190   8.5913764339147551     
         191   8.5971610950991995     
         192   8.5971610950991995     
         193   8.6266439704779874     
         194   8.5883720252188755     
         195   8.5883720252188755     
         196   8.5883720252188755     
         197   8.6156853926416073     
         198   8.6468860056578816     
         199   8.6134876831631928     
         200   8.6042934120631269     
         201   8.6077846665479392     
         202   8.6120416101147850     
         203   8.6163708861197623     
         204   8.5897964583969912     
         205   8.6124588970070057     
         206   8.6179432117959980     
         207   8.5838269859885852     
         208   8.5799433673846508     
         209   8.5799433673846508     
         210   8.6001499200231564     
         211   8.6001499200231564     
         212   8.5919751645503446     
         213   8.5919751645503446     
         214   8.6362794487260022     
         215   8.6505270652657416     
         216   8.6505270652657416     
         217   8.6359805823113334     
         218   8.6359805823113334     
         219   8.6532788659576596     
         220   8.6532788659576596     
         221   8.6314792509861000     
         222   8.6314052500121843     
         223   8.6009997500866877     
         224   8.6396419375417910     
         225   8.6146871710233857     
         226   8.6221553591043207     
         227   8.6221553591043207     
         228   8.6221553591043207     
         229   8.6221553591043207     
         230   8.6087635982564681     
         231   8.6305159227864046     
         232   8.6303962628594970     
         233   8.6276031801609729     
         234   8.6307388926974511     
         235   8.6307388926974511     
         236   8.6182932165904980     
         237   8.5991935076293977     
         238   8.5991935076293977     
         239   8.6101912834397645     
         240   8.6101912834397645     
         241   8.6101912834397645     
         242   8.6101912834397645     
         243   8.5777738017633816     
         244   8.5961804979044150     
         245   8.5806714045637360     
         246   8.5957538016797663     
         247   8.5645783475069539     
         248   8.5645783475069539     
         249   8.5785106301338825     
         250   8.5345855446290884     
         251   8.5345855446290884     
         252   8.5909131864862402     
         253   8.5683915489723788     
         254   8.5683915489723788     
         255   8.5683915489723788     
         256   8.5686619800286579     
         257   8.5440026101083735     
         258   8.5440026101083735     
         259   8.5809897929340924     
         260   8.5740839288775792     
         261   8.5740839288775792     
         262   8.5708070059796757     
         263   8.5604202939713474     
         264   8.5660360243398994     
         265   8.5485593466004062     
         266   8.5486045466119567     
         267   8.5486045466119567     
         268   8.5436070642279045     
         269   8.5509001316412885     
         270   8.5509001316412885     
         271   8.5509001316412885     
         272   8.5723213255543023     
         273   8.5618729435711476     
         274   8.5618729435711476     
         275   8.5597466201816097     
         276   8.6022531246466674     
         277   8.5751819280629729     
         278   8.5751819280629729     
         279   8.5971622520706603     
         280   8.5999103673855934     
         281   8.5999103673855934     
         282   8.5963402291915685     
         283   8.5963402291915685     
         284   8.5963402291915685     
         285   8.5963402291915685     
         286   8.6085125623237815     
         287   8.6328294996449966     
         288   8.6328294996449966     
         289   8.6460589235996519     
         290   8.6367079507874571     
         291   8.6367079507874571     
         292   8.6367079507874571     
         293   8.6325917809934314     
         294   8.6132048429354064     
         295   8.6132048429354064     
         296   8.6132048429354064     
         297   8.5586683084905921     
         298   8.5872747953368567     
         299   8.6174692037123837     
         300   8.6174692037123837     
         301   8.6103936273221091     
         302   8.5952430781884974     
         303   8.5936605249407219     
         304   8.5936605249407219     
         305   8.5936605249407219     
         306   8.6055960943757164     
         307   8.6055960943757164     
         308   8.6162391982974409     
         309   8.6162391982974409     
         310   8.6142647716676439     
         311   8.6142647716676439     
         312   8.6142647716676439     
         313   8.6142647716676439     
         314   8.6142647716676439     
         315   8.6142647716676439     
         316   8.6142647716676439     
         317   8.6195399098998102     
         318   8.6503130750989090     
         319   8.6572029838698761     
         320   8.6410294469273641     
         321   8.6276806317936803     
         322   8.6276806317936803     
         323   8.6189616908955990     
         324   8.6324216166783376     
         325   8.6361861084071716     
         326   8.6386857965322861     
         327   8.6231586725023863     
         328   8.6152142027199954     
         329   8.6007678509304064     
         330   8.6241033313210735     
         331   8.6223405324886766     
         332   8.6572980663122063     
         333   8.6729816734069942     
         334   8.6322600693215641     
         335   8.6107520587343949     
         336   8.6036813213809431     
         337   8.6384122088836115     
         338   8.6384122088836115     
         339   8.6510710825752639     
         340   8.6153370877394977     
         341   8.6153370877394977     
         342   8.6279542190017722     
         343   8.6279542190017722     
         344   8.6279542190017722     
         345   8.6071721321547621     
         346   8.6071721321547621     
         347   8.5707913050825795     
         348   8.5991684309890406     
         349   8.5991684309890406     
         350   8.6477558232338332     
         351   8.6098627909859129     
         352   8.5738680072983957     
         353   8.6504648850768202     
         354   8.6504648850768202     
         355   8.6355611153693825     
         356   8.6599362500126187     
         357   8.6384946060950956     
         358   8.6384946060950956     
         359   8.6123012153864362     
         360   8.6606001328931086     
         361   8.6226830356801862     
         362   8.6022718873134316     
         363   8.5948749611385349     
         364   8.6096428847032058     
         365   8.6096428847032058     
         366   8.6185022437665033     
         367   8.6163571506541317     
         368   8.6241017568062404     
         369   8.5778692108132084     
         370   8.5778692108132084     
         371   8.5984883224282989     
         372   8.6244210100182954     
         373   8.6679787331634071     
         374   8.6470245261283516     
         375   8.6009717700862627     
         376   8.6161021962687077     
         377   8.6354303640306327     
         378   8.6272792978340700     
         379   8.6272792978340700     
         380   8.6272792978340700     
         381   8.6272792978340700     
         382   8.6272792978340700     
         383   8.6272792978340700     
         384   8.6272792978340700     
         385   8.6266245717866976     
         386   8.6266245717866976     
         387   8.6442156865662110     
         388   8.6369214176312248     
         389   8.6057513284885907     
         390   8.5978756220052031     
         391   8.6101396395560919     
         392   8.5844372626324699     
         393   8.5801720537414408     
         394   8.5747393731998258     
         395   8.6015757295453437     
         396   8.5965367970037949     
         397   8.5965367970037949     
         398   8.5965367970037949     
         399   8.5965367970037949     
         400   8.5965367970037949     
         401   8.5666696941137719     
         402   8.5901615746104358     
         403   8.5901615746104358     
         404   8.6019792948919651     
         405   8.6019792948919651     
         406   8.6333749772714672     
         407   8.6333749772714672     
         408   8.6407303589989279     
         409   8.6833996876250801     
         410   8.6833996876250801     
         411   8.6833996876250801     
         412   8.6254812521856383     
         413   8.6219852074585503     
         414   8.6219852074585503     
         415   8.6443899442875622     
         416   8.6444924522035844     
         417   8.6183131953418712     
         418   8.6183131953418712     
         419   8.6329607911274433     
         420   8.6750494791589681     
         421   8.6750494791589681     
         422   8.6692627121150352     
         423   8.6692627121150352     
         424   8.6863127838445919     
         425   8.6863127838445919     
         426   8.6863127838445919     
         427   8.6830848533407963     
         428   8.6830848533407963     
         429   8.6533203277776298     
         430   8.6348990399710051     
         431   8.6378060229525353     
         432   8.6444870812994292     
         433   8.6452736675722672     
         434   8.6106082019141201     
         435   8.6106082019141201     
         436   8.6348022845929027     
         437   8.6348022845929027     
         438   8.6598676855391314     
         439   8.6770778748974067     
         440   8.6531014428598052     
         441   8.6375220463036815     
         442   8.6375220463036815     
         443   8.6375220463036815     
         444   8.6375220463036815     
         445   8.6400444385560835     
         446   8.6400444385560835     
         447   8.6400444385560835     
         448   8.6398356398517997     
         449   8.6463577695289580     
         450   8.6381391388507645     
         451   8.6779945861845125     
         452   8.6486814493896667     
         453   8.6437470884980758     
         454   8.6661178405140955     
         455   8.6661178405140955     
         456   8.6370563060795025     
         457   8.6370563060795025     
         458   8.6370563060795025     
         459   8.6069973637364914     
         460   8.6483377447292789     
         461   8.6271008869636123     
         462   8.6167237814576438     
         463   8.5915169408329692     
         464   8.5878528466200859     
         465   8.6415177557603275     
         466   8.6739330109830810     
         467   8.6288330143297962     
         468   8.6397347409767100     
         469   8.6429864897982362     
         470   8.6441988959054541     
         471   8.6707205662441229     
         472   8.6225925594910517     
         473   8.6208597713278596     
         474   8.6466789560598869     
         475   8.6542441081986095     
         476   8.6098340995717972     
         477   8.6098340995717972     
         478   8.6422923398431291     
         479   8.6500140432124599     
         480   8.6401680457515546     
         481   8.6630646649323353     
         482   8.6281001910536581     
         483   8.6553092378042180     
         484   8.6659598395067494     
         485   8.6659598395067494     
         486   8.6659598395067494     
         487   8.6659598395067494     
         488   8.6375081357020775     
         489   8.6375081357020775     
         490   8.6375081357020775     
         491   8.6375081357020775     
         492   8.6241885586130618     
         493   8.6315549998139680     
         494   8.6016761870937195     
         495   8.6158190543970754     
         496   8.6011370905605453     
         497   8.6011370905605453     
         498   8.6209206749652019     
         499   8.6209206749652019     
         500   8.6209206749652019     
         501   8.6528298618428661     
         502   8.6226213568846877     
         503   8.6233775104883321     
         504   8.5941997707984452     
         505   8.5942116675534059     
         506   8.5743409226934855     
         507   8.5824256852307546     
         508   8.6142959609800300     
         509   8.6142959609800300     
         510   8.6360277393480480     
         511   8.6092047864776280     
         512   8.6092047864776280     
         513   8.6037237245818012     
         514   8.6037237245818012     
         515   8.6037237245818012     
         516   8.6368473742397907     
         517   8.6368473742397907     
         518   8.6539590163046913     
         519   8.6402907809710321     
         520   8.6619375430086833     
         521   8.6470814903839699     
         522   8.6424408704361770     
         523   8.6181965218091889     
         524   8.6130664846734106     
         525   8.6130664846734106     
         526   8.6130664846734106     
         527   8.5713474843530619     
         528   8.5713474843530619     
         529   8.5962562568550300     
         530   8.6254691833183514     
         531   8.6254691833183514     
         532   8.6254691833183514     
         533   8.6407304883929541     
         534   8.6407304883929541     
         535   8.6407304883929541     
         536   8.6407304883929541     
         537   8.6247510752859160     
         538   8.6199731424404522     
         539   8.6139702438966186     
         540   8.6139702438966186     
         541   8.6510186587075566     
         542   8.6585785271413247     
         543   8.6417842392986302     
         544   8.5683251030930307     
         545   8.6012611212471253     
         546   8.5619384835476513     
         547   8.5619384835476513     
         548   8.5566219023121430     
         549   8.5403573637402577     
         550   8.5907074590299288     
         551   8.5774762880185875     
         552   8.6160249469551946     
         553   8.5980717366885724     
         554   8.5992742884966056     
         555   8.5990952469347377     
         556   8.6134712202233938     
         557   8.6416483511282500     
         558   8.6238724961281861     
         559   8.6238724961281861     
         560   8.6170419770262967     
         561   8.6170419770262967     
         562   8.6305047997791480     
         563   8.5916745299027220     
         564   8.5916745299027220     
         565   8.5916745299027220     
         566   8.5916745299027220     
         567   8.6236289466256828     
         568   8.6236289466256828     
         569   8.5709946312100449     
         570   8.5662896281286915     
         571   8.5879416279239074     
         572   8.5879416279239074     
         573   8.5879416279239074     
         574   8.5879416279239074     
         575   8.5845952120388809     
         576   8.6410544945288947     
         577   8.6410544945288947     
         578   8.6457523036325075     
         579   8.6457523036325075     
         580   8.6640208291614975     
         581   8.6640208291614975     
         582   8.6263192279092777     
         583   8.6208278789157742     
         584   8.6208278789157742     
         585   8.6234919593205408     
         586   8.6576628241223847     
         587   8.6253883269517448     
         588   8.6253883269517448     
         589   8.6253883269517448     
         590   8.6050065992547680     
         591   8.6011092326464844     
         592   8.6404841859523334     
         593   8.6054257123170874     
         594   8.6169124050664792     
         595   8.6311861147542679     
         596   8.6311861147542679     
         597   8.6140173773680981     
         598   8.6140173773680981     
         599   8.6175919807793413     
         600   8.5918406066870290     
         601   8.6039184702006786     
         602   8.5579249641342798     
         603   8.5579249641342798     
         604   8.5579249641342798     
         605   8.5786601884248146     
         606   8.5918659232770835     
         607   8.5918659232770835     
         608   8.6332482422707066     
         609   8.6022437970565324     
         610   8.6022437970565324     
         611   8.6306360596861236     
         612   8.6236706745149583     
         613   8.6236706745149583     
         614   8.6236706745149583     
         615   8.6397725253919440     
         616   8.6397725253919440     
         617   8.6397725253919440     
         618   8.6397725253919440     
         619   8.6397725253919440     
         620   8.6262524705948351     
         621   8.6262524705948351     
         622   8.6262524705948351     
         623   8.6262524705948351     
         624   8.6262524705948351     
         625   8.6188699712220327     
         626   8.6020804045339432     
         627   8.6472892957772203     
         628   8.6439880343157682     
         629   8.6167897878871127     
         630   8.6167897878871127     
         631   8.6075942349610983     
         632   8.6052346865509204     
         633   8.6052346865509204     
         634   8.5759118434373001     
         635   8.5931913460515723     
         636   8.5812016900708503     
         637   8.6137269167751001     
         638   8.6378442446372219     
         639   8.6519742922402614     
         640   8.6519742922402614     
         641   8.6455608420877947     
         642   8.6402795289829939     
         643   8.6116967357296517     
         644   8.6037148347112957     
         645   8.5868887935665299     
         646   8.5902542521186351     
         647   8.6205809509811395     
         648   8.6205809509811395     
         649   8.6072058306196908     
         650   8.6530702013739376     
         651   8.5993479612597419     
         652   8.5993479612597419     
         653   8.6006366252967918     
         654   8.6011379761393467     
         655   8.6089730221922931     
         656   8.6153329621939285     
         657   8.6542367136963367     
         658   8.6329817187406785     
         659   8.6035134664558317     
         660   8.6182443113636840     
         661   8.5828794168008553     
         662   8.5887089975473270     
         663   8.5843897164765384     
         664   8.5843897164765384     
         665   8.5825979469238565     
         666   8.5894503177131227     
         667   8.5766296115206124     
         668   8.5904277195486376     
         669   8.6050075305689049     
         670   8.6125905687958362     
         671   8.5941464370981375     
         672   8.5864465056716863     
         673   8.6093325868634984     
         674   8.5948345514115179     
         675   8.5828179339925530     
         676   8.5828179339925530     
         677   8.5828179339925530     
         678   8.6003313368584369     
         679   8.6003313368584369     
         680   8.6003313368584369     
         681   8.5989651118979040     
         682   8.6304694075557986     
         683   8.6142768326275636     
         684   8.6071946489158151     
         685   8.6337933555832826     
         686   8.6190814483533398     
         687   8.6190814483533398     
         688   8.6190814483533398     
         689   8.6119435431707654     
         690   8.5916251258641942     
         691   8.6008983729791151     
         692   8.6008983729791151     
         693   8.6008983729791151     
         694   8.6008983729791151     
         695   8.6008983729791151     
         696   8.6311677118861869     
         697   8.6554418448222634     
         698   8.6138155394748512     
         699   8.6130499801337113     
         700   8.5834147308215005     
         701   8.6234031772656259     
         702   8.6593428857461880     
         703   8.6651654476840090     
         704   8.6619294436578009     
         705   8.6408162105585848     
         706   8.6027060441508549     
         707   8.5954639456450472     
         708   8.5954639456450472     
         709   8.5954639456450472     
         710   8.5898271870414984     
         711   8.6149894140724861     
         712   8.6144594771053473     
         713   8.5924058171965711     
         714   8.6066350521038419     
         715   8.6066350521038419     
         716   8.6066350521038419     
         717   8.6066350521038419     
         718   8.6070397872135622     
         719   8.6371670625291852     
         720   8.5867478016211649     
         721   8.6095453852582171     
         722   8.6119343276797888     
         723   8.6119343276797888     
         724   8.6119343276797888     
         725   8.5958880905491917     
         726   8.5893707324086002     
         727   8.5730642868247333     
         728   8.5730642868247333     
         729   8.5811191742849289     
         730   8.5811191742849289     
         731   8.5947809207937631     
         732   8.5708611588189800     
         733   8.5708611588189800     
         734   8.5920055380472782     
         735   8.5731825722864397     
         736   8.5776083451263041     
         737   8.6146919914944409     
         738   8.6322658660897140     
         739   8.6213627906494867     
         740   8.6017826672897488     
         741   8.5973703512184301     
         742   8.5973703512184301     
         743   8.5844770397957220     
         744   8.5985726288992037     
         745   8.6273601359131700     
         746   8.6273601359131700     
         747   8.6273601359131700     
         748   8.6073163637114085     
         749   8.6073163637114085     
         750   8.5922619277909096     
         751   8.5837815684040386     
         752   8.5752518642169182     
         753   8.5584885453622643     
         754   8.5538767002613287     
         755   8.5602905981836699     
         756   8.5689371378112558     
         757   8.5686931717758679     
         758   8.5317726975833050     
         759   8.5317726975833050     
         760   8.5451340890253178     
         761   8.5742368696530509     
         762   8.5658524012733537     
         763   8.5547151084642632     
         764   8.5547151084642632     
         765   8.5547151084642632     
         766   8.5547151084642632     
         767   8.5547151084642632     
         768   8.5508666376250257     
         769   8.5483230474332927     
         770   8.5728025912937191     
         771   8.5869472500659558     
         772   8.5869472500659558     
         773   8.5708269519716076     
         774   8.5728179429740905     
         775   8.5968447336227722     
         776   8.5968447336227722     
         777   8.5968447336227722     
         778   8.6178135019510123     
         779   8.6178135019510123     
         780   8.5752515656362647     
         781   8.5579106861723329     
         782   8.5958457370379513     
         783   8.5770779670144091     
         784   8.5638015007467931     
         785   8.5612012012362264     
         786   8.5444684466836751     
         787   8.5444684466836751     
         788   8.5444684466836751     
         789   8.5464645660992957     
         790   8.5367168119062562     
         791   8.5367168119062562     
         792   8.5323699468538123     
         793   8.5481913648291101     
         794   8.5110277548685218     
         795   8.5686781211748784     
         796   8.5686781211748784     
         797   8.5899160500078811     
         798   8.5899160500078811     
         799   8.5923122375502885     
         800   8.5417686657611416     
         801   8.5750514862174594     
         802   8.5423075739064860     
         803   8.5423075739064860     
         804   8.5706146564089352     
         805   8.5310403601135256     
         806   8.5623453856791745     
         807   8.5623453856791745     
         808   8.5759607614805926     
         809   8.6055960881439884     
         810   8.6055960881439884     
         811   8.5893000387843372     
         812   8.5712282114227509     
         813   8.5712282114227509     
         814   8.5975659182131849     
         815   8.6241752527135489     
         816   8.5990917505708104     
         817   8.5765153357566088     
         818   8.5923776768979323     
         819   8.5923776768979323     
         820   8.5923776768979323     
         821   8.6004647064906212     
         822   8.5988476677759600     
         823   8.5909519246354620     
         824   8.5909519246354620     
         825   8.5469474136679509     
         826   8.5469474136679509     
         827   8.5789920880336847     
         828   8.5902837417299533     
         829   8.5902837417299533     
         830   8.5902837417299533     
         831   8.5835636709696264     
         832   8.5808509620859841     
         833   8.5791592435795501     
         834   8.5950676013490011     
         835   8.5565434656521173     
         836   8.5893120924457449     
         837   8.5893120924457449     
         838   8.5996553964707694     
         839   8.6232921727984948     
         840   8.6225238049541453     
         841   8.6225238049541453     
         842   8.6225238049541453     
         843   8.5941848105896206     
         844   8.5492765184590134     
         845   8.5494648687754342     
         846   8.5893880601720696     
         847   8.5917601381674604     
         848   8.5917601381674604     
         849   8.5760859675315526     
         850   8.5760859675315526     
         851   8.5664360215169406     
         852   8.6029659638542419     
         853   8.6029659638542419     
         854   8.6288050512483725     
         855   8.5832595088666039     
         856   8.5779414404038885     
         857   8.6127281421307220     
         858   8.5989430216724347     
         859   8.6038577809977390     
         860   8.6129731190839180     
         861   8.6324485574454215     
         862   8.5786624981819575     
         863   8.6247550921887282     
         864   8.6247550921887282     
         865   8.5952442361963577     
         866   8.5952442361963577     
         867   8.5989069876834971     
         868   8.6034962567482598     
         869   8.5829748999664819     
         870   8.5829748999664819     
         871   8.5952568798467759     
         872   8.5952568798467759     
         873   8.5952568798467759     
         874   8.5952568798467759     
         875   8.5895884053798355     
         876   8.6314787834190181     
         877   8.6314787834190181     
         878   8.6005781410618987     
         879   8.6199487114648594     
         880   8.5860715602607645     
         881   8.5977515254557808     
         882   8.6277598943479479     
         883   8.5881306417914836     
         884   8.5886038146005355     
         885   8.5585290712720692     
         886   8.5475584564051097     
         887   8.5475584564051097     
         888   8.5328454125815227     
         889   8.5781925563803050     
         890   8.5934568190450289     
         891   8.5934568190450289     
         892   8.5480702743233739     
         893   8.5480702743233739     
         894   8.5858378794297767     
         895   8.5904822865419632     
         896   8.6027088130303131     
         897   8.6106054982472280     
         898   8.6160717525356620     
         899   8.5785717628911264     
         900   8.5678433526291524     
         901   8.5985513107296008     
         902   8.6061648434123299     
         903   8.6141007935508949     
         904   8.6127909240510565     
         905   8.6127909240510565     
         906   8.6127909240510565     
         907   8.6470545600353379     
         908   8.6394140285676571     
         909   8.6518012944048390     
         910   8.6518012944048390     
         911   8.6518012944048390     
         912   8.6148511196143307     
         913   8.6337209495222638     
         914   8.5936970826915164     
         915   8.6203138389839644     
         916   8.5865926585432710     
         917   8.5786797260099696     
         918   8.5965246291731283     
         919   8.5965246291731283     
         920   8.6245158527552181     
         921   8.5868957965537653     
         922   8.5857776740234506     
         923   8.6260102570626032     
         924   8.5578476650121829     
         925   8.5578476650121829     
         926   8.5848121058093465     
         927   8.6130640569497281     
         928   8.5943111385697968     
         929   8.6335857792756983     
         930   8.6335857792756983     
         931   8.6356678358738517     
         932   8.5901157559864192     
         933   8.6082286453863919     
         934   8.6339429019871190     
         935   8.6339429019871190     
         936   8.6134143553485565     
         937   8.6207811666332343     
         938   8.6198237343149220     
         939   8.6288467648534422     
         940   8.6466542684235588     
         941   8.6389754939637982     
         942   8.6175447761027950     
         943   8.6054925849278376     
         944   8.5853532138618291     
         945   8.6240150451905180     
         946   8.6149864071072528     
         947   8.6149864071072528     
         948   8.6369597695223490     
         949   8.6088478359611376     
         950   8.6151383940795547     
         951   8.6151383940795547     
         952   8.6214567116416756     
         953   8.6056666880521071     
         954   8.6056666880521071     
         955   8.5737574509069656     
         956   8.5977812588809872     
         957   8.5977812588809872     
         958   8.6392593318146673     
         959   8.6392593318146673     
         960   8.6392593318146673     
         961   8.6392593318146673     
         962   8.6784182753210786     
         963   8.6473805015785636     
         964   8.6021424164277942     
         965   8.5924687879427175     
         966   8.5975526877662514     
         967   8.5649109085106421     
         968   8.5978955119909592     
         969   8.5978955119909592     
         970   8.6111204672394734     
         971   8.6111204672394734     
         972   8.6112619403750834     
         973   8.5749186267100033     
         974   8.6188314960621852     
         975   8.5617970593736565     
         976   8.6038356585826197     
         977   8.6372157862466459     
         978   8.5954450821909418     
         979   8.6034240083638736     
         980   8.6137938553348103     
         981   8.5713255079408821     
         982   8.5524846097934812     
         983   8.5679943338450943     
         984   8.5740620410848507     
         985   8.5631301206397534     
         986   8.5853906747236621     
         987   8.5927043499275033     
         988   8.5927043499275033     
         989   8.5927043499275033     
         990   8.5927043499275033     
         991   8.5930770322445778     
         992   8.6106421903723085     
         993   8.6106421903723085     
         994   8.6106421903723085     
         995   8.6535182726227848     
         996   8.6535182726227848     
         997   8.6481698971085201     
         998   8.6481698971085201     
         999   8.6481698971085201     
        1000   8.6481698971085201     
        1001   8.6358733760369528     
        1002   8.6358733760369528     
        1003   8.6409976672472624     
        1004   8.6143666140521056     
        1005   8.6527740757548663     
        1006   8.6138598056826829     
        1007   8.6479536130089905     
        1008   8.6479536130089905     
        1009   8.6551140329140637     
        1010   8.6518689359326242     
        1011   8.6540436415584399     
        1012   8.6193914826961304     
        1013   8.6399867339959791     
        1014   8.6399867339959791     
        1015   8.6421834969947415     
        1016   8.6083494425513507     
        1017   8.6083494425513507     
        1018   8.6123514620109294     
        1019   8.6123514620109294     
        1020   8.5840228313340532     
        1021   8.5887124963502917     
        1022   8.5887124963502917     
        1023   8.5838629880977528     
        1024   8.5838629880977528     
        1025   8.6245200607395596     
        1026   8.6464078482042357     
        1027   8.6464078482042357     
        1028   8.6464078482042357     
        1029   8.6464078482042357     
        1030   8.6464078482042357     
        1031   8.5953483454685227     
        1032   8.5798500916904423     
        1033   8.6166921312689517     
        1034   8.6077407036180862     
        1035   8.6100725214176244     
        1036   8.5841424806655677     
        1037   8.5582653357676541     
        1038   8.5859898435598954     
        1039   8.5859898435598954     
        1040   8.5438156109844687     
        1041   8.5859664612042774     
        1042   8.5859664612042774     
        1043   8.5859664612042774     
        1044   8.5837864643191768     
        1045   8.5997835197699359     
        1046   8.6143718485676768     
        1047   8.6143718485676768     
        1048   8.6335484330167276     
        1049   8.6335484330167276     
        1050   8.6116946136136736     
        1051   8.6116946136136736     
        1052   8.5385166277179643     
        1053   8.5376008398871743     
        1054   8.5892861221884313     
        1055   8.5831287391868933     
        1056   8.5831287391868933     
        1057   8.5831287391868933     
        1058   8.5971526035436039     
        1059   8.6347247566311456     
        1060   8.5829210611665250     
        1061   8.5841126956800462     
        1062   8.5807945624662700     
        1063   8.5827519367653249     
        1064   8.6182155949760570     
        1065   8.6219702241188898     
        1066   8.6198572436488448     
        1067   8.5857625397102701     
        1068   8.5715091876687115     
        1069   8.5921522320359038     
        1070   8.5920130588562404     
        1071   8.5920130588562404     
        1072   8.5866135731188677     
        1073   8.6117320391210956     
        1074   8.6117320391210956     
        1075   8.6344398382383876     
        1076   8.6344398382383876     
        1077   8.5720769501509473     
        1078   8.5849589867590019     
        1079   8.5849589867590019     
        1080   8.5849589867590019     
        1081   8.6240931503779699     
        1082   8.6240931503779699     
        1083   8.6303374671047024     
        1084   8.6303374671047024     
        1085   8.6303374671047024     
        1086   8.6255078247651369     
        1087   8.6147626210999704     
        1088   8.5947340797842955     
        1089   8.5947340797842955     
        1090   8.6104777448603684     
        1091   8.6412987526458362     
        1092   8.6439221612028003     
        1093   8.6439221612028003     
        1094   8.6276102845485010     
        1095   8.6447938223484506     
        1096   8.6735820094919109     
        1097   8.6735820094919109     
        1098   8.6785932007307860     
        1099   8.6785932007307860     
        1100   8.6193757275114180     
        1101   8.6193757275114180     
        1102   8.6193757275114180     
        1103   8.6193757275114180     
        1104   8.6142284763516770     
        1105   8.5922250246572851     
        1106   8.5789715712466190     
        1107   8.5789715712466190     
        1108   8.5862653199428909     
        1109   8.6088518218965184     
        1110   8.6347475310041641     
        1111   8.6347475310041641     
        1112   8.6347475310041641     
        1113   8.6289918559786081     
        1114   8.6142435581071002     
        1115   8.5865371172014253     
        1116   8.5865371172014253     
        1117   8.5918708094672382     
        1118   8.6189523148960951     
        1119   8.6189523148960951     
        1120   8.6189523148960951     
        1121   8.5780762696108006     
        1122   8.6186915395125236     
        1123   8.6208498089562298     
        1124   8.6066600429493842     
        1125   8.6066600429493842     
        1126   8.6066600429493842     
        1127   8.5988892023707670     
        1128   8.6361029532828297     
        1129   8.6361029532828297     
        1130   8.6163839887006741     
        1131   8.6163839887006741     
        1132   8.6163839887006741     
        1133   8.6364327482761123     
        1134   8.6222524580844162     
        1135   8.6222524580844162     
        1136   8.6171211793414031     
        1137   8.6171211793414031     
        1138   8.6171211793414031     
        1139   8.6110094882238926     
        1140   8.6110094882238926     
        1141   8.6110094882238926     
        1142   8.6314933495355426     
        1143   8.6374234936468053     
        1144   8.6179670004681395     
        1145   8.6228094360573149     
        1146   8.6174515172608075     
        1147   8.6247982743045490     
        1148   8.6198797909799758     
        1149   8.6329411173455703     
        1150   8.6415620553035257     
        1151   8.6060642620858712     
        1152   8.6113799407911156     
        1153   8.6092025766916045     
        1154   8.6092025766916045     
        1155   8.6092025766916045     
        1156   8.6144032542811146     
        1157   8.6762363936824709     
        1158   8.6900471445855736     
        1159   8.6670469178242442     
        1160   8.6796528254209715     
        1161   8.6336095194808351     
        1162   8.6539443715522548     
        1163   8.6513206089695771     
        1164   8.6647896358653522     
        1165   8.6603852147005718     
        1166   8.6603852147005718     
        1167   8.6652954214254603     
        1168   8.6381422987573924     
        1169   8.6381422987573924     
        1170   8.6740614418803474     
        1171   8.6681510026484538     
        1172   8.6673399345959918     
        1173   8.6114561506955010     
        1174   8.6524409222677505     
        1175   8.6524409222677505     
        1176   8.6397732235516820     
        1177   8.6549047899519564     
        1178   8.6184127472972474     
        1179   8.6154505657020053     
        1180   8.6467175773899392     
        1181   8.6086529064732229     
        1182   8.6086529064732229     
        1183   8.5882489559217792     
        1184   8.5878694120113899     
        1185   8.6170412086331591     
        1186   8.6066115852996798     
        1187   8.6066115852996798     
        1188   8.5846056143960592     
        1189   8.5837563997873243     
        1190   8.5675457856130350     
        1191   8.5675457856130350     
        1192   8.5675457856130350     
        1193   8.5675457856130350     
        1194   8.5915578185699388     
        1195   8.5899574824157607     
        1196   8.5899574824157607     
        1197   8.5793499858744351     
        1198   8.5804347537609100     
        1199   8.6128180623582882     
        1200   8.6128180623582882     
        1201   8.6128180623582882     
        1202   8.6320327584276075     
        1203   8.6255485103113099     
        1204   8.6255485103113099     
        1205   8.6255485103113099     
        1206   8.6235316009493115     
        1207   8.6246606166976072     
        1208   8.6246606166976072     
        1209   8.6260776734696680     
        1210   8.6260776734696680     
        1211   8.6260776734696680     
        1212   8.6101466477919377     
        1213   8.6251372303871925     
        1214   8.6103077887621069     
        1215   8.6550140567288256     
        1216   8.6606891866386011     
        1217   8.6140079017754037     
        1218   8.6378983838467036     
        1219   8.6338284379729373     
        1220   8.6338284379729373     
        1221   8.6230760039490075     
        1222   8.6039888220846894     
        1223   8.6209781786796196     
        1224   8.6209781786796196     
        1225   8.6471431290592520     
        1226   8.6471431290592520     
        1227   8.6471431290592520     
        1228   8.6342076287904597     
        1229   8.6589421831781586     
        1230   8.6378463857341554     
        1231   8.6378463857341554     
        1232   8.6378463857341554     
        1233   8.6211751432150852     
        1234   8.6211751432150852     
        1235   8.6211751432150852     
        1236   8.5944014855485129     
        1237   8.5944014855485129     
        1238   8.5944014855485129     
        1239   8.5718596433443182     
        1240   8.5718596433443182     
        1241   8.5543808340418526     
        1242   8.5661527049134580     
        1243   8.5661971515858557     
        1244   8.5956066850127222     
        1245   8.5956066850127222     
        1246   8.6061370039358120     
        1247   8.6061370039358120     
        1248   8.6046969382037908     
        1249   8.6046969382037908     
        1250   8.5989524121044081     
        1251   8.5829592685122265     
        1252   8.5829592685122265     
        1253   8.6160772506571224     
        1254   8.5980542211112052     
        1255   8.5672188427445892     
        1256   8.5979190524963212     
        1257   8.5880991007845129     
        1258   8.5880991007845129     
        1259   8.5880991007845129     
        1260   8.5880991007845129     
        1261   8.5906247457538285     
        1262   8.6210721933227639     
        1263   8.6210721933227639     
        1264   8.6128030144080707     
        1265   8.6128030144080707     
        1266   8.6128030144080707     
        1267   8.6327588674112832     
        1268   8.6081285805440793     
        1269   8.6081285805440793     
        1270   8.6081285805440793     
        1271   8.5858895098106931     
        1272   8.6175455226719251     
        1273   8.6257756785868160     
        1274   8.5831101600727493     
        1275   8.5831101600727493     
        1276   8.5626952607172200     
        1277   8.5869004546582008     
        1278   8.6324713968129032     
        1279   8.6554656954689353     
        1280   8.6554656954689353     
        1281   8.6554656954689353     
        1282   8.6512952354526362     
        1283   8.6512952354526362     
        1284   8.6656008276298575     
        1285   8.5962669896972237     
        1286   8.6003338356043262     
        1287   8.5952166632295643     
        1288   8.5952166632295643     
        1289   8.6144649078621462     
        1290   8.6202921507368551     
        1291   8.6469972263698178     
        1292   8.6509911198970890     
        1293   8.6509911198970890     
        1294   8.6509911198970890     
        1295   8.6043935355020267     
        1296   8.6043935355020267     
        1297   8.6357656741187103     
        1298   8.6341671440899255     
        1299   8.6273132434303044     
        1300   8.6364777764319385     
        1301   8.6364777764319385     
        1302   8.6495981990930133     
        1303   8.6495981990930133     
        1304   8.6676098439710145     
        1305   8.6676098439710145     
        1306   8.6367657048791848     
        1307   8.6468203981260974     
        1308   8.6461305057339963     
        1309   8.6142138189987456     
        1310   8.5980817127745937     
        1311   8.6326758841679911     
        1312   8.6301450890033369     
        1313   8.6301450890033369     
        1314   8.5890594643427054     
        1315   8.5850296668358403     
        1316   8.5859119546501681     
        1317   8.5928963049429399     
        1318   8.6029677238984181     
        1319   8.5729040589915471     
        1320   8.5761172460197468     
        1321   8.5761172460197468     
        1322   8.5761172460197468     
        1323   8.6038014677226471     
        1324   8.6288872238913132     
        1325   8.6288872238913132     
        1326   8.6252577688782104     
        1327   8.6371306749804049     
        1328   8.6371306749804049     
        1329   8.5838314029009517     
        1330   8.6090240865154488     
        1331   8.6090240865154488     
        1332   8.6039149058361666     
        1333   8.6039149058361666     
        1334   8.5718552586298316     
        1335   8.5704451818662566     
        1336   8.6022143566554270     
        1337   8.5956506740458849     
        1338   8.6127024871080469     
        1339   8.6207487992129668     
        1340   8.6120415216161419     
        1341   8.6120415216161419     
        1342   8.6151481945800175     
        1343   8.6354177833581112     
        1344   8.5966187461394838     
        1345   8.6298830771355135     
        1346   8.6410288526736636     
        1347   8.6410288526736636     
        1348   8.6410288526736636     
        1349   8.6098773608732664     
        1350   8.6041157987501382     
        1351   8.5765120744733938     
        1352   8.5765120744733938     
        1353   8.6211347326061425     
        1354   8.6389260809176776     
        1355   8.6219352087836860     
        1356   8.6278108070442201     
        1357   8.5832154307360220     
        1358   8.5852087996650361     
        1359   8.5926298188125383     
        1360   8.6242132256948540     
        1361   8.6018927672501722     
        1362   8.5945908694960043     
        1363   8.6249453600997832     
        1364   8.6133871252643655     
        1365   8.6280002225023846     
        1366   8.6194991917198109     
        1367   8.6194991917198109     
        1368   8.6194991917198109     
        1369   8.6194991917198109     
        1370   8.6186458629554465     
        1371   8.6186458629554465     
        1372   8.6186458629554465     
        1373   8.6186458629554465     
        1374   8.5839670355798408     
        1375   8.6211096515292684     
        1376   8.6070144332571079     
        1377   8.6070144332571079     
        1378   8.6354909778180620     
        1379   8.5895563625368325     
        1380   8.5851729573465896     
        1381   8.5851729573465896     
        1382   8.5813565304634469     
        1383   8.5570355220322689     
        1384   8.5729112234089566     
        1385   8.5516392780382304     
        1386   8.5771275725454821     
        1387   8.5692500165390122     
        1388   8.6065475855710094     
        1389   8.6065475855710094     
        1390   8.6194857412760157     
        1391   8.6194857412760157     
        1392   8.6239696759005788     
        1393   8.6159129951692428     
        1394   8.5630935283432699     
        1395   8.5852891192083263     
        1396   8.5872607768325739     
        1397   8.5733510834534759     
        1398   8.5852216278995908     
        1399   8.6124865972045441     
        1400   8.6124865972045441     
        1401   8.6396370852462940     
        1402   8.6002338384393333     
        1403   8.6002338384393333     
        1404   8.6426766114617966     
        1405   8.6426766114617966     
        1406   8.5808299035495548     
        1407   8.6066857577029534     
        1408   8.6066857577029534     
        1409   8.6066857577029534     
        1410   8.5706783182046333     
        1411   8.5757438660821101     
        1412   8.5757438660821101     
        1413   8.5757438660821101     
        1414   8.5757438660821101     
        1415   8.5613385458992681     
        1416   8.5910199995180516     
        1417   8.5646300730543423     
        1418   8.5612542550136546     
        1419   8.5796923656418258     
        1420   8.5796923656418258     
        1421   8.5796923656418258     
        1422   8.5796923656418258     
        1423   8.5796923656418258     
        1424   8.6116313239045361     
        1425   8.5908624720813780     
        1426   8.5908624720813780     
        1427   8.5908624720813780     
        1428   8.5908624720813780     
        1429   8.5956682081246392     
        1430   8.5863897362875612     
        1431   8.5863897362875612     
        1432   8.6108809076314312     
        1433   8.6108809076314312     
        1434   8.6207445024688010     
        1435   8.5910580840002524     
        1436   8.5910580840002524     
        1437   8.5606354221268646     
        1438   8.5982470717649448     
        1439   8.6145944760810860     
        1440   8.5892627054604365     
        1441   8.5947009848998466     
        1442   8.5774739051140223     
        1443   8.5918766366844803     
        1444   8.6016920071821303     
        1445   8.6006702247043822     
        1446   8.6006702247043822     
        1447   8.6234577017736527     
        1448   8.5966541497402922     
        1449   8.6103780288841563     
        1450   8.6103780288841563     
        1451   8.6345853158735704     
        1452   8.5875685694631780     
        1453   8.6120499418253935     
        1454   8.6120499418253935     
        1455   8.5805025431733757     
        1456   8.5805025431733757     
        1457   8.5805025431733757     
        1458   8.5883277934103912     
        1459   8.6147833641439355     
        1460   8.5975150036706882     
        1461   8.5693125974438935     
        1462   8.5693125974438935     
        1463   8.5489052905235621     
        1464   8.5994111548413770     
        1465   8.5994111548413770     
        1466   8.5712380938849098     
        1467   8.5729426185322559     
        1468   8.5537061496666471     
        1469   8.5767417380064082     
        1470   8.6046368562969615     
        1471   8.6013010407031310     
        1472   8.5799327875389100     
        1473   8.5799327875389100     
        1474   8.5767290423887950     
        1475   8.5954410382562205     
        1476   8.5846331745345026     
        1477   8.5846331745345026     
        1478   8.5774778023738563     
        1479   8.5311695090358182     
        1480   8.5556311700740402     
        1481   8.5503364220441505     
        1482   8.5969674128856468     
        1483   8.6002501229130051     
        1484   8.6325815518413354     
        1485   8.6325815518413354     
        1486   8.6341620350514781     
        1487   8.6333597386945229     
        1488   8.6173857637215665     
        1489   8.6083595439363112     
        1490   8.6083595439363112     
        1491   8.5794503704780976     
        1492   8.5794503704780976     
        1493   8.5794503704780976     
        1494   8.5966375111967146     
        1495   8.5966375111967146     
        1496   8.5724328024997618     
        1497   8.5781019787014348     
        1498   8.5763140384383370     
        1499   8.5723848016690010     
        1500   8.5787532826449606     
        1501   8.5787532826449606     
        1502   8.5787532826449606     
        1503   8.5801765944253461     
        1504   8.6099722733307900     
        1505   8.5825836698288853     
        1506   8.5932814054848592     
        1507   8.5901836691508198     
        1508   8.5901836691508198     
        1509   8.5901836691508198     
        1510   8.5558088453191949     
        1511   8.5368890823180319     
        1512   8.5598736443481602     
        1513   8.5598736443481602     
        1514   8.6112350965190618     
        1515   8.6326296665570226     
        1516   8.6360308945668560     
        1517   8.6360308945668560     
        1518   8.6192607705534794     
        1519   8.6192607705534794     
        1520   8.6145192655649545     
        1521   8.5850077445870845     
        1522   8.5859058445016778     
        1523   8.6092964330892077     
        1524   8.6092964330892077     
        1525   8.6092964330892077     
        1526   8.6092964330892077     
        1527   8.6092964330892077     
        1528   8.5916257114108134     
        1529   8.6171742578112323     
        1530   8.6188553584196814     
        1531   8.6188553584196814     
        1532   8.6165718874397292     
        1533   8.6165718874397292     
        1534   8.6165718874397292     
        1535   8.6165718874397292     
        1536   8.6165718874397292     
        1537   8.6081474845907078     
        1538   8.6201862330226078     
        1539   8.6201862330226078     
        1540   8.6282767548270272     
        1541   8.5795890998911872     
        1542   8.5795890998911872     
        1543   8.5795890998911872     
        1544   8.5858385425876733     
        1545   8.6269965440775707     
        1546   8.6269965440775707     
        1547   8.5932772841829337     
        1548   8.5932772841829337     
        1549   8.5932772841829337     
        1550   8.6211986155605587     
        1551   8.5805906785078481     
        1552   8.5699388768385010     
        1553   8.5699388768385010     
        1554   8.5848206504173969     
        1555   8.6017883550055547     
        1556   8.6017883550055547     
        1557   8.5781049396664031     
        1558   8.5781049396664031     
        1559   8.5557246492514381     
        1560   8.5759560584973951     
        1561   8.5759560584973951     
        1562   8.5759560584973951     
        1563   8.6127377022694027     
        1564   8.6308366968083856     
        1565   8.6216368691392304     
        1566   8.6216368691392304     
        1567   8.6216368691392304     
        1568   8.6216368691392304     
        1569   8.6133628560545983     
        1570   8.6255699545003335     
        1571   8.5985042595957690     
        1572   8.6059415572224243     
        1573   8.6231758308465256     
        1574   8.6231758308465256     
        1575   8.6106169947021449     
        1576   8.6136243821501832     
        1577   8.6136243821501832     
        1578   8.6136243821501832     
        1579   8.6136243821501832     
        1580   8.6431583639188752     
        1581   8.6431583639188752     
        1582   8.6564321004216520     
        1583   8.6606536699481662     
        1584   8.6551201557606383     
        1585   8.6422877244133023     
        1586   8.6702688654281861     
        1587   8.6245108110260524     
        1588   8.6127909787976460     
        1589   8.6421823382427618     
        1590   8.6421823382427618     
        1591   8.6421823382427618     
        1592   8.6421823382427618     
        1593   8.6811769594769981     
        1594   8.6811769594769981     
        1595   8.6811769594769981     
        1596   8.6800600833507016     
        1597   8.6176354274544611     
        1598   8.6454734714998942     
        1599   8.6130653268272290     
        1600   8.6518771519641628     
        1601   8.6513470232212608     
        1602   8.6434412052153604     
        1603   8.6438818345215331     
        1604   8.6203838599803664     
        1605   8.6272620357650958     
        1606   8.6272620357650958     
        1607   8.6139058731214142     
        1608   8.6275660717903406     
        1609   8.6588469058155635     
        1610   8.6588469058155635     
        1611   8.6205747557796268     
        1612   8.6205747557796268     
        1613   8.6162521696000152     
        1614   8.6162521696000152     
        1615   8.6460693703553222     
        1616   8.6532830234749696     
        1617   8.6674676175468246     
        1618   8.6845611437943209     
        1619   8.6489332156541909     
        1620   8.6499382569312591     
        1621   8.6872312577931474     
        1622   8.6872312577931474     
        1623   8.6878834891819121     
        1624   8.6878834891819121     
        1625   8.6548869662733274     
        1626   8.6339601564136927     
        1627   8.6339601564136927     
        1628   8.6713054101804268     
        1629   8.6427727530034364     
        1630   8.6427727530034364     
        1631   8.6427727530034364     
        1632   8.6608093138437265     
        1633   8.6608093138437265     
        1634   8.6731107889661647     
        1635   8.6504999256126780     
        1636   8.6288391414792152     
        1637   8.6288391414792152     
        1638   8.6189095024198199     
        1639   8.6189095024198199     
        1640   8.6652063095049456     
        1641   8.6652063095049456     
        1642   8.6652063095049456     
        1643   8.6499074327739081     
        1644   8.6676994751492771     
        1645   8.6676994751492771     
        1646   8.6311092812446724     
        1647   8.6731834157457239     
        1648   8.6731834157457239     
        1649   8.6731834157457239     
        1650   8.6713113179026795     
        1651   8.6644265582662676     
        1652   8.6644265582662676     
        1653   8.6671955655630804     
        1654   8.6659894027821682     
        1655   8.6525197138997942     
        1656   8.6455173051887613     
        1657   8.6572131061850737     
        1658   8.6643005828696715     
        1659   8.6624779881656995     
        1660   8.6416678921317054     
        1661   8.6705330274189674     
        1662   8.6494441053538207     
        1663   8.6451518251459056     
        1664   8.6019473220352900     
        1665   8.6365944322760164     
        1666   8.6365944322760164     
        1667   8.6365944322760164     
        1668   8.6343235031070744     
        1669   8.6343235031070744     
        1670   8.5969874648087234     
        1671   8.5975158545989245     
        1672   8.6025151072432724     
        1673   8.6025151072432724     
        1674   8.6477760579033056     
        1675   8.6200938142887296     
        1676   8.6051227903901779     
        1677   8.5672967865447838     
        1678   8.6349420376802755     
        1679   8.6349420376802755     
        1680   8.6137254713443774     
        1681   8.6192881282235678     
        1682   8.6313354385574925     
        1683   8.6313354385574925     
        1684   8.6608250612189259     
        1685   8.6908969624515038     
        1686   8.6646581565351060     
        1687   8.6468678767129372     
        1688   8.6468678767129372     
        1689   8.6403807494659848     
        1690   8.6288302838149775     
        1691   8.6002194688119964     
        1692   8.6163890902954137     
        1693   8.6018101063613646     
        1694   8.5968475280076557     
        1695   8.5856677022133834     
        1696   8.5856677022133834     
        1697   8.6343011375370242     
        1698   8.6182527237325619     
        1699   8.6411421047341754     
        1700   8.6054204919954014     
        1701   8.6404714434684671     
        1702   8.6404714434684671     
        1703   8.6404714434684671     
        1704   8.6331364984162970     
        1705   8.6331364984162970     
        1706   8.6544953549222985     
        1707   8.6544953549222985     
        1708   8.6571811019869838     
        1709   8.6200177490014180     
        1710   8.6200177490014180     
        1711   8.6200177490014180     
        1712   8.6282135187073834     
        1713   8.6282135187073834     
        1714   8.5963163322952703     
        1715   8.5963163322952703     
        1716   8.5963163322952703     
        1717   8.5963163322952703     
        1718   8.5963163322952703     
        1719   8.5963163322952703     
        1720   8.6277184408051824     
        1721   8.5968922844860938     
        1722   8.6179035347574295     
        1723   8.6064353170287173     
        1724   8.6345328779500647     
        1725   8.6232594816126547     
        1726   8.6201665163757326     
        1727   8.6398682639867914     
        1728   8.6291664167801780     
        1729   8.6117922484992881     
        1730   8.6117922484992881     
        1731   8.6111456660654131     
        1732   8.6111456660654131     
        1733   8.6134405159201464     
        1734   8.5801532786742936     
        1735   8.6040668930052497     
        1736   8.6255411330955454     
        1737   8.6168884007242124     
        1738   8.6254690813248232     
        1739   8.6114732969999448     
        1740   8.5986543316259585     
        1741   8.6491330484171431     
        1742   8.6486564394781293     
        1743   8.6061163475614180     
        1744   8.6329236053157778     
        1745   8.6565804330212117     
        1746   8.6198905905679961     
        1747   8.6198905905679961     
        1748   8.6130230962773631     
        1749   8.5791732839435220     
        1750   8.5791732839435220     
        1751   8.6063236758977428     
        1752   8.6184967795676481     
        1753   8.6191163610795023     
        1754   8.5989457740051183     
        1755   8.5989457740051183     
        1756   8.6048507284704723     
        1757   8.6205322472647214     
        1758   8.5760460037178152     
        1759   8.6134447732856145     
        1760   8.6188475894915779     
        1761   8.6188475894915779     
        1762   8.6188475894915779     
        1763   8.6188475894915779     
        1764   8.6188475894915779     
        1765   8.6036876103626945     
        1766   8.5939669574398803     
        1767   8.5853019909684338     
        1768   8.6049273759382316     
        1769   8.6249039801203917     
        1770   8.6191811936267069     
        1771   8.6198959091898537     
        1772   8.6198959091898537     
        1773   8.6198959091898537     
        1774   8.6198959091898537     
        1775   8.6198959091898537     
        1776   8.6198959091898537     
        1777   8.5997637190085818     
        1778   8.6070214309101321     
        1779   8.6070214309101321     
        1780   8.6070214309101321     
        1781   8.6070214309101321     
        1782   8.5867784795780295     
        1783   8.6172238328189259     
        1784   8.6172238328189259     
        1785   8.5805671355891189     
        1786   8.5811714664040473     
        1787   8.5919252571064355     
        1788   8.5919252571064355     
        1789   8.5919252571064355     
        1790   8.5919252571064355     
        1791   8.5942098865985361     
        1792   8.6054313371079001     
        1793   8.5919619734498038     
        1794   8.6223697346495438     
        1795   8.5854006440310844     
        1796   8.6178524370127949     
        1797   8.6178524370127949     
        1798   8.6056175905595556     
        1799   8.6201212461372716     
        1800   8.6201212461372716     
        1801   8.6674570800437056     
        1802   8.6050637663755563     
        1803   8.6260431550780527     
        1804   8.6448719805294623     
        1805   8.6316819630148558     
        1806   8.6316819630148558     
        1807   8.6574734375094806     
        1808   8.6189407605085737     
        1809   8.6036258399420387     
        1810   8.6367027981143334     
        1811   8.6199324488381439     
        1812   8.6152485212022203     
        1813   8.6152485212022203     
        1814   8.6296571639340787     
        1815   8.6128960686863838     
        1816   8.6128960686863838     
        1817   8.6156304746399783     
        1818   8.6321754165518136     
        1819   8.6321754165518136     
        1820   8.6053506905253538     
        1821   8.6367917783113892     
        1822   8.6101236869054798     
        1823   8.5912210207684812     
        1824   8.5806848703953165     
        1825   8.6562961109366121     
        1826   8.6562961109366121     
        1827   8.6621632511912896     
        1828   8.6621632511912896     
        1829   8.6439508352223164     
        1830   8.6329832299415781     
        1831   8.5882468583671105     
        1832   8.6195503543130627     
        1833   8.6318969918326545     
        1834   8.6318969918326545     
        1835   8.6152268399276135     
        1836   8.6152268399276135     
        1837   8.6152268399276135     
        1838   8.6152268399276135     
        1839   8.6152268399276135     
        1840   8.6152268399276135     
        1841   8.6330837907385547     
        1842   8.5922471363644899     
        1843   8.5774057710141172     
        1844   8.5989168595340661     
        1845   8.6024966957586546     
        1846   8.6017262458672263     
        1847   8.6017262458672263     
        1848   8.6092687340859460     
        1849   8.6092687340859460     
        1850   8.6092687340859460     
        1851   8.5577828889098821     
        1852   8.5459197762510311     
        1853   8.5794120998962473     
        1854   8.5815171768700438     
        1855   8.5733047255678603     
        1856   8.5675456185102998     
        1857   8.5746921588623319     
        1858   8.5150855229344398     
        1859   8.5030038650962023     
        1860   8.5622674643608949     
        1861   8.5767230850035148     
        1862   8.5880975896914702     
        1863   8.5880975896914702     
        1864   8.5840862286238284     
        1865   8.5652996204328407     
        1866   8.5652996204328407     
        1867   8.6016950917449364     
        1868   8.6001724906623505     
        1869   8.5909109501226890     
        1870   8.5913727549625989     
        1871   8.5567227740045322     
        1872   8.5975598841954763     
        1873   8.5975598841954763     
        1874   8.5994154958513747     
        1875   8.5994154958513747     
        1876   8.5995215342995532     
        1877   8.6237427331340051     
        1878   8.6010833947027265     
        1879   8.5790878284840524     
        1880   8.6030319792817664     
        1881   8.5543488614611594     
        1882   8.5543488614611594     
        1883   8.5543488614611594     
        1884   8.5884689612385632     
        1885   8.5951040579611160     
        1886   8.6136379887610488     
        1887   8.5738072310432862     
        1888   8.5680762807247781     
        1889   8.5680762807247781     
        1890   8.6008939304224832     
        1891   8.6008939304224832     
        1892   8.5856451623050685     
        1893   8.6084177877669976     
        1894   8.5998068128476355     
        1895   8.5898210918823086     
        1896   8.5898210918823086     
        1897   8.5957211302669734     
        1898   8.5885282662663336     
        1899   8.5854310714906017     
        1900   8.5635292897088604     
        1901   8.5639967879000807     
        1902   8.5598559328934023     
        1903   8.5620294550852591     
        1904   8.5620294550852591     
        1905   8.5706066346023153     
        1906   8.5875949861563843     
        1907   8.5875949861563843     
        1908   8.6123024135924862     
        1909   8.5726595038232070     
        1910   8.5795158988161084     
        1911   8.5815064998868582     
        1912   8.5718883567554105     
        1913   8.5718883567554105     
        1914   8.5549644888109508     
        1915   8.5290381075535162     
        1916   8.5448513294796431     
        1917   8.5281166130142037     
        1918   8.5364968244183999     
        1919   8.5346291298316661     
        1920   8.5346291298316661     
        1921   8.5427698966680961     
        1922   8.5617893837263974     
        1923   8.5617893837263974     
        1924   8.5593942250815704     
        1925   8.5709419163694047     
        1926   8.5709419163694047     
        1927   8.5709419163694047     
        1928   8.5785837692811917     
        1929   8.5915087925262110     
        1930   8.5749041665622876     
        1931   8.5749041665622876     
        1932   8.5926835193684852     
        1933   8.5926835193684852     
        1934   8.5926835193684852     
        1935   8.5558075514780825     
        1936   8.5698887144983313     
        1937   8.5699213438347908     
        1938   8.5810798379477262     
        1939   8.5937920494250601     
        1940   8.5948963069915703     
        1941   8.5948963069915703     
        1942   8.5808043453880867     
        1943   8.5808043453880867     
        1944   8.5938801853484428     
        1945   8.5885182536511859     
        1946   8.6086954023906923     
        1947   8.5699601733639970     
        1948   8.6043435445081311     
        1949   8.6043435445081311     
        1950   8.6043435445081311     
        1951   8.5777823395946822     
        1952   8.5532830340514234     
        1953   8.5957967418692149     
        1954   8.5957967418692149     
        1955   8.5449899921172747     
        1956   8.5735665562839252     
        1957   8.5796194754324784     
        1958   8.5796194754324784     
        1959   8.5897440711871962     
        1960   8.6150196648219755     
        1961   8.6150196648219755     
        1962   8.6044761252870998     
        1963   8.6318474641665102     
        1964   8.5902868322148915     
        1965   8.5902868322148915     
        1966   8.5604963472788018     
        1967   8.5678775745748226     
        1968   8.5912433180159500     
        1969   8.5912433180159500     
        1970   8.5679977486844852     
        1971   8.5679977486844852     
        1972   8.5925423742844540     
        1973   8.5927190413303691     
        1974   8.5817235238106147     
        1975   8.6222307459128906     
        1976   8.6044573916636811     
        1977   8.5746937998389310     
        1978   8.6112765960475581     
        1979   8.6150322837864035     
        1980   8.6150322837864035     
        1981   8.5754668781372345     
        1982   8.6024425801612381     
        1983   8.6024425801612381     
        1984   8.6159060847514848     
        1985   8.5974648889070853     
        1986   8.5649841815322123     
        1987   8.5568525201068901     
        1988   8.5657595576620160     
        1989   8.5966567424105218     
        1990   8.5732374946280299     
        1991   8.5732374946280299     
        1992   8.5950438017207063     
        1993   8.5807769091414610     
        1994   8.6274280761970452     
        1995   8.6149552475657352     
        1996   8.6149552475657352     
        1997   8.6179572695556459     
        1998   8.6179572695556459     
        1999   8.6208870035620357     
        2000   8.6208870035620357     
