 SAMPLE,  ENERGY
           1  -2493.0485125644641     
           2  -2497.2700379336361     
           3  -2539.7907989899072     
           4  -2544.6890476903432     
           5  -2594.7456393512430     
           6  -2541.3157696442468     
           7  -2598.3638120988157     
           8  -2589.7487248369484     
           9  -2585.7608683575781     
          10  -2586.9193807846359     
          11  -2484.8967774153389     
          12  -2589.9124362499192     
          13  -2558.1228740350834     
          14  -2523.4368942752171     
          15  -2553.3535886137688     
          16  -2538.8676853332104     
          17  -2527.2004555047488     
          18  -2572.3433386824458     
          19  -2577.3594217431869     
          20  -2547.6010281421259     
          21  -2578.0174837060181     
          22  -2522.9283723475883     
          23  -2588.9609881988713     
          24  -2618.0262282487083     
          25  -2497.1745821005229     
          26  -2640.9941429879000     
          27  -2589.4087252866434     
          28  -2620.2873694994687     
          29  -2544.2648008774868     
          30  -2540.7410688412147     
          31  -2503.6896633948495     
          32  -2572.7707578547347     
          33  -2596.4492025093937     
          34  -2525.5843940831305     
          35  -2580.6976756768249     
          36  -2593.5560139622021     
          37  -2642.0402622161241     
          38  -2634.2123038518616     
          39  -2617.3864709758968     
          40  -2655.0905520707629     
          41  -2612.8645265965670     
          42  -2635.0620375114572     
          43  -2645.1025971363215     
          44  -2650.8971494891771     
          45  -2637.1806218385204     
          46  -2612.2357090261235     
          47  -2611.3045919782608     
          48  -2576.9513833394831     
          49  -2603.5582126929085     
          50  -2635.6559376335945     
          51  -2629.0284707972705     
          52  -2584.0382035255493     
          53  -2574.9192622622618     
          54  -2665.5518222095925     
          55  -2651.8188121523362     
          56  -2657.9878062061130     
          57  -2739.8127408294345     
          58  -2634.6853410745384     
          59  -2644.0431256377910     
          60  -2597.3403570924743     
          61  -2602.4199916366256     
          62  -2561.8568890683241     
          63  -2491.9214596704678     
          64  -2533.6005582877096     
          65  -2572.9832454869124     
          66  -2647.2949212054327     
          67  -2601.6139223232090     
          68  -2624.5825008467009     
          69  -2557.5567812341437     
          70  -2630.9851536755887     
          71  -2657.2323968455594     
          72  -2637.8641065993020     
          73  -2621.6684722781170     
          74  -2648.9132782146139     
          75  -2600.2096853412122     
          76  -2617.4796674528770     
          77  -2618.8314262336962     
          78  -2546.3970098792843     
          79  -2579.1573668538099     
          80  -2616.4146451149318     
          81  -2621.1690944400830     
          82  -2591.6372938873892     
          83  -2553.9996276173028     
          84  -2626.0648998058155     
          85  -2607.5827177545775     
          86  -2599.5182405093988     
          87  -2651.4825164462995     
          88  -2608.9096553415188     
          89  -2656.5253208215472     
          90  -2530.0687633736038     
          91  -2557.8512370524713     
          92  -2565.3864207915690     
          93  -2548.3947449174966     
          94  -2555.9673838622221     
          95  -2603.3318967111377     
          96  -2513.7573131041145     
          97  -2628.0829607974251     
          98  -2595.6439998958253     
          99  -2559.3994049307867     
         100  -2613.5297090537874     
         101  -2643.2147098454880     
         102  -2648.2809534292719     
         103  -2591.3466305779475     
         104  -2613.6306343314577     
         105  -2619.9506274142577     
         106  -2608.6076339353608     
         107  -2662.3544553361539     
         108  -2650.3460977969416     
         109  -2669.2955050845680     
         110  -2680.0945877428762     
         111  -2668.9898128109062     
         112  -2607.4138005062014     
         113  -2613.8515068264746     
         114  -2556.4838265086014     
         115  -2605.1580181619106     
         116  -2606.8613078687772     
         117  -2589.4614692838622     
         118  -2598.7180046307340     
         119  -2637.8897409667902     
         120  -2618.3316142573608     
         121  -2649.1014658986296     
         122  -2643.1607443756379     
         123  -2601.3389929206669     
         124  -2576.0286482681618     
         125  -2574.5180938263666     
         126  -2603.4174260387726     
         127  -2638.7119938536189     
         128  -2637.6981644244829     
         129  -2580.1408425900363     
         130  -2586.6106678597525     
         131  -2576.9833945342039     
         132  -2602.2802044083346     
         133  -2610.4185988734880     
         134  -2579.7957514025293     
         135  -2600.3086041675647     
         136  -2630.3272819941512     
         137  -2585.0308144488554     
         138  -2580.9958281211007     
         139  -2572.8269603579211     
         140  -2646.9175123165473     
         141  -2592.7286124243437     
         142  -2596.2587286857879     
         143  -2581.1616574436130     
         144  -2590.4937518695474     
         145  -2601.7894645030306     
         146  -2626.3791921446864     
         147  -2645.4312136800977     
         148  -2627.0732459692313     
         149  -2536.5916836040724     
         150  -2519.1572456203016     
         151  -2514.4287138946011     
         152  -2518.9213316885684     
         153  -2620.1645725614085     
         154  -2591.0979029684559     
         155  -2661.9994780701877     
         156  -2636.0081683905628     
         157  -2610.9520102838801     
         158  -2550.5511834182680     
         159  -2614.7189975949004     
         160  -2605.9837196877324     
         161  -2643.9186245613328     
         162  -2642.5488855039766     
         163  -2651.6305853417375     
         164  -2613.3673695740408     
         165  -2575.2090711741712     
         166  -2593.5688270278401     
         167  -2648.2885950701489     
         168  -2652.5065032830530     
         169  -2700.7345668236267     
         170  -2691.8523871873854     
         171  -2641.4877428532168     
         172  -2632.3855498819876     
         173  -2608.6593059359120     
         174  -2659.3856347260989     
         175  -2649.0730814705680     
         176  -2611.0568247489650     
         177  -2615.5098985350837     
         178  -2668.5441536681656     
         179  -2640.7784479227666     
         180  -2621.2329778507305     
         181  -2619.6400293914821     
         182  -2591.2104792257906     
         183  -2614.9729528518783     
         184  -2653.7196367422162     
         185  -2680.8219216098842     
         186  -2724.4150175547588     
         187  -2647.0744077434524     
         188  -2674.4183128950103     
         189  -2692.9116282640712     
         190  -2707.7323911365661     
         191  -2621.8059465584597     
         192  -2620.6631582234963     
         193  -2654.4684839161932     
         194  -2642.1420395657883     
         195  -2648.4668899552007     
         196  -2688.3343602194400     
         197  -2619.1518893702528     
         198  -2664.3906621068490     
         199  -2661.7638013177907     
         200  -2674.8892076966558     
         201  -2706.6935878495710     
         202  -2692.3191873156579     
         203  -2718.4916837144920     
         204  -2651.8533539803429     
         205  -2608.6867405032563     
         206  -2613.8580896231510     
         207  -2669.4675245919370     
         208  -2674.0244537829012     
         209  -2664.3198481932259     
         210  -2657.0739067065065     
         211  -2604.1099981116899     
         212  -2601.8872922550781     
         213  -2629.2663996136275     
         214  -2574.4068301495149     
         215  -2635.0109715215167     
         216  -2640.9168154795334     
         217  -2603.2029937648158     
         218  -2578.7611384718621     
         219  -2605.0255279208568     
         220  -2578.8607189986196     
         221  -2652.1736255563619     
         222  -2622.0430816418975     
         223  -2617.7610656122893     
         224  -2630.6185321943394     
         225  -2618.8635862021883     
         226  -2643.2892082626076     
         227  -2687.9985090472464     
         228  -2719.0939562269164     
         229  -2736.0880497757566     
         230  -2595.3434915084686     
         231  -2607.4294464129257     
         232  -2613.0053726941533     
         233  -2612.1369195706216     
         234  -2624.7646688699169     
         235  -2647.8144614368953     
         236  -2671.9329028636621     
         237  -2736.2266973681749     
         238  -2699.0085499587449     
         239  -2687.4417392305018     
         240  -2628.0380208000947     
         241  -2606.2549679805029     
         242  -2636.2730751751483     
         243  -2650.5621926570657     
         244  -2646.0836218620843     
         245  -2659.1364483009120     
         246  -2680.8735937498018     
         247  -2611.5145350608595     
         248  -2586.3315322252015     
         249  -2632.8320819267924     
         250  -2601.9545734823673     
         251  -2610.7014653487208     
         252  -2625.8105561975426     
         253  -2694.6002145605394     
         254  -2616.7795820930073     
         255  -2650.0988254323515     
         256  -2582.2737700558146     
         257  -2628.4487597267216     
         258  -2668.2754946720461     
         259  -2687.1485396996632     
         260  -2668.9027938251102     
         261  -2640.6276177551672     
         262  -2619.7280249002692     
         263  -2610.3254233414364     
         264  -2622.6218192933493     
         265  -2615.3813586499759     
         266  -2606.8464209963431     
         267  -2633.4011099932536     
         268  -2564.4612138831362     
         269  -2657.6864166539176     
         270  -2621.9857725263996     
         271  -2667.8995582014932     
         272  -2670.1559424228894     
         273  -2674.9248577131661     
         274  -2695.4770660868990     
         275  -2730.0699653361303     
         276  -2689.7748120637466     
         277  -2730.2316757445974     
         278  -2746.5729890492530     
         279  -2747.1436418265330     
         280  -2743.7824433867572     
         281  -2649.8369205954214     
         282  -2672.5210014430513     
         283  -2635.1439692327995     
         284  -2644.7290231509642     
         285  -2634.9098450067172     
         286  -2674.1171331495298     
         287  -2649.1522687423380     
         288  -2615.1849013953265     
         289  -2641.3968523986246     
         290  -2683.8752894933355     
         291  -2614.2382050977103     
         292  -2592.7301048387421     
         293  -2650.7280933501670     
         294  -2615.1344978136458     
         295  -2639.8801852106071     
         296  -2668.7145915565038     
         297  -2618.8729402493700     
         298  -2654.3846383647860     
         299  -2684.0378006207375     
         300  -2662.0562685037248     
         301  -2676.1015009676503     
         302  -2718.8230028591465     
         303  -2679.1516417042471     
         304  -2674.7697846718984     
         305  -2673.7682605790365     
         306  -2661.1347091280632     
         307  -2691.4885062206226     
         308  -2601.7237081405183     
         309  -2612.1985243877671     
         310  -2631.1337143934052     
         311  -2615.6320750218283     
         312  -2549.5087872603394     
         313  -2583.0783273840239     
         314  -2585.8038408243110     
         315  -2620.3815334600304     
         316  -2670.6419294559241     
         317  -2678.5099585803964     
         318  -2581.9185758792842     
         319  -2609.6303476341714     
         320  -2627.3791749012448     
         321  -2619.8501387189331     
         322  -2624.6098911492986     
         323  -2622.8618674389422     
         324  -2510.0643949638425     
         325  -2529.0781307509069     
         326  -2611.8411348572095     
         327  -2605.4736680901979     
         328  -2637.7376553680242     
         329  -2572.7808073522096     
         330  -2567.7717495585007     
         331  -2573.3531905542304     
         332  -2523.0557030986497     
         333  -2582.7229422214996     
         334  -2605.6978440048238     
         335  -2617.1751578604917     
         336  -2560.5181055193248     
         337  -2563.8167840471665     
         338  -2624.1048761716102     
         339  -2645.9284461277553     
         340  -2660.7703590771912     
         341  -2665.8734807816918     
         342  -2642.2573847416324     
         343  -2655.7196076453229     
         344  -2655.9205268534020     
         345  -2544.2155353121739     
         346  -2552.3023161253655     
         347  -2626.9930378366839     
         348  -2649.7706239338277     
         349  -2639.1053597558243     
         350  -2713.1439112576268     
         351  -2679.4150366833223     
         352  -2679.5913175276555     
         353  -2665.2967238667957     
         354  -2605.4182139118725     
         355  -2651.6225809627640     
         356  -2659.5855571368388     
         357  -2662.7214485067070     
         358  -2651.0996730739298     
         359  -2699.9727491895437     
         360  -2638.3960644635122     
         361  -2645.0823565111809     
         362  -2651.6876214825752     
         363  -2627.0241978693512     
         364  -2704.3414629744075     
         365  -2689.5695959546088     
         366  -2682.6642681035250     
         367  -2612.9276079202014     
         368  -2591.4446542674582     
         369  -2687.1731826843757     
         370  -2693.9553446612399     
         371  -2666.9505530458655     
         372  -2623.2093356997248     
         373  -2620.1953416717020     
         374  -2645.7241421373847     
         375  -2618.4749385338523     
         376  -2609.4683969711141     
         377  -2598.7808316603769     
         378  -2587.5131274812998     
         379  -2639.8100990177222     
         380  -2716.7401541722816     
         381  -2701.2674692158289     
         382  -2652.9815442547988     
         383  -2607.2160396164650     
         384  -2649.1963529883074     
         385  -2625.0761047390888     
         386  -2618.6730913211049     
         387  -2644.4948114035201     
         388  -2624.7231842189735     
         389  -2640.1512783015378     
         390  -2640.2638387533925     
         391  -2690.7674349823533     
         392  -2658.5591938871630     
         393  -2658.1557756459365     
         394  -2626.3733946676616     
         395  -2713.2698857119049     
         396  -2627.5161804108302     
         397  -2620.0993422959418     
         398  -2587.8150755039374     
         399  -2655.1571693582987     
         400  -2597.2260943367864     
         401  -2597.2301279846874     
         402  -2614.8678279872720     
         403  -2613.7835906801997     
         404  -2672.4890501467376     
         405  -2659.8292712595162     
         406  -2632.8758345830311     
         407  -2552.7533335756793     
         408  -2660.2368345838490     
         409  -2661.8091661775143     
         410  -2665.5187889423742     
         411  -2689.2170458265819     
         412  -2629.3605661185907     
         413  -2604.3840489240388     
         414  -2604.6786120832271     
         415  -2602.5612487695657     
         416  -2660.6340621831555     
         417  -2602.9791486014446     
         418  -2610.1894600177579     
         419  -2617.8451395330776     
         420  -2657.3698198884076     
         421  -2589.6907780274646     
         422  -2673.0924351513181     
         423  -2592.8256130827035     
         424  -2572.4926325058050     
         425  -2560.6552108493879     
         426  -2628.3956976068139     
         427  -2612.2134627643891     
         428  -2599.5689970997082     
         429  -2654.3354589916839     
         430  -2634.5633301038606     
         431  -2580.4657720350137     
         432  -2584.7817066634502     
         433  -2688.7071951413277     
         434  -2661.4037215720759     
         435  -2595.5681482336308     
         436  -2588.1176750194072     
         437  -2606.7389179659795     
         438  -2600.6548246777220     
         439  -2608.4643010150221     
         440  -2666.8346344126808     
         441  -2683.6869435657086     
         442  -2675.2994581871399     
         443  -2658.6291117574010     
         444  -2608.3741628148855     
         445  -2652.6794174969091     
         446  -2666.8478959530371     
         447  -2643.0897752762748     
         448  -2664.1436331416917     
         449  -2639.5053813466207     
         450  -2605.6973903067537     
         451  -2677.2181462966023     
         452  -2675.9962510425039     
         453  -2628.8950983517029     
         454  -2604.0936322100811     
         455  -2642.7456488088451     
         456  -2624.7671126722516     
         457  -2633.2678459324638     
         458  -2609.9154877777842     
         459  -2610.6461383130422     
         460  -2545.8576150756940     
         461  -2628.0394847683824     
         462  -2630.5678650569366     
         463  -2605.2251026882191     
         464  -2562.7537845203046     
         465  -2626.7547659210172     
         466  -2622.8517977519978     
         467  -2647.2466564767351     
         468  -2634.7278299347413     
         469  -2588.1503533293358     
         470  -2715.2408255284899     
         471  -2721.8014684744453     
         472  -2677.4737924660617     
         473  -2665.1136468651339     
         474  -2644.4497448922616     
         475  -2656.4272497528541     
         476  -2634.7612299288071     
         477  -2599.3540190867921     
         478  -2627.4973754407606     
         479  -2661.1446993849859     
         480  -2655.2625541648404     
         481  -2621.6362947118191     
         482  -2650.4225681482753     
         483  -2591.1256745878331     
         484  -2605.5126313215792     
         485  -2612.0721131497185     
         486  -2596.4112813701036     
         487  -2631.7066862658985     
         488  -2607.5775449971784     
         489  -2587.1845248614995     
         490  -2593.0422128556934     
         491  -2617.1237323524365     
         492  -2586.3194828075348     
         493  -2627.9798075523377     
         494  -2646.9769088611224     
         495  -2647.1239559796409     
         496  -2673.2792061663640     
         497  -2672.0275541140068     
         498  -2676.7292704647330     
         499  -2627.1442741463147     
         500  -2680.8940628236155     
         501  -2640.6048254510988     
         502  -2669.7688146050618     
         503  -2676.6373355546511     
         504  -2691.9090693754997     
         505  -2677.7539373018672     
         506  -2646.4636946041924     
         507  -2634.6693670396503     
         508  -2639.6453257232724     
         509  -2667.8644026869188     
         510  -2633.2172422739550     
         511  -2686.2512544587521     
         512  -2683.5086892130657     
         513  -2623.2774852148968     
         514  -2706.2100133041836     
         515  -2604.6316822274725     
         516  -2691.2472509723880     
         517  -2591.7711585453590     
         518  -2575.5002589258143     
         519  -2602.4970535751872     
         520  -2662.0493521816084     
         521  -2654.1482212324527     
         522  -2713.0433568816570     
         523  -2667.0599219901173     
         524  -2685.6743739257149     
         525  -2660.6076275879609     
         526  -2686.6016855392472     
         527  -2702.1247017148444     
         528  -2677.1885542667060     
         529  -2707.2141718737116     
         530  -2690.5743568160519     
         531  -2664.5772408148832     
         532  -2694.3792099227589     
         533  -2666.1093246324149     
         534  -2655.6645979292825     
         535  -2619.7872366964702     
         536  -2572.4615932389665     
         537  -2595.8311660634849     
         538  -2631.1209801434593     
         539  -2648.9593385453927     
         540  -2638.3191143489671     
         541  -2684.2127673152581     
         542  -2632.7658549897610     
         543  -2688.8230399119075     
         544  -2695.5904230356896     
         545  -2693.2031007089931     
         546  -2693.3900955726835     
         547  -2707.5539324710367     
         548  -2685.8541180983188     
         549  -2662.1806370333184     
         550  -2664.3411096918371     
         551  -2630.7592477524208     
         552  -2621.0963102137894     
         553  -2591.8139291346056     
         554  -2616.5871932688742     
         555  -2633.4290351640411     
         556  -2663.7464502327093     
         557  -2660.6387911018255     
         558  -2692.4844097280738     
         559  -2661.7646191291751     
         560  -2664.6970651276979     
         561  -2704.0912912065705     
         562  -2619.8014012422946     
         563  -2681.3627723221107     
         564  -2683.6043467158047     
         565  -2677.8789713819733     
         566  -2700.5113293440695     
         567  -2699.6033445599774     
         568  -2675.1130914854079     
         569  -2670.8805404110426     
         570  -2705.9194113920103     
         571  -2702.1280853976468     
         572  -2688.8702404295377     
         573  -2643.6582517969900     
         574  -2672.8880216487069     
         575  -2671.9018161003332     
         576  -2626.2516503009583     
         577  -2646.9341100049692     
         578  -2649.5427571749374     
         579  -2640.9248815892543     
         580  -2613.1647779564173     
         581  -2593.2941161510339     
         582  -2626.9626397253123     
         583  -2632.6817177858375     
         584  -2637.1304341377049     
         585  -2597.1179908424792     
         586  -2688.5066036833264     
         587  -2676.8136531839191     
         588  -2672.6248857911601     
         589  -2682.7341847652874     
         590  -2647.5618911094525     
         591  -2661.8014954778951     
         592  -2662.0001602914481     
         593  -2667.8220617293719     
         594  -2642.8657973687123     
         595  -2707.2242802250462     
         596  -2658.6044631811901     
         597  -2631.4792451392536     
         598  -2648.7948683872414     
         599  -2686.5071224582321     
         600  -2707.6305505333016     
         601  -2701.5265994062215     
         602  -2716.8721212981791     
         603  -2609.8769110413973     
         604  -2642.8677505166011     
         605  -2692.5763168667022     
         606  -2676.3108883526179     
         607  -2622.5970335352772     
         608  -2632.8540685316625     
         609  -2663.3832411718504     
         610  -2630.1669702165027     
         611  -2642.2775797035656     
         612  -2654.9432832582033     
         613  -2660.1238488921645     
         614  -2633.1401570170938     
         615  -2733.2717063375203     
         616  -2719.4974410191144     
         617  -2625.6003893564935     
         618  -2643.2050215206191     
         619  -2635.3227869158404     
         620  -2583.4950377235200     
         621  -2626.4679642453402     
         622  -2620.8387464710731     
         623  -2642.4279974153592     
         624  -2642.7832559405683     
         625  -2682.3560207209766     
         626  -2656.7788264544902     
         627  -2686.5938945649359     
         628  -2601.8384856468833     
         629  -2556.4586585444849     
         630  -2625.0681145045583     
         631  -2634.4002703044316     
         632  -2596.9493033861618     
         633  -2640.9053797431875     
         634  -2616.4625113957100     
         635  -2625.4159498714835     
         636  -2620.3716762197464     
         637  -2655.3384386761190     
         638  -2620.0439989291544     
         639  -2640.4184291129632     
         640  -2597.2709467588811     
         641  -2620.9177701671433     
         642  -2563.8972809566117     
         643  -2555.7710304213670     
         644  -2622.2808851893710     
         645  -2603.3740660576082     
         646  -2622.4116403431003     
         647  -2641.2602359904499     
         648  -2581.7728465421847     
         649  -2591.1355240866774     
         650  -2596.0954082836915     
         651  -2657.3783379121037     
         652  -2648.6400255363997     
         653  -2670.5549101037759     
         654  -2688.4531113482549     
         655  -2657.6171127668581     
         656  -2605.2683798571711     
         657  -2618.5160303957323     
         658  -2625.6755921136610     
         659  -2615.1859275071442     
         660  -2627.1745945729958     
         661  -2674.5678871553787     
         662  -2682.7351221394370     
         663  -2613.6429749895037     
         664  -2639.9444682429189     
         665  -2673.3642294032097     
         666  -2616.3466624777166     
         667  -2583.3055068748208     
         668  -2585.6385318485472     
         669  -2628.0570681756094     
         670  -2574.1713011910906     
         671  -2551.1901696884415     
         672  -2591.7785840463266     
         673  -2624.2134801622815     
         674  -2673.7253997658231     
         675  -2626.2732976217821     
         676  -2596.9279157388669     
         677  -2601.4244293313277     
         678  -2679.3677561968620     
         679  -2605.1718563774721     
         680  -2588.9032896824729     
         681  -2599.1133895902622     
         682  -2642.9321102395729     
         683  -2663.5844613432637     
         684  -2625.7473916503195     
         685  -2644.9366206595441     
         686  -2630.1848383431052     
         687  -2645.6904827620401     
         688  -2648.9204891688437     
         689  -2599.0502193658381     
         690  -2601.3202362493439     
         691  -2603.9036323591163     
         692  -2619.5793856175251     
         693  -2593.1588558410176     
         694  -2599.9876164938951     
         695  -2533.4595974848917     
         696  -2569.9549239300186     
         697  -2602.4745928264515     
         698  -2606.5077051212397     
         699  -2635.2755416407076     
         700  -2621.7709956698968     
         701  -2591.2402388059950     
         702  -2589.7033555964763     
         703  -2590.3676061042647     
         704  -2610.1145717975251     
         705  -2593.4130471716649     
         706  -2654.5664086376619     
         707  -2681.9667525654540     
         708  -2610.8334647169104     
         709  -2613.2543303316033     
         710  -2615.3320336342058     
         711  -2565.0254248306269     
         712  -2528.8703721246848     
         713  -2635.9587161837671     
         714  -2636.2068188831759     
         715  -2657.7649774035949     
         716  -2618.0778274077966     
         717  -2638.2722699802480     
         718  -2653.1872054157147     
         719  -2579.9530268039566     
         720  -2672.2060925755900     
         721  -2637.5200305790818     
         722  -2661.2497468493161     
         723  -2658.4873652579417     
         724  -2633.3353089103575     
         725  -2677.6073212967444     
         726  -2591.4827814077889     
         727  -2636.5728724189394     
         728  -2652.0204092828008     
         729  -2624.3175812012842     
         730  -2606.2928617528928     
         731  -2651.2237190918941     
         732  -2650.6747016478835     
         733  -2626.8339615228756     
         734  -2612.0182459346333     
         735  -2581.7290124129536     
         736  -2600.2208496570524     
         737  -2645.5220131191395     
         738  -2593.2553307317144     
         739  -2576.4545997537539     
         740  -2599.1627795401364     
         741  -2622.7249933104254     
         742  -2634.6184836108991     
         743  -2611.9173166880878     
         744  -2621.2999358599195     
         745  -2609.9363925324169     
         746  -2618.6813557633513     
         747  -2622.7386098409997     
         748  -2668.0551082486477     
         749  -2698.4616634641279     
         750  -2661.7660033353086     
         751  -2679.5310122490241     
         752  -2658.6495777802947     
         753  -2666.8014911191849     
         754  -2631.3711822762689     
         755  -2597.4071676886997     
         756  -2650.5479381461646     
         757  -2664.8101602713014     
         758  -2621.4468606603537     
         759  -2639.2750718420680     
         760  -2601.6991712290874     
         761  -2653.3435310903983     
         762  -2548.1415540673001     
         763  -2632.6134594151426     
         764  -2639.1030420351653     
         765  -2581.8656158030503     
         766  -2567.2132369635906     
         767  -2543.0824573159493     
         768  -2552.9969884467778     
         769  -2562.9763618800985     
         770  -2644.5657677401591     
         771  -2663.8046280341837     
         772  -2684.9634434622922     
         773  -2622.4207411135112     
         774  -2635.9884258824954     
         775  -2634.4925211854170     
         776  -2651.0429101830232     
         777  -2653.4140032874593     
         778  -2570.5793488321556     
         779  -2575.8481611558018     
         780  -2611.5552959841320     
         781  -2632.7352676105456     
         782  -2637.8748699797625     
         783  -2606.8095857608291     
         784  -2589.2794444067122     
         785  -2624.6969649865832     
         786  -2631.1160863771911     
         787  -2643.8567482263147     
         788  -2658.5553152546627     
         789  -2622.8546298142151     
         790  -2590.2122507874424     
         791  -2633.7496036012699     
         792  -2575.9470651828919     
         793  -2583.4033380119563     
         794  -2638.8412973679219     
         795  -2677.9086105358542     
         796  -2664.6533386361289     
         797  -2648.1473802177293     
         798  -2637.0652250137582     
         799  -2630.4758749217463     
         800  -2552.3979542629149     
         801  -2617.5701722582871     
         802  -2622.5378499035824     
         803  -2607.0326732868407     
         804  -2628.8531036893146     
         805  -2617.6164750552184     
         806  -2614.9018646191835     
         807  -2631.8861126716615     
         808  -2591.4921648072532     
         809  -2632.8841117385196     
         810  -2597.0992215521787     
         811  -2589.3762607707849     
         812  -2546.7978681967902     
         813  -2641.8727741597795     
         814  -2638.1266815501153     
         815  -2600.8445902627368     
         816  -2651.2774609482931     
         817  -2625.6311329641644     
         818  -2645.3302205553932     
         819  -2625.5337335922145     
         820  -2643.6629317740631     
         821  -2615.6429896856785     
         822  -2657.1375043245976     
         823  -2604.7291539619991     
         824  -2626.8047497352632     
         825  -2638.6733674694406     
         826  -2651.6328221539661     
         827  -2661.2575590139877     
         828  -2596.1294619030941     
         829  -2588.5219697426983     
         830  -2632.2639806702605     
         831  -2619.8598351139817     
         832  -2610.5139674797242     
         833  -2635.8290939788408     
         834  -2615.7566968619053     
         835  -2627.7588631462418     
         836  -2671.6029967164013     
         837  -2681.0265777406189     
         838  -2638.5015223193359     
         839  -2648.1729025896038     
         840  -2596.6210509911202     
         841  -2610.8493151778471     
         842  -2609.9371355688149     
         843  -2635.5614935785557     
         844  -2641.4209767106813     
         845  -2639.2550954876292     
         846  -2641.5513032837980     
         847  -2604.8404252813798     
         848  -2588.8936100816618     
         849  -2491.8819122381196     
         850  -2469.7377563012478     
         851  -2649.9626682346293     
         852  -2573.5081988394472     
         853  -2599.2987398094820     
         854  -2508.6438812134638     
         855  -2533.2852460750423     
         856  -2538.1959359937650     
         857  -2493.1505312153299     
         858  -2562.2919235748363     
         859  -2543.7487975303352     
         860  -2536.0119738636549     
         861  -2533.4870852913837     
         862  -2465.3095874496407     
         863  -2485.1189919151843     
         864  -2550.2590603021554     
         865  -2571.9642940952644     
         866  -2487.9089273866298     
         867  -2541.1137556208600     
         868  -2554.0898245839935     
         869  -2540.5093674227605     
         870  -2531.6848492051131     
         871  -2544.9760994491248     
         872  -2595.1864755517890     
         873  -2599.7161991883709     
         874  -2571.2695239676937     
         875  -2536.2984810210364     
         876  -2528.9829907172107     
         877  -2644.9970972397073     
         878  -2605.5769189577823     
         879  -2495.7088497727013     
         880  -2480.0087035816391     
         881  -2498.9567339674077     
         882  -2534.1592218865521     
         883  -2582.6319420341274     
         884  -2625.4131431439423     
         885  -2488.8182264066140     
         886  -2587.5331309931998     
         887  -2564.8718363416251     
         888  -2549.3562254540498     
         889  -2475.8821825837454     
         890  -2584.4511653410223     
         891  -2568.8571378231318     
         892  -2579.8732053470071     
         893  -2625.8510090829836     
         894  -2603.9263750967229     
         895  -2580.3908592908629     
         896  -2590.2899615220567     
         897  -2616.5817027463577     
         898  -2547.1355454957602     
         899  -2531.5840056597799     
         900  -2562.0314626227910     
         901  -2616.1528089477633     
         902  -2600.6839955673768     
         903  -2607.3221421389749     
         904  -2592.5477752673378     
         905  -2570.6831132602788     
         906  -2564.2794513731847     
         907  -2597.4153952931019     
         908  -2553.2284545227894     
         909  -2630.3915433521270     
         910  -2661.2369164305874     
         911  -2620.6569633460708     
         912  -2636.9256823192072     
         913  -2594.2032064087134     
         914  -2589.5433367582286     
         915  -2566.0031559679733     
         916  -2573.3312623208640     
         917  -2571.9897863842193     
         918  -2597.8373396283014     
         919  -2608.8117225660935     
         920  -2597.7885240694782     
         921  -2662.0053664511943     
         922  -2647.4417528809545     
         923  -2646.4671784806364     
         924  -2589.2209830200031     
         925  -2604.1588146975341     
         926  -2600.3304034551543     
         927  -2619.6596660257023     
         928  -2587.3575138750061     
         929  -2561.3346513339384     
         930  -2539.8736972829620     
         931  -2531.8132152068888     
         932  -2586.9102677608635     
         933  -2514.7717026442247     
         934  -2582.0668132320034     
         935  -2603.5266406951741     
         936  -2681.6863394676202     
         937  -2576.2912286752407     
         938  -2589.9046048190085     
         939  -2580.2715974340040     
         940  -2575.7627006582247     
         941  -2552.2310797021019     
         942  -2532.9897087200661     
         943  -2552.4396043277666     
         944  -2604.1081262550051     
         945  -2612.3999223836586     
         946  -2584.4773808781479     
         947  -2603.0835629014850     
         948  -2524.8613851647920     
         949  -2535.9779742996361     
         950  -2531.3308596326037     
         951  -2543.5379888849743     
         952  -2541.9730205549422     
         953  -2597.4754277298503     
         954  -2572.1856684165177     
         955  -2626.1560732147668     
         956  -2627.6611628457072     
         957  -2583.1197513989741     
         958  -2548.1158374780616     
         959  -2572.9871244391311     
         960  -2598.3074934093620     
         961  -2579.4075259003998     
         962  -2603.2498849590856     
         963  -2546.1642378889314     
         964  -2572.9427096942413     
         965  -2540.8198490813147     
         966  -2585.5279261227424     
         967  -2620.2684595879768     
         968  -2605.4599026852225     
         969  -2570.6896240134115     
         970  -2562.2492574412613     
         971  -2577.7561730049956     
         972  -2537.0807788074785     
         973  -2527.8625123198217     
         974  -2535.6118870555388     
         975  -2569.2409580888911     
         976  -2580.7963679397085     
         977  -2596.7594313228587     
         978  -2621.4478766856273     
         979  -2562.4578230185757     
         980  -2587.0635161433784     
         981  -2588.8441279969024     
         982  -2602.2870784627780     
         983  -2623.8692387384649     
         984  -2626.1589731041604     
         985  -2600.0990314852534     
         986  -2564.4100991421369     
         987  -2622.3180813783601     
         988  -2618.6460809402424     
         989  -2579.1081603282078     
         990  -2620.1152929787854     
         991  -2603.2050737639888     
         992  -2620.4277671902441     
         993  -2537.3406408137289     
         994  -2569.0266047132827     
         995  -2547.5370127368365     
         996  -2512.5178881714633     
         997  -2495.9900256157057     
         998  -2647.3601823080808     
         999  -2583.5308750793652     
        1000  -2552.5645898885718     
        1001  -2527.8286736748973     
        1002  -2566.1403583335732     
        1003  -2563.3862942587125     
        1004  -2525.5226646291726     
        1005  -2434.0900464585934     
        1006  -2490.9548141061446     
        1007  -2553.4605825285498     
        1008  -2550.2787219187967     
        1009  -2572.2198398420855     
        1010  -2540.9806770406581     
        1011  -2542.7637916557806     
        1012  -2551.9639007859373     
        1013  -2544.9174608134072     
        1014  -2572.0577234988859     
        1015  -2584.0839548370668     
        1016  -2565.5803588428234     
        1017  -2574.9244237366329     
        1018  -2597.0605249727569     
        1019  -2580.0494106467900     
        1020  -2551.2593705270974     
        1021  -2576.9637618725719     
        1022  -2570.5356240513183     
        1023  -2589.2108502587275     
        1024  -2547.0492171003370     
        1025  -2586.0786523186762     
        1026  -2513.2357579941431     
        1027  -2555.1715260374422     
        1028  -2512.2070185546099     
        1029  -2509.2349096647968     
        1030  -2550.6978546376790     
        1031  -2534.7446063693387     
        1032  -2572.8505714734092     
        1033  -2590.3475928293428     
        1034  -2578.7092318356908     
        1035  -2581.3007097568293     
        1036  -2621.5917782620040     
        1037  -2557.2582861499386     
        1038  -2590.5903324799528     
        1039  -2554.5893402994293     
        1040  -2566.0067981811635     
        1041  -2558.2302175900727     
        1042  -2589.0940031957120     
        1043  -2638.2606935175613     
        1044  -2629.5626218130360     
        1045  -2618.5298605599019     
        1046  -2485.4541821901907     
        1047  -2526.3914575386416     
        1048  -2575.9096907704638     
        1049  -2579.6064575752912     
        1050  -2609.1115851304030     
        1051  -2540.6315717314578     
        1052  -2565.0620769318912     
        1053  -2535.7088347563235     
        1054  -2546.6223773189554     
        1055  -2529.1409902558612     
        1056  -2553.8066745578076     
        1057  -2604.0682987875039     
        1058  -2639.0960395534125     
        1059  -2622.5663987903954     
        1060  -2563.0265512285287     
        1061  -2515.7618875431044     
        1062  -2619.2548678475587     
        1063  -2565.9918598557342     
        1064  -2496.2495259000648     
        1065  -2515.7662218492960     
        1066  -2512.2557726575906     
        1067  -2544.3395547479645     
        1068  -2484.0277099940713     
        1069  -2480.0313989241081     
        1070  -2480.9185387248326     
        1071  -2590.6825854077201     
        1072  -2637.5401551519394     
        1073  -2608.2599388949243     
        1074  -2605.6659755538658     
        1075  -2595.1316275505214     
        1076  -2577.9967860223060     
        1077  -2523.1736272233734     
        1078  -2539.3269007943854     
        1079  -2565.5160445617880     
        1080  -2598.6213453398145     
        1081  -2569.3784949911683     
        1082  -2567.0158997757608     
        1083  -2463.2784464577358     
        1084  -2480.3845627660430     
        1085  -2584.6616620134973     
        1086  -2538.6086976938773     
        1087  -2520.6209277983817     
        1088  -2534.1669041318946     
        1089  -2514.5629392268670     
        1090  -2547.8793645079045     
        1091  -2583.9705172817185     
        1092  -2578.7123333503964     
        1093  -2531.3018805098395     
        1094  -2562.3196108714124     
        1095  -2571.6505463780600     
        1096  -2557.3011412736100     
        1097  -2627.3539317097598     
        1098  -2651.2967728795502     
        1099  -2566.3165233206573     
        1100  -2600.4170087665616     
        1101  -2581.7299273229842     
        1102  -2564.7623359397285     
        1103  -2564.6482573123699     
        1104  -2546.5132385406100     
        1105  -2548.2899104599946     
        1106  -2508.7807176360488     
        1107  -2561.5056946884324     
        1108  -2509.8204906970582     
        1109  -2533.8919219313493     
        1110  -2558.7328479670032     
        1111  -2567.3037439547047     
        1112  -2570.8508011169770     
        1113  -2560.1167089454739     
        1114  -2563.5362228143672     
        1115  -2554.0094401185020     
        1116  -2578.0885530863352     
        1117  -2574.8893920728469     
        1118  -2567.1713500216874     
        1119  -2619.7598025726802     
        1120  -2589.5693578606392     
        1121  -2572.5657659075255     
        1122  -2632.7674430889615     
        1123  -2601.5656541233634     
        1124  -2645.3082333717998     
        1125  -2593.3315613475734     
        1126  -2566.6653950058280     
        1127  -2526.7672646237293     
        1128  -2509.9804150258128     
        1129  -2575.5224487270216     
        1130  -2612.8323701049803     
        1131  -2575.1319227573713     
        1132  -2621.7980645117086     
        1133  -2588.4242818381899     
        1134  -2551.1394689971976     
        1135  -2547.0622019257944     
        1136  -2631.6729881173655     
        1137  -2579.8454992947763     
        1138  -2561.9733984703767     
        1139  -2576.3273839427084     
        1140  -2580.2804622356507     
        1141  -2550.3209841825924     
        1142  -2529.0878875821641     
        1143  -2558.8985217338172     
        1144  -2592.6351459525704     
        1145  -2586.8285877245307     
        1146  -2565.1821587451172     
        1147  -2562.5881164306297     
        1148  -2562.0202872212953     
        1149  -2485.4728185964418     
        1150  -2553.4011044999024     
        1151  -2484.3683978663271     
        1152  -2464.5482269034219     
        1153  -2489.6519274249608     
        1154  -2465.3853696353699     
        1155  -2528.4182984393783     
        1156  -2515.8249897047440     
        1157  -2562.4536947790198     
        1158  -2578.0202305781186     
        1159  -2540.1930555168533     
        1160  -2565.1005536700518     
        1161  -2564.0791082167643     
        1162  -2547.4205107703374     
        1163  -2632.7938392035117     
        1164  -2561.6889401259614     
        1165  -2545.6075529280133     
        1166  -2622.8204403734353     
        1167  -2570.5001718318304     
        1168  -2570.5947521951316     
        1169  -2592.4560540347111     
        1170  -2566.4897784689610     
        1171  -2599.4515030732441     
        1172  -2494.8927294266200     
        1173  -2526.8921795309998     
        1174  -2511.7898267356827     
        1175  -2609.8144922775141     
        1176  -2541.3323955432684     
        1177  -2527.8374409743137     
        1178  -2520.7793920951749     
        1179  -2529.3087381246428     
        1180  -2534.7661066478868     
        1181  -2619.9499165310076     
        1182  -2568.4445567261218     
        1183  -2589.3314580581027     
        1184  -2533.7494391374053     
        1185  -2617.1658168460199     
        1186  -2599.2197765944074     
        1187  -2585.2038740406388     
        1188  -2534.1443486077851     
        1189  -2524.6587990452081     
        1190  -2577.0432603751110     
        1191  -2577.5061814716355     
        1192  -2620.0351525305787     
        1193  -2587.2540715264340     
        1194  -2583.6920289941472     
        1195  -2594.9352934352487     
        1196  -2519.5996912932342     
        1197  -2545.0335947280441     
        1198  -2548.6305039347758     
        1199  -2587.3228834449828     
        1200  -2606.8167876375469     
        1201  -2624.2565242941041     
        1202  -2617.9885811425706     
        1203  -2608.0619040298589     
        1204  -2633.8839522084313     
        1205  -2569.0452755724459     
        1206  -2564.9801652186284     
        1207  -2556.8091171669962     
        1208  -2544.9296928172512     
        1209  -2591.1348335852563     
        1210  -2597.5311772575778     
        1211  -2602.1932884496009     
        1212  -2618.7442378824953     
        1213  -2551.7429633152483     
        1214  -2582.9896273078443     
        1215  -2605.7586782727476     
        1216  -2622.6043520789540     
        1217  -2561.3425467291358     
        1218  -2579.3637113309755     
        1219  -2552.1684588404410     
        1220  -2577.8250593875296     
        1221  -2568.7600444193349     
        1222  -2592.9004233534865     
        1223  -2632.0049059630232     
        1224  -2610.3270459601545     
        1225  -2649.2991169734569     
        1226  -2604.3333901035635     
        1227  -2581.8254772851537     
        1228  -2588.9690022325372     
        1229  -2664.8156339060506     
        1230  -2619.8308753065990     
        1231  -2601.1973222577353     
        1232  -2584.5183654737857     
        1233  -2552.4405122849912     
        1234  -2556.1993275824034     
        1235  -2524.8830618147144     
        1236  -2583.0271580598346     
        1237  -2566.8961573688102     
        1238  -2532.4445153387946     
        1239  -2592.2024359245852     
        1240  -2603.3874622805506     
        1241  -2545.8248914323567     
        1242  -2534.6671939395142     
        1243  -2520.2904376172251     
        1244  -2486.8074035720906     
        1245  -2482.8510259188770     
        1246  -2491.5290719350037     
        1247  -2548.0708503341721     
        1248  -2527.3875401534656     
        1249  -2551.5666390619663     
        1250  -2532.4458131166407     
        1251  -2572.4978153007769     
        1252  -2636.1362954185042     
        1253  -2609.4875679325100     
        1254  -2619.5091355825193     
        1255  -2656.2860556385626     
        1256  -2627.4669224291711     
        1257  -2645.2472781686365     
        1258  -2551.1401685618825     
        1259  -2516.2230921092123     
        1260  -2605.3340044556458     
        1261  -2597.5843760407893     
        1262  -2553.5431806424403     
        1263  -2571.1586866857747     
        1264  -2646.9891466029776     
        1265  -2555.2999664789504     
        1266  -2563.7423442138688     
        1267  -2556.7349982002688     
        1268  -2608.2170581132259     
        1269  -2557.0379303860568     
        1270  -2566.6785746373666     
        1271  -2593.3065404680106     
        1272  -2618.3340730767136     
        1273  -2584.6633076405719     
        1274  -2603.8415179622466     
        1275  -2637.9298729422753     
        1276  -2615.6842434785290     
        1277  -2559.5241397596883     
        1278  -2561.4942037411588     
        1279  -2612.3427441083450     
        1280  -2603.1650440546809     
        1281  -2643.4130122212350     
        1282  -2596.9980584708669     
        1283  -2606.3531199815893     
        1284  -2539.4581633263429     
        1285  -2593.6728459257192     
        1286  -2612.5188170986225     
        1287  -2512.5742060410694     
        1288  -2576.0111780072398     
        1289  -2593.1214535736635     
        1290  -2494.0592465887325     
        1291  -2470.4886077111801     
        1292  -2552.2452477853003     
        1293  -2538.0053506994045     
        1294  -2561.7506566854308     
        1295  -2553.8194994223863     
        1296  -2560.9705965288913     
        1297  -2562.0498011251425     
        1298  -2547.8557818280824     
        1299  -2570.3671052710106     
        1300  -2525.5992520961013     
        1301  -2504.1082265235154     
        1302  -2527.2154182512613     
        1303  -2600.6136140936928     
        1304  -2586.4889839355183     
        1305  -2564.6843107121294     
        1306  -2566.0811738585967     
        1307  -2558.8236422189129     
        1308  -2619.4982277997101     
        1309  -2591.3757986180221     
        1310  -2551.8437662474762     
        1311  -2601.3537906850229     
        1312  -2557.9602033990109     
        1313  -2583.6179234557362     
        1314  -2586.8597482688251     
        1315  -2652.3344314384653     
        1316  -2528.1417233150141     
        1317  -2537.3908664122423     
        1318  -2605.6696311528053     
        1319  -2525.9063656458538     
        1320  -2534.0331689332979     
        1321  -2559.4465412170221     
        1322  -2586.6172900186898     
        1323  -2590.4258437904068     
        1324  -2576.7606462563031     
        1325  -2567.9636629545357     
        1326  -2561.4018075224471     
        1327  -2540.8850575585984     
        1328  -2534.5330121554803     
        1329  -2608.4187853662002     
        1330  -2597.6103948433893     
        1331  -2624.1121897350959     
        1332  -2612.0148373561606     
        1333  -2612.6383858191884     
        1334  -2572.9292860497831     
        1335  -2607.2462072362941     
        1336  -2574.3448621727862     
        1337  -2595.4622655683143     
        1338  -2583.8605857624966     
        1339  -2590.1443376534703     
        1340  -2614.0841843797530     
        1341  -2671.4894522440090     
        1342  -2607.8268590997418     
        1343  -2588.2500641317342     
        1344  -2544.6222763459123     
        1345  -2543.7713774183690     
        1346  -2630.8538335877597     
        1347  -2615.4898524205191     
        1348  -2650.5881616595593     
        1349  -2635.8273170935363     
        1350  -2563.2123760225700     
        1351  -2486.0356311015607     
        1352  -2512.8709023842976     
        1353  -2523.8750387113782     
        1354  -2622.8564498843671     
        1355  -2573.1015785491991     
        1356  -2552.6538957086145     
        1357  -2606.8103129061428     
        1358  -2642.1444763494483     
        1359  -2627.6761009752731     
        1360  -2592.8284871702349     
        1361  -2648.0315558280859     
        1362  -2535.7350438476014     
        1363  -2589.7318696393377     
        1364  -2577.8090564276545     
        1365  -2652.8228242915739     
        1366  -2612.7681856456602     
        1367  -2585.4867972029797     
        1368  -2552.1155060006358     
        1369  -2548.4402605690598     
        1370  -2573.8972870134121     
        1371  -2576.0647224149889     
        1372  -2602.5866677812323     
        1373  -2611.0307085457985     
        1374  -2583.1035064656426     
        1375  -2613.1052051375427     
        1376  -2614.6941643774448     
        1377  -2569.0942344207042     
        1378  -2609.1965430427190     
        1379  -2629.4147988495311     
        1380  -2548.2121403712476     
        1381  -2559.1530485259027     
        1382  -2530.4493544115489     
        1383  -2539.2073861983549     
        1384  -2610.4673513109192     
        1385  -2597.6530545827773     
        1386  -2583.7483822399058     
        1387  -2569.0719662565807     
        1388  -2524.4664857169714     
        1389  -2534.8053609022281     
        1390  -2551.3377708380576     
        1391  -2548.3681416285222     
        1392  -2523.3889241529105     
        1393  -2568.9137343608031     
        1394  -2549.8359169399178     
        1395  -2535.0377618782468     
        1396  -2545.9602342722264     
        1397  -2531.1485531689350     
        1398  -2584.3962606892187     
        1399  -2568.1087256883120     
        1400  -2550.7048377619276     
        1401  -2624.1255941341924     
        1402  -2636.6415756221936     
        1403  -2614.4803335842175     
        1404  -2597.3241807740819     
        1405  -2572.7931093993197     
        1406  -2575.4545347077928     
        1407  -2654.3429657825814     
        1408  -2620.8734874695151     
        1409  -2646.8678855674098     
        1410  -2634.2607406824386     
        1411  -2631.2191038842175     
        1412  -2671.2927475449405     
        1413  -2688.7576656135229     
        1414  -2639.4857575219612     
        1415  -2632.4222354733001     
        1416  -2652.5461984320104     
        1417  -2581.5861199905567     
        1418  -2575.2465123048246     
        1419  -2596.8523905691195     
        1420  -2615.7524756749367     
        1421  -2593.1241875501360     
        1422  -2657.1996314906614     
        1423  -2602.3126642239172     
        1424  -2626.3587757568844     
        1425  -2612.2034968990888     
        1426  -2598.4771793601717     
        1427  -2605.7317608148687     
        1428  -2629.5611931231242     
        1429  -2665.8819215227095     
        1430  -2653.8637933189007     
        1431  -2653.7196625936381     
        1432  -2638.9925776685618     
        1433  -2606.9239743787816     
        1434  -2661.8213656931075     
        1435  -2651.9003599770153     
        1436  -2668.6072486513935     
        1437  -2642.5977683785636     
        1438  -2667.6501043761587     
        1439  -2593.7588718895081     
        1440  -2685.8333802326383     
        1441  -2643.1824922093715     
        1442  -2646.8349063281776     
        1443  -2637.7185903303243     
        1444  -2641.5659877464686     
        1445  -2672.5233504570438     
        1446  -2629.7357659113509     
        1447  -2652.3055921653040     
        1448  -2648.9487217929836     
        1449  -2576.2252655241273     
        1450  -2602.2861402232052     
        1451  -2675.5243886742969     
        1452  -2677.7220790250481     
        1453  -2649.0251175226258     
        1454  -2634.0623826557494     
        1455  -2626.5868465171525     
        1456  -2590.5648509552179     
        1457  -2607.5251405025956     
        1458  -2649.5607431268991     
        1459  -2658.3946588269323     
        1460  -2643.7056121965552     
        1461  -2609.1324988285919     
        1462  -2660.8420636649394     
        1463  -2671.7877136217612     
        1464  -2688.0962307598334     
        1465  -2645.3757608892311     
        1466  -2609.1712241718515     
        1467  -2612.2903903879014     
        1468  -2612.3849256235071     
        1469  -2657.9175514387816     
        1470  -2631.0249913877847     
        1471  -2639.1387575437820     
        1472  -2615.6751413104012     
        1473  -2602.0665843779393     
        1474  -2581.5397946036651     
        1475  -2633.5228657460520     
        1476  -2575.5746203822964     
        1477  -2651.8694632925844     
        1478  -2625.5075910989394     
        1479  -2541.9840432613796     
        1480  -2620.1454545238507     
        1481  -2564.9750905380852     
        1482  -2608.6819174200846     
        1483  -2578.8147225900398     
        1484  -2609.7987078949436     
        1485  -2654.7449177146450     
        1486  -2630.8902216672991     
        1487  -2584.2326136570828     
        1488  -2582.9357438780685     
        1489  -2552.2868225100033     
        1490  -2570.2217954086723     
        1491  -2528.5486694152878     
        1492  -2596.0530620287323     
        1493  -2596.5479146502644     
        1494  -2579.5029469178721     
        1495  -2596.6854545678229     
        1496  -2604.8894994807415     
        1497  -2561.6400692311131     
        1498  -2645.6362633577628     
        1499  -2662.5675652556779     
        1500  -2664.7509634999601     
        1501  -2689.1511407299586     
        1502  -2686.3408853946198     
        1503  -2671.4469737585982     
        1504  -2650.6556907492250     
        1505  -2682.0268473715660     
        1506  -2669.7995058651213     
        1507  -2623.9287959918643     
        1508  -2599.4041995583771     
        1509  -2638.4639083617658     
        1510  -2516.6815019978972     
        1511  -2597.6143840614645     
        1512  -2595.4377653702982     
        1513  -2619.1641190022233     
        1514  -2577.3779698058820     
        1515  -2593.3172548134471     
        1516  -2578.9520156575873     
        1517  -2633.2296545521563     
        1518  -2631.2993486847436     
        1519  -2624.7710857610477     
        1520  -2561.5988126755569     
        1521  -2598.1830771616628     
        1522  -2605.1304251939850     
        1523  -2613.2360216460838     
        1524  -2607.8069475410002     
        1525  -2636.9387307534198     
        1526  -2688.3602774490441     
        1527  -2723.9049565785599     
        1528  -2654.9831098289160     
        1529  -2621.6305184722996     
        1530  -2622.9821096805358     
        1531  -2611.3225881266221     
        1532  -2648.5803900113706     
        1533  -2662.8025042111849     
        1534  -2671.2116847092129     
        1535  -2614.4040916163794     
        1536  -2590.8390385850080     
        1537  -2577.9010883292799     
        1538  -2612.2760089278177     
        1539  -2622.2561509596994     
        1540  -2612.5000706410542     
        1541  -2633.6298562699526     
        1542  -2626.2995343870957     
        1543  -2637.4757110539758     
        1544  -2625.3276006549208     
        1545  -2586.2483295306047     
        1546  -2569.0650731572300     
        1547  -2581.4702128565305     
        1548  -2536.0150439597910     
        1549  -2551.6407382014881     
        1550  -2611.4809528238579     
        1551  -2548.0807258583886     
        1552  -2547.3823050798887     
        1553  -2570.7712166735841     
        1554  -2552.9276645303457     
        1555  -2531.6450111197332     
        1556  -2543.8017285471292     
        1557  -2491.5767527967614     
        1558  -2451.3927137118562     
        1559  -2518.5097347662795     
        1560  -2509.0459793441141     
        1561  -2566.4133119813614     
        1562  -2633.3238086261208     
        1563  -2634.9441188422229     
        1564  -2657.5546776947403     
        1565  -2598.2603773839833     
        1566  -2495.9694627684389     
        1567  -2538.3199776983984     
        1568  -2521.0794703599722     
        1569  -2551.6865700456174     
        1570  -2611.9120536998021     
        1571  -2624.7263803621240     
        1572  -2613.5840842165244     
        1573  -2606.7699937846578     
        1574  -2650.8838705599233     
        1575  -2672.9425818902573     
        1576  -2618.8777459203561     
        1577  -2591.1560860341356     
        1578  -2641.9712449377816     
        1579  -2551.9620174084744     
        1580  -2570.5806322266862     
        1581  -2591.6359487360528     
        1582  -2610.6589016989219     
        1583  -2646.1095105423051     
        1584  -2645.8831193028200     
        1585  -2650.4139849733770     
        1586  -2654.9948316046703     
        1587  -2596.6389426803071     
        1588  -2634.0211976288356     
        1589  -2678.9762113710185     
        1590  -2652.9278351488024     
        1591  -2574.3358932022270     
        1592  -2591.3561824019944     
        1593  -2592.0651630138477     
        1594  -2586.8703964053348     
        1595  -2601.4613273356867     
        1596  -2608.7957075438649     
        1597  -2604.7725664540640     
        1598  -2626.9772410083292     
        1599  -2628.7286101599102     
        1600  -2637.5597383967920     
        1601  -2612.7351347704339     
        1602  -2556.4346759540167     
        1603  -2589.9025746249199     
        1604  -2624.6090221716436     
        1605  -2600.4554035916099     
        1606  -2565.6151384394902     
        1607  -2560.1605374802311     
        1608  -2606.2165398674106     
        1609  -2646.4151218718116     
        1610  -2680.8839805455818     
        1611  -2545.4520061888352     
        1612  -2577.4736692140555     
        1613  -2559.2289400552072     
        1614  -2592.5124806833433     
        1615  -2726.4245684458142     
        1616  -2726.1022941887586     
        1617  -2665.6144265756043     
        1618  -2649.7456933777776     
        1619  -2658.2850755773029     
        1620  -2559.5645159642349     
        1621  -2578.4481431154350     
        1622  -2583.8551554199148     
        1623  -2545.4342417791927     
        1624  -2547.8713708748296     
        1625  -2573.0448828024801     
        1626  -2598.7695707567891     
        1627  -2597.0450515830635     
        1628  -2597.3689016314215     
        1629  -2615.5962695411222     
        1630  -2595.6330739084351     
        1631  -2577.3521631072858     
        1632  -2615.0666071193114     
        1633  -2641.3623129353550     
        1634  -2567.2255367505832     
        1635  -2632.3859632019416     
        1636  -2565.5560832379579     
        1637  -2657.5494490666929     
        1638  -2634.3664986095127     
        1639  -2624.2783398129559     
        1640  -2541.7171879232164     
        1641  -2560.3980207815885     
        1642  -2636.5555523777803     
        1643  -2567.4593025410190     
        1644  -2559.4672069880921     
        1645  -2601.6782999432166     
        1646  -2591.8753032813147     
        1647  -2564.9810756860993     
        1648  -2589.8975770103380     
        1649  -2596.0242955271701     
        1650  -2575.0924279086394     
        1651  -2599.7475045709230     
        1652  -2578.0584368355730     
        1653  -2597.2812486112102     
        1654  -2644.3219032139691     
        1655  -2560.5072836620134     
        1656  -2563.4730916704848     
        1657  -2590.6984468763221     
        1658  -2507.4962353271753     
        1659  -2547.6433605879261     
        1660  -2584.7757062132800     
        1661  -2479.0277563814475     
        1662  -2558.9970946062172     
        1663  -2577.4561349568230     
        1664  -2563.0431083473277     
        1665  -2568.9634601936218     
        1666  -2599.0642705613468     
        1667  -2607.8572813343199     
        1668  -2604.7898451158244     
        1669  -2624.4613504663503     
        1670  -2579.0784552229911     
        1671  -2561.4540858215405     
        1672  -2618.4412743994944     
        1673  -2593.8480200233371     
        1674  -2631.0099703555902     
        1675  -2576.1260297369527     
        1676  -2587.4998952826295     
        1677  -2650.5142019341588     
        1678  -2640.8876968307536     
        1679  -2699.7014149240977     
        1680  -2634.5838889808101     
        1681  -2608.4275449753322     
        1682  -2584.5520030490684     
        1683  -2666.3348916747063     
        1684  -2609.8142735856700     
        1685  -2602.7095051950964     
        1686  -2670.2827198702576     
        1687  -2650.7300458976074     
        1688  -2673.5312155744468     
        1689  -2618.3944174913458     
        1690  -2627.6149247651606     
        1691  -2625.5671741808201     
        1692  -2668.7765484784322     
        1693  -2633.0705724053109     
        1694  -2602.8051760024750     
        1695  -2616.0983022429441     
        1696  -2634.9784182089993     
        1697  -2620.0766279797917     
        1698  -2592.6683132006551     
        1699  -2609.6548636204857     
        1700  -2562.5744690241481     
        1701  -2566.6303653231303     
        1702  -2546.2328927084081     
        1703  -2589.2570694869419     
        1704  -2673.4720386193039     
        1705  -2674.0013305779585     
        1706  -2616.2020586151084     
        1707  -2615.6809167225138     
        1708  -2689.4552577027011     
        1709  -2642.1893272190837     
        1710  -2638.3201733871738     
        1711  -2610.1741795897792     
        1712  -2566.7640300385856     
        1713  -2557.7943149436528     
        1714  -2591.4108585506310     
        1715  -2591.8685057934426     
        1716  -2624.1656824654151     
        1717  -2625.3562614528769     
        1718  -2639.8177623968177     
        1719  -2665.0623509839820     
        1720  -2637.8463555351332     
        1721  -2660.3087193308038     
        1722  -2664.0783309324643     
        1723  -2677.3608428759394     
        1724  -2695.7826004382996     
        1725  -2677.6455989749475     
        1726  -2581.4604469939004     
        1727  -2674.8816010513010     
        1728  -2625.0085865731685     
        1729  -2623.5723926597138     
        1730  -2582.7111909023874     
        1731  -2669.7306962269422     
        1732  -2616.0498996211436     
        1733  -2665.6016752717860     
        1734  -2587.7075028275299     
        1735  -2528.8473642558165     
        1736  -2539.8530007257214     
        1737  -2589.1423679146669     
        1738  -2576.9926546779675     
        1739  -2648.3003507512030     
        1740  -2638.7494470160536     
        1741  -2633.1437147714819     
        1742  -2593.0434293057228     
        1743  -2545.3581526698813     
        1744  -2614.3133643197002     
        1745  -2621.7541758462221     
        1746  -2559.9157432034381     
        1747  -2717.8230035838983     
        1748  -2700.3331536208193     
        1749  -2640.8979803016846     
        1750  -2614.7134630757500     
        1751  -2565.6416211560309     
        1752  -2547.4716223569053     
        1753  -2573.4059901186561     
        1754  -2595.2366628455020     
        1755  -2574.4373512292859     
        1756  -2596.5739512761347     
        1757  -2634.2825858128012     
        1758  -2641.6918382740487     
        1759  -2652.9267049832911     
        1760  -2629.3960435139647     
        1761  -2551.0498980805787     
        1762  -2603.1282348651243     
        1763  -2630.8607333013542     
        1764  -2591.9831921255764     
        1765  -2596.0479320913082     
        1766  -2581.9160199226899     
        1767  -2579.4237721306981     
        1768  -2589.1134776902595     
        1769  -2632.1272702932920     
        1770  -2613.6475838874439     
        1771  -2641.4804054483870     
        1772  -2661.8695456550849     
        1773  -2685.4410735143265     
        1774  -2608.4824655775515     
        1775  -2591.1380603548632     
        1776  -2545.2577521218418     
        1777  -2539.8605728708749     
        1778  -2558.3937456578810     
        1779  -2572.2923832108486     
        1780  -2581.7909704936042     
        1781  -2555.9935095687592     
        1782  -2598.6552503758990     
        1783  -2592.6954217691650     
        1784  -2625.1201452477985     
        1785  -2637.3145726587591     
        1786  -2603.1108606700632     
        1787  -2583.9063956990822     
        1788  -2548.3841215395128     
        1789  -2508.4662287923802     
        1790  -2528.7398347660642     
        1791  -2634.5835535350830     
        1792  -2644.9327863081548     
        1793  -2584.7426007951231     
        1794  -2551.7051088098342     
        1795  -2541.5490272641464     
        1796  -2617.9386911422462     
        1797  -2612.1595050747069     
        1798  -2584.9356573056889     
        1799  -2561.5962070870673     
        1800  -2574.3293914314741     
        1801  -2614.8878646500089     
        1802  -2596.9055470764483     
        1803  -2602.1874364014743     
        1804  -2630.4272491593283     
        1805  -2600.6026515136150     
        1806  -2570.5568223804157     
        1807  -2639.4538021285380     
        1808  -2612.0718616901854     
        1809  -2542.0194730915268     
        1810  -2571.8572944419757     
        1811  -2573.5283305928147     
        1812  -2592.8352738257850     
        1813  -2616.1158571799392     
        1814  -2689.8386070442366     
        1815  -2628.7312695637183     
        1816  -2661.8635882111198     
        1817  -2593.4233368022083     
        1818  -2623.4220497513361     
        1819  -2608.2010288031602     
        1820  -2584.8881416453828     
        1821  -2624.4580993897903     
        1822  -2597.2934264149230     
        1823  -2652.5409882118565     
        1824  -2600.1819787633945     
        1825  -2596.5048795616299     
        1826  -2536.0786977939833     
        1827  -2642.5104969401209     
        1828  -2655.3768069223188     
        1829  -2688.9029732211666     
        1830  -2640.8138237249127     
        1831  -2541.1492387348972     
        1832  -2595.3870910228229     
        1833  -2660.7688751491110     
        1834  -2628.7432823682916     
        1835  -2552.7724390694307     
        1836  -2603.2760853627901     
        1837  -2594.8633512965798     
        1838  -2510.2692797243835     
        1839  -2584.7264349738825     
        1840  -2599.8487270681539     
        1841  -2567.1228182832801     
        1842  -2590.3839504863272     
        1843  -2483.9343035726361     
        1844  -2506.5349500775001     
        1845  -2557.0199329330162     
        1846  -2586.0288804428574     
        1847  -2553.9169210391660     
        1848  -2600.6762795031282     
        1849  -2587.7368051201342     
        1850  -2632.3470476512748     
        1851  -2603.4374427428829     
        1852  -2588.9735708206008     
        1853  -2547.6109669462185     
        1854  -2570.4924200777373     
        1855  -2647.1368162789390     
        1856  -2651.4405934873325     
        1857  -2595.4176294179874     
        1858  -2608.4299193803236     
        1859  -2572.3071998980859     
        1860  -2574.5553987298335     
        1861  -2612.1827602687490     
        1862  -2581.3600218518400     
        1863  -2594.6701075324822     
        1864  -2633.9563326080988     
        1865  -2654.8661432786603     
        1866  -2597.5020819505276     
        1867  -2537.9036424815886     
        1868  -2626.6243803977013     
        1869  -2585.7356852270259     
        1870  -2654.9940362782872     
        1871  -2649.1004170027795     
        1872  -2643.4596980687347     
        1873  -2641.6217168116359     
        1874  -2596.9380818035406     
        1875  -2598.8814779476743     
        1876  -2612.3781164536549     
        1877  -2625.0688603203371     
        1878  -2580.6834005884343     
        1879  -2538.3238972653953     
        1880  -2581.0033468598585     
        1881  -2555.2546285043272     
        1882  -2631.9559437437520     
        1883  -2606.9839228783226     
        1884  -2561.8445204971758     
        1885  -2566.3841670196102     
        1886  -2620.3762947967143     
        1887  -2647.3329875085433     
        1888  -2596.0963913859568     
        1889  -2599.4098537775021     
        1890  -2591.8989648297670     
        1891  -2634.1997885270875     
        1892  -2626.3625662753025     
        1893  -2619.7131642569329     
        1894  -2631.7858678110429     
        1895  -2620.2040812476298     
        1896  -2613.2331877247657     
        1897  -2609.0433030378385     
        1898  -2629.5512714715919     
        1899  -2599.1189525910536     
        1900  -2620.6367217660809     
        1901  -2619.4804915772115     
        1902  -2597.8014396530734     
        1903  -2662.5040646077091     
        1904  -2618.6545035576069     
        1905  -2589.0343134500245     
        1906  -2612.7577257206053     
        1907  -2577.0548308872189     
        1908  -2649.3441501110733     
        1909  -2665.9576445240441     
        1910  -2625.1768287406589     
        1911  -2595.5481276936525     
        1912  -2605.0766888255444     
        1913  -2610.2048778801836     
        1914  -2623.6279416715447     
        1915  -2575.7594985292631     
        1916  -2617.5702209732794     
        1917  -2597.3320319232389     
        1918  -2599.3524181552739     
        1919  -2578.9100557128390     
        1920  -2575.5215713250986     
        1921  -2571.5389034164969     
        1922  -2502.8258019581508     
        1923  -2489.3889795602172     
        1924  -2498.5280864382084     
        1925  -2504.0323673168173     
        1926  -2510.2762165031932     
        1927  -2519.6662484344693     
        1928  -2509.8056698213609     
        1929  -2535.0561391981528     
        1930  -2580.5161316096483     
        1931  -2521.8286934889979     
        1932  -2559.4163874421101     
        1933  -2489.2941456356120     
        1934  -2574.8956425246051     
        1935  -2594.8092195999593     
        1936  -2619.0360042578841     
        1937  -2623.3350503877391     
        1938  -2574.5182961500232     
        1939  -2519.1660839970104     
        1940  -2577.0378790214345     
        1941  -2627.7606221341252     
        1942  -2594.1566685425209     
        1943  -2573.5206121518527     
        1944  -2629.4710541638974     
        1945  -2618.9631872492682     
        1946  -2609.6373694657391     
        1947  -2658.9351745441172     
        1948  -2620.2880870726240     
        1949  -2605.8826697308959     
        1950  -2597.8133109354740     
        1951  -2578.5086721700268     
        1952  -2524.5694867172879     
        1953  -2524.7930587113387     
        1954  -2503.1853751709286     
        1955  -2526.9385685062362     
        1956  -2557.1801189223443     
        1957  -2539.5022879484127     
        1958  -2549.1192577049360     
        1959  -2558.4526433892975     
        1960  -2575.7919077440797     
        1961  -2570.8902727004665     
        1962  -2505.1516297227299     
        1963  -2579.7532993117156     
        1964  -2630.3551799025449     
        1965  -2600.8289446275335     
        1966  -2544.4835610858058     
        1967  -2581.3906442439356     
        1968  -2551.8140854519888     
        1969  -2578.8582567366689     
        1970  -2627.8052543722765     
        1971  -2636.7528777050275     
        1972  -2626.3237371211335     
        1973  -2595.8056840839909     
        1974  -2619.8879746311250     
        1975  -2606.2861984519750     
        1976  -2593.4477232067484     
        1977  -2575.6607057881238     
        1978  -2603.1742206635918     
        1979  -2603.5153816375532     
        1980  -2556.2181333242829     
        1981  -2567.5142626713841     
        1982  -2605.2965329729186     
        1983  -2625.0170650959517     
        1984  -2599.3018370304858     
        1985  -2534.2610046279760     
        1986  -2550.8737413856529     
        1987  -2567.7023807023647     
        1988  -2595.7109951570728     
        1989  -2580.8231466319503     
        1990  -2573.1463548002816     
        1991  -2554.8167364709684     
        1992  -2552.6436603602824     
        1993  -2556.9171178997253     
        1994  -2530.6971313264467     
        1995  -2572.1280446449477     
        1996  -2556.3100531881660     
        1997  -2584.3653506329915     
        1998  -2488.5458711396977     
        1999  -2547.3803164819346     
        2000  -2541.6465657998224     
