 SAMPLE,  ENERGY
           1  -1998.7845412118158     
           2  -1962.8965247850019     
           3  -1978.8623711526618     
           4  -1975.2276155017471     
           5  -2005.1206088693550     
           6  -1991.0471661545564     
           7  -1981.8889083425711     
           8  -1969.7977582803335     
           9  -1940.1051619391178     
          10  -1966.0859433174639     
          11  -1981.0674133184452     
          12  -1992.3992229725948     
          13  -2007.8731024393223     
          14  -2032.4718527773286     
          15  -2031.6409600903519     
          16  -2002.5586252052535     
          17  -1972.2536839265572     
          18  -1945.1972999544378     
          19  -1955.3179878866767     
          20  -1956.0446623486400     
          21  -1964.1213856448819     
          22  -1968.2669344683229     
          23  -1951.5059312015669     
          24  -1960.0165110284545     
          25  -1977.8832047874703     
          26  -1986.2587826984404     
          27  -2001.4663070862671     
          28  -2010.6628797917829     
          29  -2012.5579160390653     
          30  -2018.3615351807364     
          31  -2010.7485264227216     
          32  -2000.9212432646245     
          33  -2021.8411432896410     
          34  -2006.4491628076175     
          35  -1987.4404333333416     
          36  -1975.9021045449822     
          37  -1947.3908249771873     
          38  -1967.8214011172258     
          39  -1947.4247841734052     
          40  -1937.6562052833094     
          41  -1935.4952935886561     
          42  -1947.7909482788370     
          43  -1904.8190918509883     
          44  -1968.7289408650290     
          45  -1930.4695905105209     
          46  -1941.5682476082309     
          47  -1949.8730060356406     
          48  -1957.9939676189015     
          49  -1939.7817953175509     
          50  -1957.7407668640581     
          51  -1980.3627744782548     
          52  -1958.7374369077750     
          53  -1969.4532227958528     
          54  -1942.5516995116761     
          55  -1953.6289539787556     
          56  -1957.4032940158672     
          57  -1983.3262027184139     
          58  -1951.8316076290141     
          59  -1965.9945378665466     
          60  -1977.8710558345745     
          61  -2001.0154850654021     
          62  -2017.9385519635932     
          63  -2012.5917990365967     
          64  -2008.4277619148434     
          65  -2029.5563899392253     
          66  -2058.6134311206529     
          67  -2053.4426451812033     
          68  -2052.8636660671054     
          69  -2038.1420149426428     
          70  -2044.8601030894563     
          71  -2040.3662637746202     
          72  -2041.5276581272799     
          73  -2047.3429111746643     
          74  -2065.6964784386478     
          75  -2087.8147259525449     
          76  -2091.0615824922702     
          77  -2054.9082960477449     
          78  -2074.7292115760174     
          79  -2031.8287300999327     
          80  -2004.3580929687816     
          81  -2013.8357522934282     
          82  -2016.4893938281880     
          83  -2013.2336938793185     
          84  -1991.1389737514260     
          85  -1958.8084028354049     
          86  -1994.5488374967665     
          87  -1992.1336453963938     
          88  -2001.6058598239476     
          89  -1974.6182384246258     
          90  -1979.5929654776576     
          91  -2020.0512693804278     
          92  -2031.1854721230789     
          93  -1996.7512890887756     
          94  -2017.0637747017408     
          95  -1986.7979831692953     
          96  -2001.3552763572986     
          97  -1995.8567121145538     
          98  -1967.1054932481079     
          99  -2011.0007369030004     
         100  -2009.0825683935652     
         101  -2060.8044817432856     
         102  -2068.1820818727242     
         103  -2090.7745826340224     
         104  -2053.1020168744226     
         105  -2054.0426090376332     
         106  -2050.4581329293023     
         107  -2079.0396323222462     
         108  -2078.6433502215150     
         109  -2096.4632868800918     
         110  -2096.3595000295045     
         111  -2080.2461476553744     
         112  -2096.2134253523659     
         113  -2120.7523741399227     
         114  -2103.2384021896728     
         115  -2086.6363674301901     
         116  -2115.7597891734172     
         117  -2074.5721705604401     
         118  -2050.4399659297037     
         119  -2088.0798705694679     
         120  -2061.5782224342770     
         121  -2071.2192520258800     
         122  -2104.4622861533098     
         123  -2063.7761353583992     
         124  -2049.3139906800725     
         125  -2034.6807310874019     
         126  -2014.0749899834595     
         127  -2046.3100975831064     
         128  -2025.1954279199012     
         129  -2090.1266250191038     
         130  -2073.4275784901556     
         131  -2079.4071744732178     
         132  -2061.4231125175966     
         133  -2065.0387522957249     
         134  -2071.0803091891808     
         135  -2053.3196439137914     
         136  -2059.5457049469715     
         137  -2028.8292949286845     
         138  -2037.1903750571003     
         139  -2043.6748333444500     
         140  -2063.3129611238919     
         141  -2081.3299544710048     
         142  -2078.2100568740580     
         143  -2051.2292309386416     
         144  -2085.5325667699831     
         145  -2078.5512327989095     
         146  -2083.2813197631822     
         147  -2049.5475814369356     
         148  -2050.0106868190260     
         149  -2053.9109397300253     
         150  -2016.5700294323779     
         151  -2069.3195909623041     
         152  -2033.3187354312879     
         153  -2024.2741212836863     
         154  -2049.8669496097878     
         155  -2068.0063325361707     
         156  -2091.7131837380521     
         157  -2089.2663873601041     
         158  -2101.6719622038299     
         159  -2087.6928065775760     
         160  -2060.9609657385686     
         161  -2060.2466801784626     
         162  -2069.2647118336577     
         163  -2056.5148602432027     
         164  -2068.2595094487524     
         165  -2039.0613320095410     
         166  -2057.7188108152550     
         167  -2071.5072412534018     
         168  -2092.0164090730764     
         169  -2053.8140838899531     
         170  -2038.8591290694867     
         171  -2030.1636564894211     
         172  -2029.2682868069328     
         173  -2047.0818103750180     
         174  -2062.1182645960271     
         175  -2058.7716887326092     
         176  -2038.9617095254544     
         177  -2077.9667635868645     
         178  -2085.2122623758178     
         179  -2056.5261416819394     
         180  -2047.7866927831269     
         181  -2063.7033366018945     
         182  -2075.5903123442758     
         183  -2071.5303402187533     
         184  -2057.5410203901615     
         185  -2068.9818957596813     
         186  -2055.8097673223801     
         187  -2085.4892734268756     
         188  -2085.5196080132878     
         189  -2081.7520581633230     
         190  -2097.3208761790556     
         191  -2073.5359495510306     
         192  -2086.0656771148115     
         193  -2062.0710563850776     
         194  -2069.6308401411984     
         195  -2079.2912457359280     
         196  -2060.8513550547459     
         197  -2023.1906723551372     
         198  -2001.5885545333654     
         199  -2034.6915687158325     
         200  -2018.8420467158005     
         201  -2029.5684590318021     
         202  -2016.0444643980175     
         203  -2032.1641252797201     
         204  -2034.3503481868997     
         205  -2053.6787353752688     
         206  -2060.3530775721797     
         207  -2024.9999778571887     
         208  -2003.3694389055977     
         209  -2026.6778029957848     
         210  -2045.6651632012088     
         211  -2050.3514554626586     
         212  -2006.2177155672234     
         213  -2043.3042233879983     
         214  -2052.9659254232729     
         215  -2009.4099950512634     
         216  -2024.1490115281999     
         217  -2036.5321169882491     
         218  -2025.3103206812218     
         219  -2052.8322381722865     
         220  -2026.4618689544202     
         221  -2045.0814050231127     
         222  -2016.8355555464302     
         223  -2035.4792793320830     
         224  -2011.9469341071906     
         225  -1980.5292159093142     
         226  -1991.2314972789081     
         227  -2002.4228064945735     
         228  -1967.7909099256758     
         229  -1960.2523636577150     
         230  -1984.6837253218603     
         231  -1986.3628077865951     
         232  -1946.9775040044833     
         233  -1958.7973279766497     
         234  -1998.7907764118954     
         235  -1998.0468510262051     
         236  -2007.5315612982563     
         237  -2018.7084812387873     
         238  -2040.8406669781998     
         239  -2070.1366384895018     
         240  -2052.3108574154321     
         241  -2071.3054188320398     
         242  -2044.0648301209142     
         243  -2048.9200218731257     
         244  -2056.3298549270644     
         245  -2073.0091421986449     
         246  -2078.7924110772551     
         247  -2075.5937127691573     
         248  -2091.8578930518343     
         249  -2123.3015951772331     
         250  -2104.9556383608287     
         251  -2068.3323961757246     
         252  -2090.5609946265140     
         253  -2069.8751897331258     
         254  -2091.5487996620782     
         255  -2119.8826526661960     
         256  -2128.8388099030240     
         257  -2106.4193016821682     
         258  -2114.3779086062314     
         259  -2144.8470858750502     
         260  -2129.7168551985947     
         261  -2150.7311014032966     
         262  -2098.4514058453919     
         263  -2096.3688322594871     
         264  -2073.4446171969666     
         265  -2102.7823845520893     
         266  -2081.3902741429392     
         267  -2084.0853451644748     
         268  -2093.8694259573113     
         269  -2058.1456925884941     
         270  -2039.1901361084929     
         271  -2046.5747872071488     
         272  -2047.4438669198933     
         273  -2058.9255318065284     
         274  -2060.0209070293345     
         275  -2069.0091924840963     
         276  -2077.9364186612434     
         277  -2078.6746922909192     
         278  -2103.0751892509384     
         279  -2080.3169725482521     
         280  -2078.0122385186119     
         281  -2047.4112540528643     
         282  -2069.6261356254454     
         283  -2067.8480556376639     
         284  -2070.3563267920790     
         285  -2106.3632606413062     
         286  -2107.9945848207599     
         287  -2102.1330340483396     
         288  -2054.6033098607040     
         289  -2075.9269433974073     
         290  -2093.7419261931773     
         291  -2096.5893158573635     
         292  -2092.3618877564923     
         293  -2088.5859863174028     
         294  -2100.9392116574918     
         295  -2070.8462613512711     
         296  -2034.0517192184202     
         297  -2031.7256440508681     
         298  -2065.4595438635638     
         299  -2102.9645858668168     
         300  -2069.3863882321129     
         301  -2072.0095422783043     
         302  -2073.8087729009994     
         303  -2055.8154197938052     
         304  -2073.2528782137542     
         305  -2108.8063905800118     
         306  -2073.8004360878895     
         307  -2057.2790909612418     
         308  -2044.6215277326833     
         309  -2104.2903985452153     
         310  -2051.4909827779093     
         311  -2068.1187650642091     
         312  -2045.1102670979790     
         313  -2023.6380870406240     
         314  -2045.7227163447712     
         315  -2007.0675141161648     
         316  -2028.3222819897578     
         317  -2031.5636735938945     
         318  -2043.2829807448836     
         319  -2042.1780485687611     
         320  -2090.6406897951670     
         321  -2069.5726530864035     
         322  -2108.6124067320852     
         323  -2099.2213162491403     
         324  -2098.7945858844291     
         325  -2083.5383740936695     
         326  -2069.9903284847665     
         327  -2085.8970994670376     
         328  -2078.4758454710818     
         329  -2049.0137375823329     
         330  -2060.3539129817391     
         331  -2038.2149320684616     
         332  -2034.8775381669889     
         333  -2027.1127080799006     
         334  -2008.3449020851219     
         335  -2017.2932720742949     
         336  -1991.7330758957758     
         337  -2021.8686652258693     
         338  -2002.7737815250441     
         339  -2000.6659014324191     
         340  -2001.8931528235373     
         341  -2027.0715158377684     
         342  -2037.7837366713761     
         343  -2032.8180224539042     
         344  -2013.5168628523363     
         345  -1987.0153825858335     
         346  -1991.1338044719182     
         347  -2011.0555109189188     
         348  -2032.0878475631037     
         349  -1987.2891480852650     
         350  -2034.8962670398505     
         351  -2014.9261196687053     
         352  -1971.4991807451133     
         353  -1970.1393822552413     
         354  -1982.0602253256263     
         355  -1971.9741468576869     
         356  -1957.9379620453185     
         357  -1986.0831832119536     
         358  -1970.9524442675265     
         359  -1958.8812034956854     
         360  -1973.2219405751582     
         361  -1950.3756247157612     
         362  -1991.4333843025786     
         363  -1961.5003066322511     
         364  -1946.5852632825402     
         365  -1963.0413966148672     
         366  -1972.2317132934559     
         367  -2034.4520279977214     
         368  -2030.4690816764517     
         369  -2007.7731957335322     
         370  -2016.0590400264978     
         371  -2005.9353458080220     
         372  -1974.2778870452771     
         373  -1938.0562617380913     
         374  -1922.9056603445515     
         375  -1911.4054763983886     
         376  -1926.0582545431782     
         377  -1924.0264981393648     
         378  -1958.8175986730409     
         379  -1959.3324887306974     
         380  -1966.1656798817519     
         381  -1953.1246206218825     
         382  -1941.0109640274009     
         383  -1944.7745748428565     
         384  -1949.7089427770763     
         385  -1926.8858266296852     
         386  -1909.2289922213640     
         387  -1942.5543626669285     
         388  -1952.9769193142413     
         389  -1952.2535111817394     
         390  -1942.9366986082018     
         391  -1936.3988711364977     
         392  -1958.4991491623764     
         393  -1989.3909668746221     
         394  -1959.0991853233043     
         395  -1925.9931433876125     
         396  -1921.1270198245593     
         397  -1920.9241366688123     
         398  -1909.3254843704653     
         399  -1939.1451292834336     
         400  -1951.1778048497342     
         401  -1925.4987320485973     
         402  -1951.3185767418061     
         403  -1942.6111744366424     
         404  -1955.7853870381473     
         405  -1917.5420871067799     
         406  -1922.2453985556840     
         407  -1945.9225458092769     
         408  -1948.2404472701928     
         409  -1976.0518973613462     
         410  -1982.2284490266325     
         411  -1997.7683459256095     
         412  -2006.6054533557910     
         413  -1970.0700300681110     
         414  -1960.6898036932055     
         415  -1987.4855808666593     
         416  -1967.7415222411662     
         417  -1948.9996730349362     
         418  -1951.2165405157527     
         419  -1910.5857773854534     
         420  -1941.0948937949315     
         421  -1970.6075355854309     
         422  -1943.0219316746977     
         423  -1923.6064104871077     
         424  -1963.2816872725602     
         425  -1900.8123740462627     
         426  -1908.3199863234154     
         427  -1935.2503489687936     
         428  -1949.2198711155738     
         429  -1989.5143404014575     
         430  -2015.0135363245781     
         431  -2005.0673141141260     
         432  -2028.9959806914871     
         433  -2033.6425383019341     
         434  -2007.6665120484454     
         435  -2016.2539401790136     
         436  -1987.8698589915193     
         437  -1992.1527399152938     
         438  -2005.8886669454675     
         439  -1986.0597902023617     
         440  -2028.5463091542465     
         441  -2011.0269875686879     
         442  -1989.0920936944399     
         443  -2009.4910506856745     
         444  -1994.3978473799511     
         445  -1993.2226662014989     
         446  -1971.4589755680861     
         447  -2005.8309712382427     
         448  -2014.7431504836668     
         449  -1969.3735434633033     
         450  -2013.9976203493661     
         451  -2020.4260602004042     
         452  -2041.8102784160251     
         453  -2043.8436574613581     
         454  -2069.6947018639571     
         455  -2064.4556747099587     
         456  -2077.7380986663056     
         457  -2039.9765999242054     
         458  -2054.0937559551817     
         459  -2037.0141312405012     
         460  -2053.6934121859822     
         461  -2016.3882575798975     
         462  -2004.0940493028152     
         463  -2030.7458643413013     
         464  -2008.8195182852307     
         465  -2016.1621667243362     
         466  -2047.9429159003214     
         467  -2045.2633289477576     
         468  -2033.1699659914791     
         469  -2036.9769751576673     
         470  -2068.9853133998081     
         471  -2040.2967231723917     
         472  -2035.4028449663317     
         473  -2021.1798479877182     
         474  -2021.7433802761368     
         475  -2007.9006341743291     
         476  -2010.0918525723685     
         477  -2007.6454842515686     
         478  -1956.4965993854971     
         479  -1932.8063689071614     
         480  -1951.2801802913912     
         481  -1941.1328237797259     
         482  -1942.0267716234855     
         483  -1920.2084693545471     
         484  -1969.9833205913890     
         485  -1982.6852193578738     
         486  -1999.6074847794398     
         487  -1999.5262310237115     
         488  -1978.1349405175010     
         489  -2004.3494675980146     
         490  -2008.0652242384706     
         491  -1991.0941260186116     
         492  -1966.9722174636975     
         493  -1976.1975556684370     
         494  -2000.9670863051915     
         495  -1991.0666961764318     
         496  -1974.3993428389374     
         497  -1996.9932342258207     
         498  -1952.2282423309839     
         499  -1938.9449876682709     
         500  -1919.6575495941529     
         501  -1943.3075348950263     
         502  -1937.8732602784307     
         503  -1886.1718578110540     
         504  -1868.7801776795416     
         505  -1849.7595998523700     
         506  -1862.6855190851684     
         507  -1889.0680027016244     
         508  -1884.6962792477955     
         509  -1891.6215535724873     
         510  -1880.5196774954420     
         511  -1851.8589622763832     
         512  -1875.9171151212961     
         513  -1888.3485850643115     
         514  -1926.2970817726639     
         515  -1920.3949338905340     
         516  -1895.3011859650617     
         517  -1927.2406343651462     
         518  -1918.0359501442165     
         519  -1958.5591385856319     
         520  -1954.8543758240203     
         521  -1913.9421492699930     
         522  -1925.5865629948066     
         523  -1956.0622121959907     
         524  -1953.4583696092668     
         525  -1963.5967922011730     
         526  -1926.4227291265411     
         527  -1948.6930577825042     
         528  -1924.6395102113934     
         529  -1959.8303049802989     
         530  -1990.8478827841232     
         531  -2011.0623037447492     
         532  -2035.3162058395440     
         533  -2011.0909919745270     
         534  -2005.0658837472470     
         535  -2001.7006341941521     
         536  -1998.6117257789463     
         537  -2004.7642247127023     
         538  -2005.6418697457630     
         539  -1966.5759158243638     
         540  -1982.0330076058374     
         541  -1973.1930475326640     
         542  -1959.7996654706171     
         543  -1967.2856276350406     
         544  -1970.0233798037161     
         545  -1948.9340442839800     
         546  -1931.9976652844518     
         547  -1917.9286510870052     
         548  -1894.7968903960350     
         549  -1914.6929289106386     
         550  -1948.7058771465240     
         551  -1937.4122494312378     
         552  -1915.4214597839548     
         553  -1953.1909821630031     
         554  -1961.5745291486642     
         555  -1920.6712651956727     
         556  -1895.6343494012026     
         557  -1884.9140074387919     
         558  -1881.9626680887691     
         559  -1865.8135207335135     
         560  -1911.2279437148056     
         561  -1923.6073931227447     
         562  -1932.7738464632571     
         563  -1910.3638430385665     
         564  -1925.9015244771460     
         565  -1912.8441468476135     
         566  -1924.4253027210702     
         567  -1933.9417987881459     
         568  -1960.7157374973654     
         569  -1956.3059060056328     
         570  -1950.9718158931837     
         571  -1982.2580160775922     
         572  -1977.4250688259292     
         573  -1976.1192503691932     
         574  -1941.6622168664649     
         575  -1948.2286737315007     
         576  -1966.6528099787079     
         577  -1965.3001861062153     
         578  -1986.0151161559286     
         579  -1952.7443544925345     
         580  -1982.8106712417559     
         581  -2005.7886390619017     
         582  -2018.4714590213855     
         583  -2038.3294330582987     
         584  -2024.8387559469802     
         585  -2037.2203536348218     
         586  -2054.2228247042181     
         587  -2012.5723145585630     
         588  -2024.1534717105710     
         589  -2034.4170732232590     
         590  -2006.9469140404697     
         591  -2024.1535182767909     
         592  -2029.1788371471171     
         593  -2026.5535905109441     
         594  -2007.4543276531756     
         595  -2017.6265690281193     
         596  -2028.8946747382790     
         597  -1994.4047449405327     
         598  -1987.5270336767383     
         599  -2040.1632351701176     
         600  -2072.7946846081873     
         601  -2037.6448717539815     
         602  -2060.9090842479991     
         603  -2071.8749399149128     
         604  -2063.6866189819139     
         605  -2049.9400977154692     
         606  -2067.2046333657349     
         607  -2067.3288500935705     
         608  -2070.9197888643735     
         609  -2064.8630011292848     
         610  -2054.5795244078327     
         611  -2052.1659671925686     
         612  -2020.0305500219470     
         613  -2037.7460101083661     
         614  -2008.3785300887430     
         615  -2026.2485644721762     
         616  -2069.4295150541825     
         617  -2039.5485213035286     
         618  -2008.9836299768872     
         619  -1998.0824682520508     
         620  -2031.5458764525742     
         621  -1994.9771176920158     
         622  -2038.1392666420218     
         623  -2052.9081229045742     
         624  -2048.4424565291415     
         625  -2059.4601675587232     
         626  -2035.6004568188368     
         627  -1986.5259275987803     
         628  -2013.5687186903363     
         629  -2000.2429854954032     
         630  -2003.6756397779495     
         631  -1986.6774368905087     
         632  -2012.7697712109753     
         633  -2011.7168066459421     
         634  -1998.0260044329148     
         635  -2046.2450209444905     
         636  -2045.2003981161945     
         637  -2005.6860936255187     
         638  -1981.8043239404722     
         639  -1988.3361312449397     
         640  -1957.0595454681704     
         641  -1950.4918124481474     
         642  -1955.9901432105275     
         643  -1969.7870821570525     
         644  -1997.6435913036610     
         645  -2020.5996030357742     
         646  -2042.5815688146188     
         647  -2038.2883420104529     
         648  -2037.1271066105812     
         649  -2061.0550283550901     
         650  -2050.4222447414918     
         651  -2046.0647744795747     
         652  -2040.5978344833138     
         653  -2026.5887513358284     
         654  -1966.1369572955409     
         655  -1960.8713388759584     
         656  -1983.0256727834928     
         657  -1933.1385683425322     
         658  -1906.1914150557261     
         659  -1937.5139362752343     
         660  -1953.6961756809060     
         661  -1961.2202520167316     
         662  -1967.7798693581508     
         663  -2005.2945911965314     
         664  -1999.9843840470314     
         665  -2007.0291389362610     
         666  -1995.2626416550268     
         667  -1977.2728459900570     
         668  -1974.1571222566329     
         669  -1987.3925373690092     
         670  -1983.4421673072607     
         671  -1994.2649874228252     
         672  -2003.6803099939939     
         673  -2002.2882706001874     
         674  -1969.6952599775025     
         675  -1964.4631874918216     
         676  -1949.0598356366199     
         677  -1936.4870756418395     
         678  -1947.9885407243055     
         679  -1922.1010999527980     
         680  -1921.6154543225432     
         681  -1982.6105913563017     
         682  -1989.2287681106698     
         683  -2017.4649805325485     
         684  -2000.4213052604521     
         685  -2005.5979576348341     
         686  -2006.6940077776910     
         687  -1989.7836324220225     
         688  -1980.5376411553507     
         689  -1965.1477633858183     
         690  -1991.6144618266524     
         691  -1985.0079775070942     
         692  -1998.1822432886297     
         693  -1968.2331641478163     
         694  -1981.9673167697540     
         695  -1960.5078795556005     
         696  -1959.7919975568559     
         697  -1988.0777996024121     
         698  -1987.0535833281799     
         699  -2001.5060573433552     
         700  -2023.5071666406907     
         701  -2039.6113409127599     
         702  -2030.8727134154324     
         703  -2057.5413171142086     
         704  -2037.7715469760099     
         705  -2023.9634234105654     
         706  -2012.5791995017346     
         707  -1994.4617414020149     
         708  -1971.2851933638979     
         709  -2031.8637996690998     
         710  -2027.2460511197969     
         711  -2005.2812336840254     
         712  -2031.9504932156246     
         713  -2012.7430612440014     
         714  -2064.3904912180874     
         715  -2048.3195328729225     
         716  -2061.3506602018888     
         717  -2068.5578689946624     
         718  -2065.0315355793878     
         719  -2063.9106494454372     
         720  -2069.2069356043089     
         721  -2060.2954194284416     
         722  -2047.1974538854620     
         723  -2019.2940366597829     
         724  -2037.7796890416960     
         725  -2019.2798517291185     
         726  -1982.8929355074406     
         727  -1976.4756513547345     
         728  -1956.1953247148617     
         729  -2008.0392181240011     
         730  -1995.3285605208525     
         731  -2012.6581495804767     
         732  -2004.8239458823209     
         733  -2026.0441226545443     
         734  -2024.2116079261439     
         735  -2003.4976867368787     
         736  -2003.9871845916966     
         737  -1998.3051707132172     
         738  -2014.8140310216011     
         739  -2016.5840493979447     
         740  -2005.6012550063726     
         741  -2021.8663661326589     
         742  -2013.3629727321656     
         743  -2018.2273699821653     
         744  -2050.5128561571073     
         745  -2071.6817926884160     
         746  -2079.2915604125428     
         747  -2007.0946280168196     
         748  -2040.0346462974831     
         749  -2036.0286138270778     
         750  -2058.5704066403491     
         751  -2033.3304248385541     
         752  -2009.6516826730442     
         753  -1998.5056954936472     
         754  -2023.0374072494076     
         755  -1987.3517787014455     
         756  -2003.6617306588100     
         757  -2008.1713249202026     
         758  -1997.1619428369020     
         759  -2032.4368644196363     
         760  -2038.1768666785570     
         761  -2001.0460272298849     
         762  -2004.9678132161694     
         763  -2025.7577105074522     
         764  -1994.9995993922969     
         765  -1968.9948811044624     
         766  -1986.8764850304551     
         767  -1999.9480756626037     
         768  -1979.7429574472469     
         769  -1997.4698960182341     
         770  -1980.5986990630308     
         771  -2007.0808177353476     
         772  -2002.9472550707776     
         773  -2021.7555470075340     
         774  -2005.9858455459830     
         775  -2009.0805334105287     
         776  -1981.9225377883499     
         777  -1995.1310420264897     
         778  -1987.8945958889990     
         779  -1961.4943239192244     
         780  -1988.7181262919935     
         781  -1979.3894079708150     
         782  -1969.0642905837185     
         783  -2005.4170628570891     
         784  -2006.5953004434507     
         785  -2008.8696465733574     
         786  -2018.3682689324673     
         787  -2018.7853819997836     
         788  -1993.8009320010551     
         789  -2013.7630701056703     
         790  -2016.7181158489398     
         791  -2029.0514499509559     
         792  -2036.6391028042967     
         793  -2034.4021498847696     
         794  -2034.7377391650482     
         795  -2032.0897808213413     
         796  -2051.8043642407856     
         797  -2009.6889743906040     
         798  -2015.0446632273831     
         799  -2021.7890951663089     
         800  -1975.9370855742898     
         801  -2022.5581702314248     
         802  -1983.7957697078261     
         803  -1992.3289355589905     
         804  -1998.7909007371202     
         805  -2020.8479982769750     
         806  -2022.7537563722913     
         807  -1985.7868326511655     
         808  -2011.3646820785184     
         809  -1994.7976306772182     
         810  -2021.4355802329424     
         811  -1984.4687253785492     
         812  -1982.7834505398864     
         813  -1970.5480186953957     
         814  -1949.6178943565872     
         815  -1971.9518235861756     
         816  -1951.6696782250831     
         817  -1961.5911273865993     
         818  -1953.2959960199523     
         819  -1949.0391974399508     
         820  -1925.7459457749951     
         821  -1912.8821610638909     
         822  -1897.0542024980518     
         823  -1917.7899521963118     
         824  -1938.7726213985061     
         825  -1908.1739436647497     
         826  -1907.8988173331632     
         827  -1891.6835484253179     
         828  -1926.0433519154599     
         829  -1928.8099603150890     
         830  -1935.4987881303530     
         831  -1933.1947966155485     
         832  -1942.3856793956911     
         833  -1932.4229625207336     
         834  -1944.7680840528542     
         835  -1971.5444198311998     
         836  -1954.9127130199042     
         837  -1960.1711540270003     
         838  -1967.0290106807026     
         839  -1956.4425405377995     
         840  -1937.4722680422867     
         841  -1927.7624440992111     
         842  -1930.2267385754030     
         843  -1952.3675048611381     
         844  -1975.1399852876193     
         845  -1946.4799580368706     
         846  -1918.7721268743101     
         847  -1954.8943751579545     
         848  -1982.9987890150212     
         849  -1961.4230175686860     
         850  -1960.3349050585027     
         851  -1919.7861280779603     
         852  -1926.8474530095789     
         853  -1899.2293251380274     
         854  -1882.8494988113018     
         855  -1869.3499177116546     
         856  -1893.1098120363590     
         857  -1906.9000321578355     
         858  -1916.4833085006155     
         859  -1898.2486663385685     
         860  -1930.0843647938134     
         861  -1930.8661939578597     
         862  -1941.8141131184602     
         863  -1938.1616430585716     
         864  -1929.3033842832881     
         865  -1956.9915101184122     
         866  -1926.9955842966815     
         867  -1917.5338543533105     
         868  -1930.8631537460203     
         869  -1939.5668830848178     
         870  -1894.7097401350609     
         871  -1918.8724658265196     
         872  -1889.9390565099077     
         873  -1865.1021963937230     
         874  -1878.4985451743087     
         875  -1891.1229597823015     
         876  -1906.9975455706392     
         877  -1881.5298162481940     
         878  -1916.1917815150994     
         879  -1966.3036179215583     
         880  -1957.6542186467175     
         881  -1955.6026519600850     
         882  -1920.7045845682671     
         883  -1965.3915330346322     
         884  -1953.9014128460049     
         885  -1969.4726188737502     
         886  -1978.8920099838110     
         887  -1992.5517339782280     
         888  -1984.0019258520085     
         889  -1953.6204483883910     
         890  -2002.1092565873805     
         891  -2014.3944361779688     
         892  -2028.4204803140301     
         893  -2004.3496691462587     
         894  -2023.6577458821073     
         895  -1998.5138051528465     
         896  -1965.9162558600588     
         897  -1953.2387987042084     
         898  -1945.7114726839834     
         899  -1946.2898121999947     
         900  -1997.2682726469034     
         901  -2005.2671060726559     
         902  -2017.7490868540906     
         903  -1997.4165546540919     
         904  -2032.7724550934581     
         905  -2016.5378480009811     
         906  -1994.4330629411672     
         907  -1999.7682487613708     
         908  -1987.2499343817447     
         909  -1986.5918508346854     
         910  -1996.6177189501636     
         911  -2018.6643011701517     
         912  -1986.2174497515568     
         913  -1985.4743158233173     
         914  -1986.8527046463630     
         915  -1993.2994975088743     
         916  -1987.2072911863484     
         917  -2015.9397854883118     
         918  -2009.5830661225878     
         919  -1998.8621565761057     
         920  -2018.7329318995985     
         921  -2024.3845820176650     
         922  -2039.0478277734956     
         923  -2016.0800834686750     
         924  -2064.7512426668882     
         925  -2012.0803376077583     
         926  -2013.0236112312807     
         927  -2029.6739498440891     
         928  -2028.2862071717232     
         929  -2019.7829554509772     
         930  -2036.2136453897454     
         931  -2008.5676897214864     
         932  -2023.1884692440160     
         933  -2035.2487312692376     
         934  -2033.7397107250449     
         935  -2031.6290738337104     
         936  -2010.0316385146598     
         937  -2063.9205902159947     
         938  -2042.2588380721436     
         939  -2015.3240939127022     
         940  -2025.4929394611486     
         941  -2012.1894231971546     
         942  -2015.5022564583348     
         943  -2020.2047563757690     
         944  -2030.0710745993424     
         945  -2069.4066853546769     
         946  -2060.3305636444125     
         947  -2060.9713147189045     
         948  -2089.2218000929929     
         949  -2100.2316852130571     
         950  -2078.9700168126647     
         951  -2088.0591701811059     
         952  -2095.3329734481304     
         953  -2076.9205891043803     
         954  -2032.8969149362899     
         955  -2036.8100812461723     
         956  -2023.6729238793807     
         957  -2010.9305218808377     
         958  -2045.2972120492805     
         959  -2043.0410656671588     
         960  -2036.7933458811451     
         961  -2022.0421641642972     
         962  -2024.5611310528200     
         963  -2015.9177195562502     
         964  -2020.5671529697690     
         965  -2017.1446443451032     
         966  -2032.3912326562936     
         967  -2002.1768657261709     
         968  -2029.9686474528926     
         969  -2009.5548721557946     
         970  -1980.9304948043216     
         971  -1977.3315087862159     
         972  -1994.2886947291436     
         973  -2023.0600594994439     
         974  -2012.8525610381284     
         975  -2008.3144517053440     
         976  -2015.2202908872464     
         977  -2011.6611421868117     
         978  -1996.3557415360535     
         979  -2007.1192607692342     
         980  -2006.0510673452795     
         981  -2012.8053228563608     
         982  -2003.8611853442044     
         983  -2005.7538481885742     
         984  -2049.4920314222645     
         985  -2045.2222648259640     
         986  -2083.6163170652185     
         987  -2069.9467320247736     
         988  -2055.2961983783134     
         989  -2033.5499900589646     
         990  -2023.8176355879530     
         991  -1993.9159752591886     
         992  -2026.6197787408178     
         993  -2028.5318262073754     
         994  -2035.4458340804792     
         995  -2040.5737415366214     
         996  -2021.8184824397040     
         997  -2031.8111235985389     
         998  -1996.9035734185043     
         999  -1994.7026709567713     
        1000  -2004.1466914769223     
        1001  -2031.9790499504759     
        1002  -2033.3612182830298     
        1003  -2004.7401076714111     
        1004  -2004.2268325478660     
        1005  -2017.6282061406002     
        1006  -2031.8715308522940     
        1007  -2042.0473657383418     
        1008  -2052.7110198464070     
        1009  -2070.0639884966695     
        1010  -2023.9844622610019     
        1011  -2051.5919760423481     
        1012  -2028.9442759478395     
        1013  -2035.5633441179871     
        1014  -2042.0881855620551     
        1015  -2048.0206281413057     
        1016  -2049.1609443649504     
        1017  -2036.3529507476021     
        1018  -2039.3798518459437     
        1019  -2064.6986954724093     
        1020  -2065.6725135582533     
        1021  -2061.7978150894874     
        1022  -2024.6728782168705     
        1023  -2053.6991855663709     
        1024  -2070.1167949689320     
        1025  -2085.4609672417891     
        1026  -2063.6382700905656     
        1027  -2099.8000665800550     
        1028  -2082.6026415972019     
        1029  -2062.7019356580545     
        1030  -2061.0479564285124     
        1031  -2068.4421767249373     
        1032  -2062.8380782549748     
        1033  -2106.7138844878814     
        1034  -2110.8617835227815     
        1035  -2135.5347053022451     
        1036  -2110.9522833863662     
        1037  -2091.8988323180456     
        1038  -2088.2425375823082     
        1039  -2079.3786717495504     
        1040  -2068.1450753891504     
        1041  -2071.9939156433902     
        1042  -2035.3532618200350     
        1043  -2028.7561664015584     
        1044  -2055.6652910539656     
        1045  -2045.2940406268417     
        1046  -2074.1493504008331     
        1047  -2069.5783834218141     
        1048  -2053.0750416763890     
        1049  -1999.1698297782762     
        1050  -2025.1493864709175     
        1051  -2030.6934643071422     
        1052  -2006.9364930487363     
        1053  -2061.8977524144020     
        1054  -2070.9439071161173     
        1055  -2050.5801309518592     
        1056  -2028.2286525509514     
        1057  -2007.9687059440910     
        1058  -2019.8639391281433     
        1059  -2011.7296026567867     
        1060  -2041.4439202352567     
        1061  -2034.3221543741802     
        1062  -2002.3279708285236     
        1063  -2038.0386585465328     
        1064  -2064.7250727785531     
        1065  -2053.4387377254502     
        1066  -2006.9223492664701     
        1067  -2053.0935873274011     
        1068  -2055.5309856346507     
        1069  -2057.3602623412944     
        1070  -2073.6371172776189     
        1071  -2063.5571383753258     
        1072  -2055.2606063540325     
        1073  -2042.2204327965258     
        1074  -2010.5733868324148     
        1075  -2025.9682242532392     
        1076  -2036.0228532782019     
        1077  -2048.7171128022483     
        1078  -2046.2896195826636     
        1079  -2019.5476789149286     
        1080  -2009.5322924384909     
        1081  -1997.2855051969982     
        1082  -1984.7505129999370     
        1083  -1979.0449832850297     
        1084  -1983.0748760018319     
        1085  -1995.9537874225773     
        1086  -1997.5249896786916     
        1087  -1965.7261940595245     
        1088  -1982.8756012260874     
        1089  -1970.8088928316595     
        1090  -1972.8273856844751     
        1091  -1963.3865395789380     
        1092  -1934.4839326224189     
        1093  -1922.8751897832442     
        1094  -1946.2563720931832     
        1095  -1947.1710699511978     
        1096  -1926.0897342235210     
        1097  -1948.5338501387951     
        1098  -1960.1318835761288     
        1099  -1982.4310203758976     
        1100  -1971.4318933929478     
        1101  -1950.3582276954323     
        1102  -1941.2398302863246     
        1103  -1978.0405049075539     
        1104  -2001.1811248214287     
        1105  -1943.0329413401696     
        1106  -1935.1540822915581     
        1107  -1943.3994835620804     
        1108  -1957.8229822933072     
        1109  -1926.8083474856089     
        1110  -1919.7676547899948     
        1111  -1924.3420078238291     
        1112  -1948.7652336055239     
        1113  -1930.7034946917145     
        1114  -1960.0099808240195     
        1115  -1978.0937528370896     
        1116  -1975.6387293825367     
        1117  -1952.2277387352201     
        1118  -1961.9855656490606     
        1119  -1979.0429894413953     
        1120  -1981.2973020829552     
        1121  -1988.9606309608823     
        1122  -1964.6992528366038     
        1123  -1981.0394210084962     
        1124  -1983.5901275169356     
        1125  -1967.6467435646205     
        1126  -1950.2050378943816     
        1127  -1985.6480494710936     
        1128  -1959.5128030430908     
        1129  -1962.1264621451216     
        1130  -1944.5378402950917     
        1131  -1919.2323442448037     
        1132  -1939.2428221110092     
        1133  -1977.5539664563521     
        1134  -1990.3486318718260     
        1135  -2018.0721126609174     
        1136  -1989.4857833628892     
        1137  -1998.5796494214151     
        1138  -2056.6835847401312     
        1139  -2063.7029276182220     
        1140  -2040.5637502193583     
        1141  -2014.5045886988128     
        1142  -2041.8801712840570     
        1143  -2012.4398386955891     
        1144  -2017.0927377075820     
        1145  -2017.4396300777103     
        1146  -2034.8896832027453     
        1147  -2010.1996824774103     
        1148  -1986.2724237737880     
        1149  -1990.7362536155811     
        1150  -1978.7639036494709     
        1151  -1981.4543246728392     
        1152  -1996.8816711308177     
        1153  -1994.7091266148711     
        1154  -2019.4364443050169     
        1155  -2001.4574861217341     
        1156  -1946.5503651495289     
        1157  -1958.2834011826287     
        1158  -1971.5132311204825     
        1159  -1977.6791173492454     
        1160  -1974.7314397126393     
        1161  -1967.1191017439330     
        1162  -1987.4658646952016     
        1163  -1994.6244714341285     
        1164  -1984.0627567109832     
        1165  -1970.9455759862069     
        1166  -1981.3355198171118     
        1167  -1944.2604227663087     
        1168  -1961.5196365187642     
        1169  -1952.2785731986339     
        1170  -1937.6093802769983     
        1171  -1955.7499488038211     
        1172  -1977.5515278884968     
        1173  -1985.8464284642862     
        1174  -1968.5512109284068     
        1175  -1958.8775979463701     
        1176  -1973.5855063865249     
        1177  -1984.5022604538858     
        1178  -1982.6746473790497     
        1179  -1966.6948839111260     
        1180  -1956.7189817089341     
        1181  -1957.0967334900979     
        1182  -1932.8222483152597     
        1183  -1921.4892862250133     
        1184  -1892.2888916354009     
        1185  -1932.8093506626471     
        1186  -1927.7795604079856     
        1187  -1915.4114859930276     
        1188  -1925.4285066146554     
        1189  -1913.6219090167208     
        1190  -1918.2764882423976     
        1191  -1934.0670187618396     
        1192  -1919.2693369266783     
        1193  -1907.9139652292349     
        1194  -1871.4447312305895     
        1195  -1912.6432787535748     
        1196  -1958.4570062678947     
        1197  -1936.4095295370630     
        1198  -1915.6698782505048     
        1199  -1953.2763207000760     
        1200  -1934.5528505754651     
        1201  -1939.5816729811074     
        1202  -1950.4855025962349     
        1203  -1950.9792235563218     
        1204  -1967.4221818257836     
        1205  -1936.5261863222590     
        1206  -1913.7328116940018     
        1207  -1929.8666948566702     
        1208  -1937.8783438275018     
        1209  -1950.7182244514536     
        1210  -1944.0871330894174     
        1211  -1941.5934645535540     
        1212  -1929.7536396992134     
        1213  -1970.2675903236952     
        1214  -1974.2580281767521     
        1215  -1936.6067638066165     
        1216  -1940.4731193581574     
        1217  -1969.0268863272036     
        1218  -1964.4450920318775     
        1219  -1966.3375237839573     
        1220  -1934.4628653236350     
        1221  -1959.3448960996773     
        1222  -1966.7369967324062     
        1223  -1987.6400791861806     
        1224  -1937.3209471486941     
        1225  -1963.2808109190316     
        1226  -2006.7624440435011     
        1227  -2008.0890569133326     
        1228  -1980.7192336508003     
        1229  -1963.5735913288634     
        1230  -1957.3784188855464     
        1231  -1990.5275781032781     
        1232  -1975.8249649126940     
        1233  -1993.7354932404899     
        1234  -1960.4148813467025     
        1235  -1988.7886764030886     
        1236  -1995.4164070194765     
        1237  -1997.3717349336650     
        1238  -1972.9503363771487     
        1239  -1977.5652757000232     
        1240  -1941.9436136506920     
        1241  -1944.5458473683134     
        1242  -1928.7738238042746     
        1243  -1924.2838755578812     
        1244  -1926.0934123448210     
        1245  -1981.2099128000248     
        1246  -1970.7986140824341     
        1247  -1929.8420831240055     
        1248  -1970.4278472827907     
        1249  -1987.5806662855196     
        1250  -1967.9774713346540     
        1251  -1976.1307930301334     
        1252  -1985.7415777690940     
        1253  -2003.8990740191796     
        1254  -1995.6084022744112     
        1255  -1983.2943359739070     
        1256  -1992.2737632924279     
        1257  -1986.4064308619522     
        1258  -1988.4814093941586     
        1259  -1961.7886822643161     
        1260  -1953.3078472144807     
        1261  -1970.5041246404462     
        1262  -2002.0836733432798     
        1263  -2004.9932095105924     
        1264  -1968.3823642995965     
        1265  -1964.4212398706293     
        1266  -1979.7392967474309     
        1267  -1965.6676788740201     
        1268  -1933.5917800378793     
        1269  -1929.6776835200419     
        1270  -1936.2720955494683     
        1271  -1953.1606643303703     
        1272  -1933.7161060790017     
        1273  -1934.8098807057925     
        1274  -1901.8664856613602     
        1275  -1931.6566905714717     
        1276  -1931.9308399218087     
        1277  -1904.9592932935564     
        1278  -1904.3619370689698     
        1279  -1926.9872270624182     
        1280  -1947.8871802287017     
        1281  -1931.6445008718099     
        1282  -1961.4418867543357     
        1283  -1939.4030544085870     
        1284  -1975.8164745200231     
        1285  -1964.0955007499447     
        1286  -1974.7347757721082     
        1287  -2007.8313954312139     
        1288  -1971.5000607074667     
        1289  -1993.0048780155764     
        1290  -1953.8982317358673     
        1291  -1972.8592998683930     
        1292  -1959.3696883622267     
        1293  -1951.5549323888172     
        1294  -1927.7206987707405     
        1295  -1923.5035298891028     
        1296  -1903.5300289790878     
        1297  -1990.4704906220773     
        1298  -1983.6743986983129     
        1299  -1991.2255790005981     
        1300  -2011.6121824470320     
        1301  -2021.6643606838088     
        1302  -2033.1250658108131     
        1303  -2048.7032628799516     
        1304  -2012.2017468255231     
        1305  -2003.6361208618951     
        1306  -1996.2329668436303     
        1307  -2025.0535621516744     
        1308  -2024.9484766617938     
        1309  -2026.5431810260961     
        1310  -1988.5786261432245     
        1311  -1986.1194706372492     
        1312  -2000.1190848140625     
        1313  -1991.9169538574354     
        1314  -2000.6369753799436     
        1315  -1979.6341013718927     
        1316  -1964.9093746199860     
        1317  -1963.6000117846395     
        1318  -1925.8466558636046     
        1319  -1962.3907850279759     
        1320  -1975.6323272484049     
        1321  -1984.7215645521899     
        1322  -1987.8736602101310     
        1323  -1978.2496956058599     
        1324  -1977.8403834774460     
        1325  -1974.9284249069965     
        1326  -1978.6594571132669     
        1327  -1960.0624727587633     
        1328  -1954.0255527896306     
        1329  -1976.5553150270155     
        1330  -1970.2110133876656     
        1331  -1952.3907063957786     
        1332  -1953.6689040585507     
        1333  -1942.1509783343381     
        1334  -1955.8944731555775     
        1335  -1953.4340383289095     
        1336  -1962.2371287999390     
        1337  -1958.8902810299744     
        1338  -1979.0637529731257     
        1339  -2002.2820617205000     
        1340  -1969.4078167600189     
        1341  -1992.4666254901515     
        1342  -1956.6584717320895     
        1343  -1971.7715080360767     
        1344  -2010.6770019634635     
        1345  -1997.4383713236705     
        1346  -1993.0954268242353     
        1347  -1975.6376455689046     
        1348  -1969.8743905522101     
        1349  -1981.8677717367200     
        1350  -1963.4121990037820     
        1351  -1967.6588124543841     
        1352  -1959.4322793386777     
        1353  -1958.4981276791459     
        1354  -1959.7849502961574     
        1355  -1959.8612778396837     
        1356  -1977.3696525973153     
        1357  -1978.8782903777824     
        1358  -1978.4076759099503     
        1359  -1986.5600492333922     
        1360  -1974.8290441123474     
        1361  -2012.6123481175887     
        1362  -2023.0298818641056     
        1363  -1998.5088116367083     
        1364  -2001.0231300223372     
        1365  -2000.1063376939865     
        1366  -1993.1991365182103     
        1367  -1997.5501819852450     
        1368  -1992.6651063565423     
        1369  -2018.7360800478586     
        1370  -2010.3064908920478     
        1371  -2028.1944752891429     
        1372  -2024.9501919508971     
        1373  -2016.3643944096741     
        1374  -2018.1372637518352     
        1375  -2030.8819747885877     
        1376  -2040.3722417345625     
        1377  -2057.6755828118098     
        1378  -2064.3598926591512     
        1379  -2029.3920804403976     
        1380  -2023.0298126644163     
        1381  -2074.8686891265129     
        1382  -2068.7818679354555     
        1383  -2024.6610007937834     
        1384  -2019.6667794804034     
        1385  -2013.7794028621183     
        1386  -2036.2232940788708     
        1387  -2073.8096338145269     
        1388  -2067.1970979383991     
        1389  -2039.8981177435517     
        1390  -2022.7039454224971     
        1391  -2069.1243993984358     
        1392  -2091.3803454061963     
        1393  -2109.2813600427908     
        1394  -2093.4471575437456     
        1395  -2124.5623045312914     
        1396  -2128.1722861096664     
        1397  -2117.3515048881941     
        1398  -2092.8860404567295     
        1399  -2092.4575663727328     
        1400  -2087.8536472795176     
        1401  -2071.7649808396145     
        1402  -2096.2013289514871     
        1403  -2124.3472494219382     
        1404  -2110.3496211382990     
        1405  -2111.3835565437726     
        1406  -2088.0824111315710     
        1407  -2081.5989407463385     
        1408  -2091.9521892225657     
        1409  -2092.1096572071378     
        1410  -2109.6063468056832     
        1411  -2097.7450820744139     
        1412  -2112.5049035600787     
        1413  -2092.7619023059929     
        1414  -2092.8113935070705     
        1415  -2076.0293294454113     
        1416  -2058.6035597063174     
        1417  -2045.9757075196546     
        1418  -2055.7751900091448     
        1419  -2054.6962149372566     
        1420  -2057.7987350863609     
        1421  -2079.0970429827225     
        1422  -2029.4061334793519     
        1423  -2008.7141528352888     
        1424  -2015.1579249178849     
        1425  -2053.6887206794495     
        1426  -2030.0447776649080     
        1427  -2043.2887472348332     
        1428  -2028.8652179620299     
        1429  -2031.3867430911375     
        1430  -1993.4984583868870     
        1431  -2032.6997637905324     
        1432  -2038.0456240378612     
        1433  -2033.8515213152448     
        1434  -2036.1382596414910     
        1435  -2030.4750019905844     
        1436  -2040.5606004257882     
        1437  -2040.1086920177506     
        1438  -2037.9361515844801     
        1439  -2063.1219484681137     
        1440  -2039.9979461547568     
        1441  -2030.1086014132527     
        1442  -2059.1639772848034     
        1443  -2060.4211684656993     
        1444  -2058.6144090545849     
        1445  -2060.1162841759960     
        1446  -2032.9453814973967     
        1447  -2020.4939725042050     
        1448  -2048.3389976866843     
        1449  -2033.5217623764549     
        1450  -2059.4884654495854     
        1451  -2054.4007972745940     
        1452  -2059.5436198120824     
        1453  -2014.9215074675187     
        1454  -2027.0365810647318     
        1455  -2058.6541476032367     
        1456  -2072.7164742159976     
        1457  -2045.6925969679439     
        1458  -2033.6027165391054     
        1459  -1987.6181133335460     
        1460  -2016.3439523311918     
        1461  -2039.4566939500689     
        1462  -2043.0406326395162     
        1463  -2012.7648791063016     
        1464  -2013.2751548587521     
        1465  -2010.9069676079114     
        1466  -2025.6983651815783     
        1467  -2006.2575827344729     
        1468  -1983.8555554163429     
        1469  -1962.3181744414894     
        1470  -1988.4868046075912     
        1471  -2010.6495587568165     
        1472  -1995.9153216894056     
        1473  -1975.0999142960857     
        1474  -1930.4974724919614     
        1475  -1917.4243401148519     
        1476  -1925.6642672343476     
        1477  -1947.4536513664509     
        1478  -1911.2340652623038     
        1479  -1912.1101160769178     
        1480  -1912.5398316024698     
        1481  -1931.8352090654660     
        1482  -1922.6082429725916     
        1483  -1942.9032837245984     
        1484  -1979.4385541089580     
        1485  -1964.3455616476069     
        1486  -1984.2804873702364     
        1487  -1981.8322931482751     
        1488  -1985.0479776294728     
        1489  -1961.3736668254705     
        1490  -1967.7827899466513     
        1491  -1992.5836368391338     
        1492  -1998.0333069602343     
        1493  -2010.8104042085577     
        1494  -2006.1974952773812     
        1495  -1992.6668717142925     
        1496  -2003.7167951155436     
        1497  -2029.3834200014592     
        1498  -2048.1210240963528     
        1499  -2056.7027219265210     
        1500  -2083.8032624231878     
        1501  -2074.0130095402906     
        1502  -2049.5728895284437     
        1503  -2077.7308184316198     
        1504  -2033.3907287544116     
        1505  -2064.3422610395428     
        1506  -2022.7423855617146     
        1507  -1992.2079300288954     
        1508  -1978.9546923620462     
        1509  -2020.0081996828833     
        1510  -2019.7595428340167     
        1511  -1998.5891692455571     
        1512  -1956.9313059275987     
        1513  -1969.6618841933973     
        1514  -1983.5704730262253     
        1515  -1982.8089772230037     
        1516  -1948.2346900738842     
        1517  -1955.9729561765760     
        1518  -1966.6787744237465     
        1519  -1973.0153293697329     
        1520  -1925.1599726964214     
        1521  -1964.8333842390200     
        1522  -1959.5610328834800     
        1523  -1976.0384558195583     
        1524  -1957.2762058648602     
        1525  -1976.4603737426623     
        1526  -1931.9464049936018     
        1527  -1922.0409970799949     
        1528  -1912.5003053356004     
        1529  -1907.1871058448021     
        1530  -1922.4604476284128     
        1531  -1898.0774877554411     
        1532  -1899.9989963179282     
        1533  -1906.1062947283326     
        1534  -1942.0842057542795     
        1535  -1935.8458241490237     
        1536  -1948.4782294139093     
        1537  -1944.1612745706643     
        1538  -1957.4932208426594     
        1539  -1962.7537227736882     
        1540  -2032.0238553289214     
        1541  -2024.4388500235882     
        1542  -2052.5086322525854     
        1543  -2059.3543355690940     
        1544  -2035.3227464080503     
        1545  -2026.0110228785240     
        1546  -2023.9722038552400     
        1547  -2013.4649144935556     
        1548  -1989.3977354542819     
        1549  -2013.7838286491078     
        1550  -2034.2507075313856     
        1551  -2020.8901735317647     
        1552  -2031.6606438531519     
        1553  -2045.9142620240680     
        1554  -2030.6495646126396     
        1555  -1998.1043280063861     
        1556  -1999.9814997884287     
        1557  -1996.9402668296925     
        1558  -2000.3180649254728     
        1559  -2008.5302084070074     
        1560  -2012.6560701206299     
        1561  -1982.0832829721910     
        1562  -1962.2425291961315     
        1563  -1956.2570450954049     
        1564  -1958.3151743163858     
        1565  -1953.4397576644933     
        1566  -1954.8867079534791     
        1567  -1931.5323441913329     
        1568  -1936.5706748641132     
        1569  -1914.8820772731617     
        1570  -1931.4539812493022     
        1571  -1899.1777951496852     
        1572  -1918.9564845177260     
        1573  -1968.3768458628547     
        1574  -1951.7874946460213     
        1575  -1900.6952182173870     
        1576  -1908.4753011574198     
        1577  -1940.7437758762755     
        1578  -1988.4496337661865     
        1579  -1993.8967883119908     
        1580  -1981.1125726125715     
        1581  -1968.4203138832793     
        1582  -1992.5257544120623     
        1583  -1965.2518844450344     
        1584  -1957.3958968663801     
        1585  -1948.5245074402096     
        1586  -1988.0239343679145     
        1587  -1998.3867791154460     
        1588  -1999.6535076467705     
        1589  -1974.8034029881758     
        1590  -1998.1670014039858     
        1591  -2008.8859898544040     
        1592  -2027.7477725619660     
        1593  -2038.0832465436504     
        1594  -2026.4065700730450     
        1595  -2007.2781926728155     
        1596  -1965.3435083765844     
        1597  -1947.0103508890209     
        1598  -1987.3701076430432     
        1599  -2010.4689038682643     
        1600  -1986.4081837963549     
        1601  -1940.3927496164911     
        1602  -1972.3607094977961     
        1603  -1964.9796425970192     
        1604  -1962.7719931697141     
        1605  -1962.8401467960073     
        1606  -1976.6278508335693     
        1607  -1979.1217209633076     
        1608  -1951.1368086019449     
        1609  -1944.6408364946512     
        1610  -1994.2114288825542     
        1611  -1988.0703385434565     
        1612  -2010.4679244453391     
        1613  -1993.3735565449983     
        1614  -2000.0044793400587     
        1615  -2003.0592284432857     
        1616  -1993.8839679942869     
        1617  -2000.8970998201555     
        1618  -1978.7892120952615     
        1619  -1959.3631749356819     
        1620  -1974.0676569939430     
        1621  -1986.8982833561424     
        1622  -1995.0783719018762     
        1623  -1962.9289486144778     
        1624  -1969.5551146619750     
        1625  -2008.9684774983853     
        1626  -1991.0812333576914     
        1627  -1988.7723456039394     
        1628  -2004.9809483848676     
        1629  -1999.1021179322697     
        1630  -2014.0363406203844     
        1631  -1993.2981576220004     
        1632  -1978.3370972752812     
        1633  -1981.0338755223815     
        1634  -1965.1952926356648     
        1635  -1962.4647165271613     
        1636  -1962.8382298413276     
        1637  -1953.5605077231376     
        1638  -1935.2715732622673     
        1639  -1961.2389195962699     
        1640  -1931.6580822252743     
        1641  -1956.3029740347476     
        1642  -1960.6081944047651     
        1643  -1953.5458993892678     
        1644  -1960.5669559956470     
        1645  -1966.4614322334050     
        1646  -1947.8903054834807     
        1647  -1947.7849494701022     
        1648  -1977.9283459958212     
        1649  -1976.1363108903474     
        1650  -1979.4078790113208     
        1651  -1961.7103317954654     
        1652  -1952.5774603621949     
        1653  -1962.7411040438358     
        1654  -1970.0770882448357     
        1655  -1985.4081677749275     
        1656  -1962.5118130530491     
        1657  -1944.5217415647237     
        1658  -1933.4982066158477     
        1659  -1901.5382492187071     
        1660  -1947.7941436179465     
        1661  -1980.4699849162910     
        1662  -2014.8840123300943     
        1663  -1989.8014439327731     
        1664  -1966.3921943657417     
        1665  -1940.0236298876719     
        1666  -1880.4340142158508     
        1667  -1904.9874180963809     
        1668  -1897.2569525978747     
        1669  -1917.1673330901970     
        1670  -1910.6467786955359     
        1671  -1924.2050354594492     
        1672  -1915.6239170490012     
        1673  -1868.0250099793318     
        1674  -1862.0993624578471     
        1675  -1832.0679822111497     
        1676  -1839.9014953090089     
        1677  -1863.5766845810947     
        1678  -1863.1263467885201     
        1679  -1894.6321273036835     
        1680  -1911.5441076944403     
        1681  -1937.9116280908784     
        1682  -1904.3243221419232     
        1683  -1966.4677767895016     
        1684  -1934.7973966705424     
        1685  -1924.3306194023123     
        1686  -1946.7947441988213     
        1687  -1935.9243753360017     
        1688  -1930.4599698597840     
        1689  -1925.2056338753398     
        1690  -1928.4607640415065     
        1691  -1929.9065293310111     
        1692  -1924.3658324735575     
        1693  -1933.6121532881341     
        1694  -1917.4786480637524     
        1695  -1909.6337510729995     
        1696  -1946.0282719866486     
        1697  -1949.0262385631736     
        1698  -1945.9148927490673     
        1699  -1932.0800421491670     
        1700  -1930.0217263134864     
        1701  -1921.8483083863809     
        1702  -1941.1673416192136     
        1703  -1927.1185415406626     
        1704  -1931.9653690764380     
        1705  -1941.5751615310703     
        1706  -1904.7703338161616     
        1707  -1943.1579548525717     
        1708  -1946.1560202187711     
        1709  -1962.2954497738806     
        1710  -2002.7133260716193     
        1711  -1992.4182384922246     
        1712  -2023.1441888853656     
        1713  -2021.7577885414426     
        1714  -1998.9146628276899     
        1715  -2047.9941724931550     
        1716  -2006.7160188574460     
        1717  -1952.4104313756334     
        1718  -1966.1930566440990     
        1719  -1967.2903021689162     
        1720  -1973.6229535807729     
        1721  -1961.1179173362802     
        1722  -2015.3776217073851     
        1723  -1997.5102000168495     
        1724  -2003.8705806413971     
        1725  -1977.1776984714215     
        1726  -1985.1205735898661     
        1727  -1988.2230756627014     
        1728  -1986.0132799150463     
        1729  -2004.2402263038343     
        1730  -2024.4674075999092     
        1731  -2006.7037854079358     
        1732  -2009.0534644561208     
        1733  -2005.3843295423085     
        1734  -2011.4011704437319     
        1735  -1999.9191962533043     
        1736  -2011.7841273960319     
        1737  -2023.1433531485543     
        1738  -1995.9756895458800     
        1739  -2001.6554416023291     
        1740  -1997.1853013344446     
        1741  -1999.2756548467760     
        1742  -1997.8442603497572     
        1743  -1985.6209312512854     
        1744  -2006.3099163657087     
        1745  -1980.8762224092413     
        1746  -1963.8278052808039     
        1747  -1970.9332509014032     
        1748  -1975.9983922401611     
        1749  -1995.1556830857176     
        1750  -2018.1627198486544     
        1751  -1979.8214516485041     
        1752  -1964.9289179771004     
        1753  -1925.5066302039318     
        1754  -1949.9292589643564     
        1755  -1961.3445270565765     
        1756  -1930.9990998882208     
        1757  -1937.2107185224781     
        1758  -1965.8194503209811     
        1759  -1980.0306698971285     
        1760  -1992.1044396013822     
        1761  -2002.7579287304891     
        1762  -1982.0427193890450     
        1763  -2005.5530408638558     
        1764  -1957.2868570634159     
        1765  -1967.7247531957837     
        1766  -1963.4133716728516     
        1767  -1996.0886898732217     
        1768  -1993.9795141782613     
        1769  -1987.6129806327988     
        1770  -1987.4043951578522     
        1771  -1959.2011851989237     
        1772  -1970.0923216821227     
        1773  -1971.2973566730241     
        1774  -1953.6140196698511     
        1775  -1951.7218005232246     
        1776  -1971.5792257526593     
        1777  -1947.3865371410875     
        1778  -1964.3856168740251     
        1779  -1977.2349606405337     
        1780  -1966.3927782956787     
        1781  -1949.2446489481033     
        1782  -1971.4140488271823     
        1783  -1970.0414015487272     
        1784  -1983.1832282294208     
        1785  -1999.7649940035292     
        1786  -1996.8749686096023     
        1787  -1989.3925798553905     
        1788  -1995.3244970334110     
        1789  -2005.3884200385612     
        1790  -2040.5199253977264     
        1791  -2031.8743493623431     
        1792  -2003.4090423232685     
        1793  -1989.8042194058439     
        1794  -1992.6513997296438     
        1795  -2013.5669648197425     
        1796  -2050.4923324228862     
        1797  -2032.3778640265330     
        1798  -2024.8222840575297     
        1799  -2032.4799524208840     
        1800  -2009.1202014828161     
        1801  -2003.8182468285245     
        1802  -2013.3748569752208     
        1803  -2045.7430193720770     
        1804  -2050.1724069547417     
        1805  -2062.1429348089318     
        1806  -2055.1697624860531     
        1807  -2045.0722057261946     
        1808  -2080.2707669835013     
        1809  -2083.7553712331555     
        1810  -2062.0581352094305     
        1811  -2080.5255710514371     
        1812  -2066.6097261933028     
        1813  -2071.6906918141090     
        1814  -2083.1390237022979     
        1815  -2107.4912703071977     
        1816  -2095.8359693720331     
        1817  -2047.4400343983546     
        1818  -2071.1399086546644     
        1819  -2079.5165710516335     
        1820  -2055.5324566741192     
        1821  -2055.7356969482039     
        1822  -2072.3603691795597     
        1823  -2078.8586053179010     
        1824  -2050.4842620796926     
        1825  -2044.0760510346283     
        1826  -2048.1302485409092     
        1827  -2019.6223621351533     
        1828  -2018.1717857651804     
        1829  -2056.9302723543278     
        1830  -2031.0552302239009     
        1831  -2004.9165098295116     
        1832  -2048.7398017951778     
        1833  -2014.8174646183954     
        1834  -2045.7029866086941     
        1835  -2019.8462286606969     
        1836  -2025.2416300965597     
        1837  -2011.0409735145784     
        1838  -2053.5142704151135     
        1839  -2082.1791312018540     
        1840  -2110.6092126234316     
        1841  -2062.3459977948391     
        1842  -2036.8013824156019     
        1843  -2040.2731568996244     
        1844  -2080.2162199288819     
        1845  -2100.7817972812827     
        1846  -2115.7968119477500     
        1847  -2130.3654162928660     
        1848  -2145.5389461016134     
        1849  -2121.5129515767021     
        1850  -2096.3920437188062     
        1851  -2091.6803198886232     
        1852  -2045.7243328147022     
        1853  -2036.9139871498285     
        1854  -1998.6826412854716     
        1855  -2011.2063098973820     
        1856  -1999.2590832661901     
        1857  -1982.2078314370085     
        1858  -1999.5714691169958     
        1859  -1979.0394147793113     
        1860  -1974.0650822795367     
        1861  -1972.9371508398881     
        1862  -1973.9331396251980     
        1863  -1955.7409816460533     
        1864  -1938.4681764898478     
        1865  -1951.0002734556397     
        1866  -1998.1399639441613     
        1867  -1994.2535680532117     
        1868  -2020.7187238410179     
        1869  -2013.6255662769097     
        1870  -2008.8261626378396     
        1871  -2006.8835543239290     
        1872  -1991.0590892772673     
        1873  -1947.7833966243311     
        1874  -1946.2048505595958     
        1875  -1962.1578935697660     
        1876  -1970.9106073805156     
        1877  -1962.5822859637383     
        1878  -1985.9671927230786     
        1879  -1956.3340309189630     
        1880  -1939.3205787094828     
        1881  -1947.8486113673191     
        1882  -1917.1464354103352     
        1883  -1951.2842939189372     
        1884  -1941.9881464532680     
        1885  -1920.8741956978149     
        1886  -1959.9848247867883     
        1887  -1984.2287164765823     
        1888  -1991.7955775066464     
        1889  -1963.0187460905424     
        1890  -1976.0064395081545     
        1891  -1961.4346044604495     
        1892  -1951.9626778347824     
        1893  -1980.1462360036446     
        1894  -1994.0597528723508     
        1895  -1997.5193012796078     
        1896  -1987.2835215630250     
        1897  -1972.0627891677836     
        1898  -1991.6395443741494     
        1899  -2015.1584027813597     
        1900  -1993.1732580544665     
        1901  -2001.0906671472535     
        1902  -1995.0280281235434     
        1903  -2025.4005222144658     
        1904  -1996.9643258424492     
        1905  -1993.8138847133821     
        1906  -1974.6144199515372     
        1907  -2014.3847282112442     
        1908  -1990.7009003458440     
        1909  -2000.1797301483948     
        1910  -1996.9173016592447     
        1911  -1986.0874884574725     
        1912  -2002.5690568462428     
        1913  -1983.5374208493758     
        1914  -1985.3272948197216     
        1915  -1938.5806957705502     
        1916  -1949.4781438325281     
        1917  -1968.7413183008684     
        1918  -1994.9157119096594     
        1919  -1992.5648964033651     
        1920  -2011.4083150685713     
        1921  -2022.0313976511600     
        1922  -2023.3489663826354     
        1923  -1993.2266045551373     
        1924  -2003.9666007595538     
        1925  -2018.0950572871764     
        1926  -2024.4446759743039     
        1927  -2038.8928673862565     
        1928  -2014.5258516930085     
        1929  -1981.3414764213628     
        1930  -1988.0999511832399     
        1931  -1985.4044926501163     
        1932  -2000.2499539337718     
        1933  -2001.0033214006094     
        1934  -2007.4231093222108     
        1935  -1998.5705139044007     
        1936  -2002.0346233453597     
        1937  -1975.3852348838559     
        1938  -2001.3538824070010     
        1939  -2030.0637769764342     
        1940  -1991.5131881772904     
        1941  -1991.0914586343915     
        1942  -1991.9607771934600     
        1943  -1980.5969971580091     
        1944  -1990.7426153522563     
        1945  -1969.6784989347007     
        1946  -1973.7762298607258     
        1947  -1979.4652714502461     
        1948  -1985.0312271269866     
        1949  -1959.2378874549927     
        1950  -2006.0535300269994     
        1951  -1991.1256158295423     
        1952  -2026.6940117150691     
        1953  -2000.8051112421945     
        1954  -1980.0376892656673     
        1955  -1960.2363928424054     
        1956  -1970.5047884753776     
        1957  -1983.3381761809158     
        1958  -1988.2524464169385     
        1959  -1997.3806249399850     
        1960  -2005.9766147587336     
        1961  -2028.0804580651943     
        1962  -2026.2695184262539     
        1963  -2045.1213249849750     
        1964  -2044.8058318042984     
        1965  -2079.5321570392666     
        1966  -2072.9798425391250     
        1967  -2062.7674474426885     
        1968  -2075.2471737906762     
        1969  -2117.7357487720915     
        1970  -2126.2394760051943     
        1971  -2086.9821101618700     
        1972  -2069.4726355896651     
        1973  -2098.6654847031982     
        1974  -2074.5754882688930     
        1975  -2031.8121607875180     
        1976  -2037.1763467002907     
        1977  -2003.4982230756298     
        1978  -2029.2283217535858     
        1979  -2020.0566307983447     
        1980  -2005.9462680857309     
        1981  -1992.8167890709722     
        1982  -1986.0931071833666     
        1983  -2001.4749116212151     
        1984  -1991.9364324757580     
        1985  -1982.4875596304576     
        1986  -2009.4477012261286     
        1987  -1996.3160370892163     
        1988  -2006.4859035510399     
        1989  -1988.0319121712155     
        1990  -2001.4940854040301     
        1991  -1989.3447322833765     
        1992  -1996.9775634078023     
        1993  -2005.2159013853511     
        1994  -2027.3563487700212     
        1995  -2001.8087313640599     
        1996  -2005.2678436966044     
        1997  -1981.7619681278914     
        1998  -2000.3173701302462     
        1999  -2010.0562838105745     
        2000  -2037.2484600319729     
