 SAMPLE,  ENERGY
           1  -2532.7058170624014     
           2  -2542.7372890155666     
           3  -2573.4038662671010     
           4  -2515.6232074556119     
           5  -2542.0859549996417     
           6  -2530.4486425658415     
           7  -2557.9176542672490     
           8  -2508.3755573506737     
           9  -2518.2402683713294     
          10  -2553.8039978184952     
          11  -2476.2629447045852     
          12  -2518.8682001857328     
          13  -2559.6499424992903     
          14  -2555.9753616528101     
          15  -2589.3720577347776     
          16  -2549.4111797958626     
          17  -2516.1659433342788     
          18  -2558.4240966858338     
          19  -2517.1742901556877     
          20  -2527.3003965616931     
          21  -2504.0882682245897     
          22  -2560.0098297499994     
          23  -2543.8606062839203     
          24  -2517.0963910085884     
          25  -2567.5478735437309     
          26  -2601.7065377231802     
          27  -2574.6187365776173     
          28  -2543.6685960637374     
          29  -2527.8686779593727     
          30  -2543.9858447092442     
          31  -2521.3737632280431     
          32  -2460.8864101311742     
          33  -2463.6557872227677     
          34  -2454.7362075624415     
          35  -2518.3535057141758     
          36  -2527.1886286050230     
          37  -2523.0363565773650     
          38  -2544.0823415028322     
          39  -2545.9302109516116     
          40  -2576.0138160870943     
          41  -2577.4187385553278     
          42  -2578.0668410490516     
          43  -2567.3691594819829     
          44  -2545.8350573139951     
          45  -2598.3420266392304     
          46  -2515.7093487055658     
          47  -2548.0867650393338     
          48  -2581.2383960744532     
          49  -2533.6248822335288     
          50  -2535.4439560383153     
          51  -2511.8698413659095     
          52  -2539.3884983679372     
          53  -2535.2480348680010     
          54  -2518.1313244179282     
          55  -2587.7320738800495     
          56  -2524.3546330248714     
          57  -2511.6710346489813     
          58  -2612.5716610633108     
          59  -2569.1617985796379     
          60  -2609.2953039405411     
          61  -2578.7128155630212     
          62  -2577.1315564980227     
          63  -2582.1916094634612     
          64  -2579.5356173151217     
          65  -2582.7633377616316     
          66  -2651.8187585748828     
          67  -2650.6953231547141     
          68  -2555.4447382688040     
          69  -2541.6022224785129     
          70  -2536.4968261090376     
          71  -2583.8995705319248     
          72  -2580.0300522046796     
          73  -2599.2232357409098     
          74  -2580.9059851132902     
          75  -2606.6939620855715     
          76  -2634.3833914160773     
          77  -2571.5966141066351     
          78  -2562.2488462609149     
          79  -2480.5720960297863     
          80  -2545.5815817086818     
          81  -2543.0673735022333     
          82  -2539.1969859925598     
          83  -2566.0597701502434     
          84  -2537.3910908934708     
          85  -2585.5430440532705     
          86  -2539.5853463334834     
          87  -2530.1019333823660     
          88  -2550.5725612631536     
          89  -2558.2934957462421     
          90  -2591.0838990817933     
          91  -2542.7718080740219     
          92  -2548.3846873011680     
          93  -2535.1449926094183     
          94  -2605.2517856632103     
          95  -2544.5511806642503     
          96  -2563.9632298755719     
          97  -2550.5087949310782     
          98  -2549.4464914739870     
          99  -2549.3866961345584     
         100  -2531.6322082987786     
         101  -2551.5129549069870     
         102  -2570.8967483667861     
         103  -2602.8783923068040     
         104  -2554.6332183268237     
         105  -2547.3901935475942     
         106  -2552.0834480894764     
         107  -2573.1774947648119     
         108  -2600.5197412330990     
         109  -2522.5854959765793     
         110  -2533.8645863956563     
         111  -2580.9606160478352     
         112  -2579.5216679871005     
         113  -2610.8411329770811     
         114  -2633.5858814169023     
         115  -2584.0632990732270     
         116  -2566.7244648659257     
         117  -2541.2874217106250     
         118  -2573.7575490874365     
         119  -2599.5225449998052     
         120  -2608.2597439555948     
         121  -2605.0564447382253     
         122  -2654.7222547154001     
         123  -2574.3638034165233     
         124  -2552.5492817353088     
         125  -2539.4520963342902     
         126  -2558.9877906267770     
         127  -2559.5441927983816     
         128  -2568.4271860252670     
         129  -2575.3286165797463     
         130  -2614.9224343941082     
         131  -2610.3947504657635     
         132  -2616.7822090397322     
         133  -2625.7372304215792     
         134  -2614.6066238658404     
         135  -2636.8188176847948     
         136  -2633.4439726491355     
         137  -2589.3449744164059     
         138  -2607.3037405221271     
         139  -2557.7201165020188     
         140  -2598.5646332663837     
         141  -2567.8844521423784     
         142  -2617.6802638157224     
         143  -2599.2130117843985     
         144  -2615.8646826787481     
         145  -2579.4793129401337     
         146  -2624.0522632758793     
         147  -2579.9409666857723     
         148  -2635.4138472471304     
         149  -2644.2637736804654     
         150  -2640.5168584663647     
         151  -2624.1600217575810     
         152  -2623.0055227166008     
         153  -2657.7813814922561     
         154  -2636.7108723572419     
         155  -2603.2952536232688     
         156  -2583.0649080089925     
         157  -2568.5109997367526     
         158  -2595.6728408365830     
         159  -2592.2551038703541     
         160  -2587.5656331458667     
         161  -2569.2093715713754     
         162  -2538.5631425661663     
         163  -2499.2024978346681     
         164  -2545.6795440277715     
         165  -2534.5265689854459     
         166  -2525.2353984654537     
         167  -2551.4547394756537     
         168  -2580.6103006049543     
         169  -2575.1276932798401     
         170  -2527.6626214671592     
         171  -2577.2703624731657     
         172  -2584.4892003106570     
         173  -2611.9728401290176     
         174  -2569.9607579604358     
         175  -2528.4623659549106     
         176  -2476.1418364416090     
         177  -2519.8353854141324     
         178  -2497.4978178262159     
         179  -2526.5290247446223     
         180  -2511.0314381365233     
         181  -2556.8435879434915     
         182  -2562.7178932527513     
         183  -2558.5494156680206     
         184  -2566.6016281023876     
         185  -2610.2996035652482     
         186  -2605.5895559391797     
         187  -2552.8198498342254     
         188  -2552.1045932199763     
         189  -2565.3622226194871     
         190  -2556.3778822435038     
         191  -2591.0871954841723     
         192  -2569.6036219016232     
         193  -2617.1217857981596     
         194  -2602.3328561702938     
         195  -2602.1705281722807     
         196  -2575.2346453976274     
         197  -2566.1781621372452     
         198  -2573.0233532525026     
         199  -2607.1240974887387     
         200  -2592.9243722369283     
         201  -2534.0371067518940     
         202  -2618.3395519744859     
         203  -2587.2682524649713     
         204  -2534.1500169424653     
         205  -2616.9369423529920     
         206  -2580.9211194915424     
         207  -2573.5371664699696     
         208  -2604.8290146926388     
         209  -2587.2523656904859     
         210  -2587.8750442576143     
         211  -2568.9224143805623     
         212  -2567.8113355073215     
         213  -2614.0150019732177     
         214  -2622.8078652726035     
         215  -2544.9839944539103     
         216  -2578.6634283144449     
         217  -2630.9788188176431     
         218  -2581.9305634543080     
         219  -2626.3614976035374     
         220  -2646.7483805963784     
         221  -2652.3723081949393     
         222  -2661.7910130240398     
         223  -2643.4120587722018     
         224  -2655.3929370275018     
         225  -2636.2857279471923     
         226  -2667.5171951567613     
         227  -2610.2212863219115     
         228  -2621.9263776147432     
         229  -2616.2581233035262     
         230  -2622.6944026470092     
         231  -2669.2220511106211     
         232  -2665.5164865223483     
         233  -2621.1393053875140     
         234  -2633.2225944853471     
         235  -2624.3689085205870     
         236  -2600.6110089447016     
         237  -2533.9739200275958     
         238  -2597.0289567308073     
         239  -2564.7066656978513     
         240  -2581.1288376095786     
         241  -2601.2359320425612     
         242  -2521.3575233758474     
         243  -2564.9776015011630     
         244  -2585.1132829667490     
         245  -2582.1663197398111     
         246  -2577.5246116439780     
         247  -2544.9322394509504     
         248  -2557.0525704647116     
         249  -2594.7371812126912     
         250  -2614.2956977067720     
         251  -2639.6183282372208     
         252  -2611.5556177791204     
         253  -2608.6052799213085     
         254  -2578.2130921260464     
         255  -2545.1834247532897     
         256  -2572.0318778016394     
         257  -2625.2692964674989     
         258  -2632.1968525792372     
         259  -2578.1225399810241     
         260  -2615.9602248649139     
         261  -2604.9759644983792     
         262  -2652.5506665982484     
         263  -2561.6471310218108     
         264  -2533.7675505392872     
         265  -2564.9048323118627     
         266  -2554.8928290433628     
         267  -2614.1293479155838     
         268  -2615.5809801250352     
         269  -2667.3228070334017     
         270  -2638.1791507714665     
         271  -2565.3983226254286     
         272  -2636.6979271771124     
         273  -2593.0640648642880     
         274  -2623.2088513319918     
         275  -2605.9713723558780     
         276  -2610.6814788130137     
         277  -2616.5624443619422     
         278  -2655.4379454154614     
         279  -2671.1244196648072     
         280  -2657.6107442561429     
         281  -2620.0287335726148     
         282  -2675.3305653715270     
         283  -2682.4933105895175     
         284  -2635.9814597090844     
         285  -2625.6293555843031     
         286  -2647.2724764679392     
         287  -2635.0430775215250     
         288  -2643.8985128849367     
         289  -2613.7613425274722     
         290  -2667.8925450297220     
         291  -2645.1245539391098     
         292  -2567.4881364971588     
         293  -2615.6983772397434     
         294  -2625.6633732190144     
         295  -2641.5085548277252     
         296  -2620.5207916587697     
         297  -2601.9967584889382     
         298  -2616.9303807187184     
         299  -2564.0551324448720     
         300  -2595.9627709312913     
         301  -2582.7700069926054     
         302  -2574.9708571599890     
         303  -2539.2936532030481     
         304  -2551.7252876279290     
         305  -2588.5929646555164     
         306  -2586.2753248706586     
         307  -2618.0548218013919     
         308  -2629.7726583642875     
         309  -2616.2759763645240     
         310  -2630.4516260110299     
         311  -2557.8833755490555     
         312  -2596.6125989737798     
         313  -2662.2130574350631     
         314  -2615.4722754351292     
         315  -2583.2420608159364     
         316  -2603.2981685342811     
         317  -2600.6176233914475     
         318  -2650.1648896137231     
         319  -2648.7497617323847     
         320  -2630.5263717968874     
         321  -2650.7032490199740     
         322  -2635.3329014275091     
         323  -2661.4594850535823     
         324  -2687.7094581467049     
         325  -2713.4865332328659     
         326  -2704.4477376958212     
         327  -2699.3578100548129     
         328  -2676.4457643001419     
         329  -2678.0848653867542     
         330  -2600.2118899622192     
         331  -2590.2809748735817     
         332  -2557.2613966382287     
         333  -2556.3107304432428     
         334  -2583.0369211433081     
         335  -2546.9958364123249     
         336  -2651.0377140093119     
         337  -2660.3606573654506     
         338  -2622.1733181338627     
         339  -2615.7204717495260     
         340  -2596.7777727678431     
         341  -2570.7023505180573     
         342  -2583.7506790957682     
         343  -2626.1833405675361     
         344  -2587.2744934671423     
         345  -2582.0341017158630     
         346  -2614.0274671483653     
         347  -2592.2709482959526     
         348  -2565.1192852635868     
         349  -2617.2090284792152     
         350  -2619.2450233577342     
         351  -2624.8036479481734     
         352  -2640.4935915013602     
         353  -2635.7311870992744     
         354  -2635.4101346382377     
         355  -2554.3610989624895     
         356  -2587.4051614661844     
         357  -2610.9127958050435     
         358  -2619.1430197297123     
         359  -2598.7908863479943     
         360  -2612.3847972851081     
         361  -2569.7960185985157     
         362  -2544.6855568537690     
         363  -2555.1557242989088     
         364  -2586.4054190998158     
         365  -2604.6983074280311     
         366  -2676.4809836689010     
         367  -2670.3371283185920     
         368  -2608.2590794007383     
         369  -2623.2402408539742     
         370  -2601.6427862293044     
         371  -2638.7377832731863     
         372  -2644.8628201315146     
         373  -2602.3778680321234     
         374  -2497.6391953300040     
         375  -2560.5559061144372     
         376  -2602.3010147442997     
         377  -2626.3199690061615     
         378  -2590.3062692043986     
         379  -2541.2514789057486     
         380  -2568.2989932440414     
         381  -2652.4445163253376     
         382  -2637.5600317906255     
         383  -2574.0963757122558     
         384  -2640.7804411355523     
         385  -2610.1031757420305     
         386  -2620.2997236222072     
         387  -2646.4130814171212     
         388  -2612.0225789561673     
         389  -2626.6329143537041     
         390  -2647.2785787540065     
         391  -2577.1871723417617     
         392  -2609.6105908665922     
         393  -2641.2802867265355     
         394  -2620.5108780151104     
         395  -2604.0830484408189     
         396  -2597.6566895023079     
         397  -2600.4137606214745     
         398  -2619.4683310285727     
         399  -2620.2180594151582     
         400  -2552.8971382604441     
         401  -2593.0138068029582     
         402  -2528.0692563973357     
         403  -2591.4914327353481     
         404  -2530.3826475508690     
         405  -2615.3758933463214     
         406  -2652.3724310635707     
         407  -2637.0589864682966     
         408  -2607.3586736790699     
         409  -2587.0162212789132     
         410  -2592.9306237007218     
         411  -2618.3531460221420     
         412  -2579.0343387238122     
         413  -2625.0147218296315     
         414  -2599.2198426248665     
         415  -2549.4172074661055     
         416  -2590.3187418856410     
         417  -2563.3941069889734     
         418  -2581.8517515775234     
         419  -2550.2959653682124     
         420  -2564.5730627711282     
         421  -2576.5311918837938     
         422  -2654.9996010345321     
         423  -2659.3092028436859     
         424  -2659.8006486812342     
         425  -2596.9949945500430     
         426  -2619.8532710802187     
         427  -2600.6219504889045     
         428  -2630.0653886878576     
         429  -2571.4790560908564     
         430  -2586.6576470124546     
         431  -2575.3728498050500     
         432  -2569.7545527448997     
         433  -2511.4582667953628     
         434  -2536.6025871687566     
         435  -2564.9247871574817     
         436  -2588.8128684559247     
         437  -2607.8820085397606     
         438  -2615.7129476157829     
         439  -2584.8156838288919     
         440  -2621.0286599173724     
         441  -2587.9747723217329     
         442  -2582.0920460854004     
         443  -2553.0375748754427     
         444  -2512.7183448764922     
         445  -2492.3790680626967     
         446  -2478.1065860098320     
         447  -2511.8267209312571     
         448  -2521.4149446805013     
         449  -2518.8353205760491     
         450  -2507.8658005203447     
         451  -2568.1201351752638     
         452  -2598.2930898410959     
         453  -2631.6146643892016     
         454  -2629.6291895668114     
         455  -2632.6999286392265     
         456  -2641.5335336196076     
         457  -2578.6048384625938     
         458  -2645.1349816407019     
         459  -2647.5609013685448     
         460  -2638.6184851716944     
         461  -2646.9964409757281     
         462  -2665.2817331648666     
         463  -2629.5047936160486     
         464  -2570.0907560936071     
         465  -2618.2334073401821     
         466  -2622.2310109100599     
         467  -2586.3128896969702     
         468  -2572.6970189316980     
         469  -2611.5345464799375     
         470  -2620.4094872874034     
         471  -2636.6184971094926     
         472  -2611.3938249074213     
         473  -2615.9874178607670     
         474  -2575.7034534618151     
         475  -2619.7525539408625     
         476  -2636.0136976515555     
         477  -2607.0438295085573     
         478  -2598.7519928202232     
         479  -2573.5364505118318     
         480  -2568.0012563756700     
         481  -2638.5784945197229     
         482  -2647.2405572414673     
         483  -2576.6465333370038     
         484  -2632.8681287687759     
         485  -2678.5557511296847     
         486  -2646.1427665217520     
         487  -2619.4229240206914     
         488  -2643.8759195700118     
         489  -2637.6469323057909     
         490  -2667.8349228508664     
         491  -2619.2434484604514     
         492  -2641.0152619724281     
         493  -2644.3867733423549     
         494  -2596.8626652092748     
         495  -2559.6996933556838     
         496  -2610.5647829433506     
         497  -2626.1108152938423     
         498  -2653.8740477610686     
         499  -2626.1058091374143     
         500  -2641.0830634339382     
         501  -2615.3069203473187     
         502  -2601.7279173024353     
         503  -2610.1270622751995     
         504  -2630.1642940238658     
         505  -2585.1459806144371     
         506  -2574.2215552403441     
         507  -2568.2510244657360     
         508  -2629.1600752496215     
         509  -2670.0032251740931     
         510  -2615.9852470403180     
         511  -2623.2878714445724     
         512  -2584.2402372610641     
         513  -2603.8664784022685     
         514  -2604.9339637179060     
         515  -2628.0744238911675     
         516  -2607.1700605758006     
         517  -2588.7804452204223     
         518  -2616.4327220297337     
         519  -2606.9587391032496     
         520  -2653.4532184193572     
         521  -2560.9828954701120     
         522  -2572.5250237413907     
         523  -2556.5083270143550     
         524  -2583.7718819121524     
         525  -2628.5498419406772     
         526  -2624.2116425713880     
         527  -2624.0105417299756     
         528  -2577.4021691972989     
         529  -2591.2731277526045     
         530  -2598.4384760993253     
         531  -2565.1664072738004     
         532  -2568.5188111919365     
         533  -2563.1145365644734     
         534  -2605.7818164337791     
         535  -2597.4504808050988     
         536  -2563.5999780802531     
         537  -2573.9412321233681     
         538  -2627.6739897446687     
         539  -2626.9762901368044     
         540  -2621.3471064486807     
         541  -2661.9731656313475     
         542  -2630.9839494617522     
         543  -2600.9534557499533     
         544  -2560.2337451305716     
         545  -2644.3981955837035     
         546  -2633.8437651821855     
         547  -2654.8479565642497     
         548  -2671.9516379974807     
         549  -2641.0147826637167     
         550  -2670.1445897437447     
         551  -2548.3079931329021     
         552  -2609.0560855898707     
         553  -2599.9974837072364     
         554  -2618.2816126545235     
         555  -2564.2352863707570     
         556  -2449.2285236972889     
         557  -2443.4787974310980     
         558  -2494.0076155981728     
         559  -2534.7920295385661     
         560  -2511.8286294832142     
         561  -2540.7480672973306     
         562  -2590.8571589646958     
         563  -2567.3463976637604     
         564  -2617.2044582182443     
         565  -2649.3382221109832     
         566  -2598.4887102084149     
         567  -2621.2893298545400     
         568  -2574.4003435009345     
         569  -2570.5397064574704     
         570  -2562.1031552955747     
         571  -2550.7657259586313     
         572  -2566.6876634049722     
         573  -2580.3058750651503     
         574  -2522.9323803207162     
         575  -2515.3768204843154     
         576  -2512.5667650972400     
         577  -2530.9524772515751     
         578  -2552.2164036417676     
         579  -2573.0797054779914     
         580  -2573.6250291756205     
         581  -2587.8886110769513     
         582  -2604.8253477519070     
         583  -2556.6686825366919     
         584  -2525.5100589509616     
         585  -2536.0609206818731     
         586  -2534.1918788124658     
         587  -2536.9848710249289     
         588  -2503.1769186035235     
         589  -2515.7233023399021     
         590  -2535.4347583121612     
         591  -2567.8098773563520     
         592  -2644.8957978913058     
         593  -2632.8442916094759     
         594  -2603.8104455937450     
         595  -2587.2116085657344     
         596  -2545.1986848296342     
         597  -2619.0152317204379     
         598  -2576.7085116715093     
         599  -2573.3026621947988     
         600  -2550.9937477577782     
         601  -2546.8940070627659     
         602  -2477.3284904558927     
         603  -2502.4262160128037     
         604  -2509.6423674407374     
         605  -2508.2588115391004     
         606  -2545.4271137082328     
         607  -2577.1347779445323     
         608  -2531.8873077193671     
         609  -2519.9995014043193     
         610  -2511.1409639865674     
         611  -2548.0794768528644     
         612  -2493.1159562213174     
         613  -2548.3635841296650     
         614  -2547.7833454971023     
         615  -2559.1553845556682     
         616  -2591.9808417826912     
         617  -2570.8424440094509     
         618  -2543.8770400357921     
         619  -2635.0339501751200     
         620  -2578.4246504230273     
         621  -2596.8177941027134     
         622  -2594.4515598645412     
         623  -2558.5129469750054     
         624  -2619.3627815375362     
         625  -2594.8046567089814     
         626  -2588.3896173605212     
         627  -2613.1775586131921     
         628  -2579.4056131341040     
         629  -2609.4804313205259     
         630  -2515.7296221874353     
         631  -2603.5475480913396     
         632  -2519.0669570900714     
         633  -2588.0593128529276     
         634  -2608.9671410000660     
         635  -2652.8269069981734     
         636  -2598.4202555173497     
         637  -2588.0306438487319     
         638  -2639.7056418137331     
         639  -2604.8219260348469     
         640  -2593.6395844101503     
         641  -2619.1553969111178     
         642  -2621.4407106193821     
         643  -2608.1790491261281     
         644  -2582.9521870743570     
         645  -2628.8309427491099     
         646  -2604.8760811431043     
         647  -2570.1841438175652     
         648  -2594.0698694042362     
         649  -2637.0757097683636     
         650  -2620.4345941054503     
         651  -2598.6711032421081     
         652  -2586.7761045824755     
         653  -2588.6785241421503     
         654  -2625.7078038810996     
         655  -2616.8455161169859     
         656  -2618.1548973089343     
         657  -2612.9226134942614     
         658  -2601.5212550618012     
         659  -2574.7972901997437     
         660  -2575.6741009656034     
         661  -2592.7105528679022     
         662  -2613.1923027518765     
         663  -2639.8504914035366     
         664  -2600.8761798282676     
         665  -2595.0830518224907     
         666  -2650.0643989098462     
         667  -2652.4073539088408     
         668  -2618.1348898748006     
         669  -2634.8304030012946     
         670  -2657.4068378006723     
         671  -2609.9014067688454     
         672  -2569.8425405249350     
         673  -2573.5961035605360     
         674  -2564.2318839594118     
         675  -2626.4527738190191     
         676  -2644.6327439989918     
         677  -2633.2200477069487     
         678  -2613.2871566651797     
         679  -2619.9063185545629     
         680  -2628.6856442201915     
         681  -2655.2624766142053     
         682  -2667.3204039361617     
         683  -2665.1344710529779     
         684  -2617.9567589469484     
         685  -2617.6814706841228     
         686  -2627.5249919631910     
         687  -2622.5989827580447     
         688  -2662.3421811783119     
         689  -2620.1309966624963     
         690  -2585.3199310864320     
         691  -2572.5425597831063     
         692  -2593.0730302170223     
         693  -2573.3483861943546     
         694  -2627.1042296905962     
         695  -2621.7471708826583     
         696  -2555.5532837730393     
         697  -2550.7947016201269     
         698  -2611.4052812420391     
         699  -2609.6122194199020     
         700  -2590.3752653111860     
         701  -2554.5907718145854     
         702  -2615.9785099239243     
         703  -2632.2788736108018     
         704  -2638.2289635066195     
         705  -2604.7946861084920     
         706  -2619.1987879691173     
         707  -2618.1906384370259     
         708  -2590.4898635693316     
         709  -2608.7358018920559     
         710  -2666.1990634404651     
         711  -2589.4015090806365     
         712  -2568.0260935995689     
         713  -2609.5906334680958     
         714  -2612.9931676704268     
         715  -2591.3335430179413     
         716  -2619.8575448340848     
         717  -2574.6084561533521     
         718  -2520.7241949129607     
         719  -2534.7988873157610     
         720  -2548.7499993299498     
         721  -2571.9954973772337     
         722  -2515.9104915154712     
         723  -2569.8507302034382     
         724  -2521.4600876722507     
         725  -2532.7236180117816     
         726  -2504.3028036793667     
         727  -2532.2754738342942     
         728  -2505.6828021326096     
         729  -2502.9920899472145     
         730  -2527.9753208958991     
         731  -2522.2095594902339     
         732  -2533.0351286295149     
         733  -2506.1909189434318     
         734  -2512.7702907624252     
         735  -2544.8734791758861     
         736  -2538.4186262342628     
         737  -2568.8305992766423     
         738  -2593.9237149304558     
         739  -2570.1106381059167     
         740  -2565.1643965253988     
         741  -2558.2884447260794     
         742  -2522.7578892088623     
         743  -2522.6295641225415     
         744  -2533.5691251064800     
         745  -2566.9437779149289     
         746  -2575.0044179890056     
         747  -2595.2364334952085     
         748  -2543.7784636826755     
         749  -2451.7461739878663     
         750  -2444.0062462889473     
         751  -2547.9737286222307     
         752  -2510.2433270834372     
         753  -2565.2168091811459     
         754  -2595.3341140803996     
         755  -2573.8955712711681     
         756  -2552.4658499472698     
         757  -2538.0140999772730     
         758  -2548.9597837792276     
         759  -2494.3475523676684     
         760  -2499.0094382219636     
         761  -2503.9381675515397     
         762  -2524.7548768335732     
         763  -2533.9387323314731     
         764  -2468.0300319165717     
         765  -2504.3535297853341     
         766  -2480.6731229991315     
         767  -2551.4448056682413     
         768  -2532.8629113414763     
         769  -2534.8216573850123     
         770  -2501.9882209985349     
         771  -2523.3916979395703     
         772  -2576.4241110327112     
         773  -2577.9410500177150     
         774  -2558.7035009484039     
         775  -2524.8625412215101     
         776  -2543.4621460167987     
         777  -2501.8338841554960     
         778  -2494.8848937366665     
         779  -2453.0461927910078     
         780  -2514.9731134774656     
         781  -2486.5866595239731     
         782  -2507.2539830769633     
         783  -2528.9853328382274     
         784  -2543.9421319711314     
         785  -2529.2562947246142     
         786  -2508.6913730566639     
         787  -2563.4107788582910     
         788  -2574.8646218958925     
         789  -2561.9589650651310     
         790  -2536.6059247398903     
         791  -2530.7722406359767     
         792  -2508.0350437731754     
         793  -2509.6103010911329     
         794  -2525.1725930778539     
         795  -2505.2066765464369     
         796  -2522.7844189130265     
         797  -2543.9029798193637     
         798  -2544.3346705459180     
         799  -2558.1841504641493     
         800  -2540.8581802843491     
         801  -2556.0493436565393     
         802  -2571.6915579513661     
         803  -2503.0468578893592     
         804  -2567.9272024971388     
         805  -2576.2164414175686     
         806  -2528.1248697949109     
         807  -2518.5654641416272     
         808  -2566.4148326537479     
         809  -2585.7422154256296     
         810  -2591.4794144379189     
         811  -2557.0161492259190     
         812  -2530.9788635858904     
         813  -2584.5183347173702     
         814  -2502.1137592371638     
         815  -2467.3789114476053     
         816  -2458.5843440550943     
         817  -2481.1552722233591     
         818  -2532.4076820720493     
         819  -2543.2928021143675     
         820  -2558.4401093199958     
         821  -2558.7622000378719     
         822  -2567.8553994998538     
         823  -2562.9511839949050     
         824  -2584.7732985476464     
         825  -2584.1283630381886     
         826  -2560.5348752236232     
         827  -2498.1464252063433     
         828  -2539.6441961182040     
         829  -2564.4876228796770     
         830  -2523.3443355118961     
         831  -2499.0634324794464     
         832  -2513.0913283278201     
         833  -2566.5337213257030     
         834  -2572.8830806344181     
         835  -2554.1018995748846     
         836  -2559.9930229762522     
         837  -2567.6340078922453     
         838  -2518.7650996919151     
         839  -2543.1066355914295     
         840  -2549.4304431996329     
         841  -2571.1830879037575     
         842  -2552.6303236369608     
         843  -2531.1875676349687     
         844  -2576.0458488935865     
         845  -2618.5650226780213     
         846  -2597.0961614325161     
         847  -2568.5582720941507     
         848  -2509.8864517648344     
         849  -2510.0696061413687     
         850  -2569.6194201871804     
         851  -2567.4081244868221     
         852  -2544.3721124094868     
         853  -2535.2931053551306     
         854  -2543.4838192297029     
         855  -2574.2798108073684     
         856  -2593.2294523415048     
         857  -2606.1471023924319     
         858  -2571.2829915275347     
         859  -2592.1546549654895     
         860  -2554.7807764067570     
         861  -2540.5922984599651     
         862  -2552.4743570734886     
         863  -2574.7189031898456     
         864  -2594.9361845294261     
         865  -2589.8170956002191     
         866  -2595.8893038212650     
         867  -2566.9070431034420     
         868  -2529.8101942907865     
         869  -2538.8277315963228     
         870  -2540.1041984041485     
         871  -2560.6029682223516     
         872  -2579.0149829907573     
         873  -2579.5615238435780     
         874  -2526.1414140775846     
         875  -2515.7304022063608     
         876  -2557.6646373877729     
         877  -2554.2324942746113     
         878  -2646.8916513670506     
         879  -2612.7293238809225     
         880  -2625.5903320473822     
         881  -2618.0176407996355     
         882  -2583.3910059070467     
         883  -2645.3995966420493     
         884  -2565.7984683105069     
         885  -2609.6849761055469     
         886  -2501.3627187398101     
         887  -2536.2769948054715     
         888  -2583.9731238259083     
         889  -2577.2551465231745     
         890  -2609.3169456987862     
         891  -2588.8589075949676     
         892  -2580.1319879558132     
         893  -2546.3111701678845     
         894  -2591.7922137346795     
         895  -2597.4691340355785     
         896  -2640.4862030468657     
         897  -2601.3940089458274     
         898  -2572.7651361213366     
         899  -2540.0476752592513     
         900  -2537.1151955612436     
         901  -2578.1834897385024     
         902  -2541.8716942358751     
         903  -2612.7835400371819     
         904  -2606.2595943698839     
         905  -2615.9414448412954     
         906  -2610.0372387016187     
         907  -2610.4260946894074     
         908  -2553.9816285315951     
         909  -2565.9618345644053     
         910  -2532.2005495186377     
         911  -2621.3879771459783     
         912  -2527.2819356185660     
         913  -2515.9452345505879     
         914  -2565.7435099525260     
         915  -2599.2415425205545     
         916  -2594.0762188523249     
         917  -2614.0338574800780     
         918  -2581.3162538239853     
         919  -2604.1288087759003     
         920  -2592.3003008305614     
         921  -2601.9565541327684     
         922  -2572.4879518925550     
         923  -2601.1091463735343     
         924  -2607.6311977868277     
         925  -2594.5088697799415     
         926  -2574.5915317246454     
         927  -2499.5018588362327     
         928  -2482.9709839833367     
         929  -2559.5996640207914     
         930  -2556.4024455472850     
         931  -2486.6686930734036     
         932  -2492.1444275167614     
         933  -2552.1528313270469     
         934  -2572.0819364136560     
         935  -2560.7504232063834     
         936  -2598.2965229397105     
         937  -2621.9181448420013     
         938  -2616.4594583858043     
         939  -2591.7936973543383     
         940  -2580.7165443422418     
         941  -2578.6405587602430     
         942  -2611.4955029363891     
         943  -2571.8638234455370     
         944  -2571.3781733315113     
         945  -2574.9916284851156     
         946  -2574.6345495861451     
         947  -2540.7988512397801     
         948  -2560.9356491826538     
         949  -2545.7247651531816     
         950  -2554.5235937334933     
         951  -2600.1354388722066     
         952  -2542.5486304153987     
         953  -2553.3907406631688     
         954  -2562.7666278749480     
         955  -2580.3606243020772     
         956  -2551.2152765407591     
         957  -2554.9439522502530     
         958  -2579.9269081464436     
         959  -2521.1319947306083     
         960  -2574.6539646984156     
         961  -2572.9841715551634     
         962  -2609.9228474044430     
         963  -2630.3591036783682     
         964  -2559.2491536827956     
         965  -2648.2721373197342     
         966  -2626.9629130915546     
         967  -2614.3294057527851     
         968  -2629.5788313763833     
         969  -2611.2266481625734     
         970  -2625.9908047165500     
         971  -2574.4984425865550     
         972  -2604.8316828619709     
         973  -2601.2478479219126     
         974  -2610.6651246974056     
         975  -2598.6325626691255     
         976  -2601.3951377577218     
         977  -2587.6772199346510     
         978  -2571.3052446717479     
         979  -2574.8525356342429     
         980  -2578.8496841375481     
         981  -2595.1998046396479     
         982  -2599.2038747335405     
         983  -2618.3367154141538     
         984  -2634.6456381140065     
         985  -2658.8325423157112     
         986  -2608.1072223235751     
         987  -2604.9633588204761     
         988  -2554.1614817434688     
         989  -2625.9414315640188     
         990  -2592.1970524348876     
         991  -2589.8419798038767     
         992  -2637.7166422671035     
         993  -2619.2711928516992     
         994  -2588.0683979164282     
         995  -2551.0098986708708     
         996  -2577.8042058023993     
         997  -2533.7089697735373     
         998  -2611.1904197285330     
         999  -2568.8963089775712     
        1000  -2572.5125281676196     
        1001  -2569.2539548979253     
        1002  -2598.7924031785315     
        1003  -2577.7563301861164     
        1004  -2573.5079793374139     
        1005  -2580.0835653017925     
        1006  -2582.2308225903907     
        1007  -2555.4085034231102     
        1008  -2566.8736316994718     
        1009  -2579.0933972753064     
        1010  -2604.6399908147209     
        1011  -2602.7443600004704     
        1012  -2515.2272033358317     
        1013  -2535.2844194786276     
        1014  -2511.9984798313749     
        1015  -2577.4863274955892     
        1016  -2557.4038215574142     
        1017  -2600.4888052141932     
        1018  -2552.0388398444197     
        1019  -2603.8703437865515     
        1020  -2592.2763018616715     
        1021  -2610.7607022271841     
        1022  -2606.8227836924962     
        1023  -2617.0015319467802     
        1024  -2572.1533232874103     
        1025  -2559.8946008269381     
        1026  -2560.4798454870024     
        1027  -2593.6003650784151     
        1028  -2606.6688672279806     
        1029  -2629.2535745850887     
        1030  -2541.3050546259519     
        1031  -2528.7632638239174     
        1032  -2565.4628815867190     
        1033  -2585.4793448684381     
        1034  -2544.4846896084605     
        1035  -2576.6693642578730     
        1036  -2590.9998517681970     
        1037  -2626.1113095618953     
        1038  -2573.6997814290658     
        1039  -2603.4438307775017     
        1040  -2651.5868331537413     
        1041  -2658.9870922078621     
        1042  -2655.3446444574333     
        1043  -2649.9496728516779     
        1044  -2610.6968511872547     
        1045  -2581.7733883956789     
        1046  -2583.4900797598557     
        1047  -2547.2839288364426     
        1048  -2574.3215934206924     
        1049  -2604.6486484532752     
        1050  -2630.0451248111140     
        1051  -2622.5993440397501     
        1052  -2617.0674231971475     
        1053  -2543.6396447649686     
        1054  -2564.2344511693182     
        1055  -2577.8819822207010     
        1056  -2580.2968828434832     
        1057  -2637.6140756090449     
        1058  -2635.2404050844270     
        1059  -2636.3597489389422     
        1060  -2646.2111514037006     
        1061  -2696.8719211322978     
        1062  -2657.8409298054644     
        1063  -2629.0140416557460     
        1064  -2638.9122295852571     
        1065  -2592.1082058071324     
        1066  -2620.9486181616285     
        1067  -2643.1861849754005     
        1068  -2664.4489886046777     
        1069  -2621.3602451673446     
        1070  -2575.4517848485225     
        1071  -2549.6345310229467     
        1072  -2585.2184146983404     
        1073  -2529.3829116048692     
        1074  -2572.6023826454775     
        1075  -2579.7377739351668     
        1076  -2611.9754233835260     
        1077  -2595.6173872595227     
        1078  -2514.9821960010931     
        1079  -2542.0818757203347     
        1080  -2496.1068961281649     
        1081  -2549.4789834979774     
        1082  -2534.9559670465442     
        1083  -2501.1420891219300     
        1084  -2508.1631932669329     
        1085  -2519.7626299499389     
        1086  -2483.0004185757148     
        1087  -2483.1323656927530     
        1088  -2452.7941984346194     
        1089  -2414.8483338434153     
        1090  -2481.9893433008533     
        1091  -2491.6310596845628     
        1092  -2453.5148428911270     
        1093  -2522.9280415979715     
        1094  -2476.7813179005602     
        1095  -2489.0324274986319     
        1096  -2539.7954018272439     
        1097  -2496.6807226764017     
        1098  -2478.4502404125296     
        1099  -2456.0880038162109     
        1100  -2491.6752754681943     
        1101  -2545.5966523990292     
        1102  -2509.3960889990317     
        1103  -2508.9322911807799     
        1104  -2504.2781594942758     
        1105  -2510.3394674330120     
        1106  -2580.5807611198261     
        1107  -2593.5635698158740     
        1108  -2564.2287862055214     
        1109  -2595.2334786165043     
        1110  -2522.3600434350465     
        1111  -2509.3347731979306     
        1112  -2496.3808615836961     
        1113  -2517.4042722829076     
        1114  -2479.3593400653244     
        1115  -2474.4126693307048     
        1116  -2463.9569305436130     
        1117  -2596.1445655948642     
        1118  -2579.8885687733700     
        1119  -2579.3788713764379     
        1120  -2540.8139259492914     
        1121  -2545.4680410123115     
        1122  -2579.1815987495052     
        1123  -2522.4580561181397     
        1124  -2555.4990894183611     
        1125  -2566.2682170064440     
        1126  -2550.0338627299484     
        1127  -2518.7599915583173     
        1128  -2532.0444462702562     
        1129  -2525.2069314616251     
        1130  -2454.9805753692490     
        1131  -2505.8461839261790     
        1132  -2495.3201928186409     
        1133  -2502.9192954882824     
        1134  -2497.5420275832139     
        1135  -2557.8671413628435     
        1136  -2567.8110392094522     
        1137  -2553.0138202695912     
        1138  -2615.4460331317155     
        1139  -2542.3708762450556     
        1140  -2551.2596935275183     
        1141  -2551.6319368010518     
        1142  -2504.1380368904624     
        1143  -2550.8076828887306     
        1144  -2535.9759715061214     
        1145  -2541.2470514509187     
        1146  -2544.6598594523639     
        1147  -2533.1450535184117     
        1148  -2587.8835067110813     
        1149  -2584.2751988003388     
        1150  -2555.6589316155337     
        1151  -2465.1774432865213     
        1152  -2531.9114885741110     
        1153  -2511.8530895992230     
        1154  -2526.1265095498529     
        1155  -2496.2224362763382     
        1156  -2509.5906702878469     
        1157  -2534.1295584191166     
        1158  -2560.6602338812741     
        1159  -2481.2489293088615     
        1160  -2545.5556744834462     
        1161  -2554.5189613771540     
        1162  -2517.4696728188251     
        1163  -2564.0882732481364     
        1164  -2506.6564809960050     
        1165  -2536.4753831854496     
        1166  -2583.1342897660129     
        1167  -2570.8842350502873     
        1168  -2592.8710867855925     
        1169  -2534.5593062815733     
        1170  -2482.9513281070685     
        1171  -2484.0284413051504     
        1172  -2458.8674223800717     
        1173  -2559.5915449446052     
        1174  -2580.3324712056769     
        1175  -2658.3666596716071     
        1176  -2625.6356109013227     
        1177  -2638.5022553235826     
        1178  -2545.9763989216071     
        1179  -2546.4033655771527     
        1180  -2493.8828866575932     
        1181  -2538.4139107152896     
        1182  -2535.8438079301386     
        1183  -2555.7052313622630     
        1184  -2553.1768517255819     
        1185  -2594.9825063005128     
        1186  -2578.3556839864127     
        1187  -2558.9275807149629     
        1188  -2563.9091043876529     
        1189  -2508.9808035424039     
        1190  -2523.1566384906537     
        1191  -2608.1010843138765     
        1192  -2610.4275667026059     
        1193  -2554.5209046072900     
        1194  -2586.2688744137313     
        1195  -2563.2475639852873     
        1196  -2544.3137081612754     
        1197  -2566.9330980377063     
        1198  -2569.2265434951305     
        1199  -2564.2696325659158     
        1200  -2556.2013107144808     
        1201  -2572.9133471445393     
        1202  -2538.6200203268063     
        1203  -2574.4075411566596     
        1204  -2541.0949829091819     
        1205  -2582.0789939105198     
        1206  -2540.3966457253700     
        1207  -2521.2015168243656     
        1208  -2508.3326591174164     
        1209  -2537.7075530142502     
        1210  -2544.5198623495298     
        1211  -2526.9879690297880     
        1212  -2539.1030822893918     
        1213  -2518.4622187379696     
        1214  -2451.3563785040019     
        1215  -2452.6266291861893     
        1216  -2496.9296428620028     
        1217  -2493.4763566591846     
        1218  -2556.4849056374733     
        1219  -2527.5360422712210     
        1220  -2485.5907936028416     
        1221  -2627.1692623951203     
        1222  -2609.9130702444299     
        1223  -2590.7927299503926     
        1224  -2599.4424197897220     
        1225  -2515.2957469849362     
        1226  -2547.4891542841747     
        1227  -2515.2017177156954     
        1228  -2592.4349369631013     
        1229  -2607.0599399851317     
        1230  -2631.3206697842656     
        1231  -2508.6317791104384     
        1232  -2589.4030112548667     
        1233  -2594.5600199652613     
        1234  -2566.4307300571081     
        1235  -2600.1780625219462     
        1236  -2605.0502743973475     
        1237  -2586.1733444272886     
        1238  -2600.2986143876715     
        1239  -2589.5174976384392     
        1240  -2592.3450892240144     
        1241  -2574.2080940013007     
        1242  -2590.8132316806405     
        1243  -2582.8375908880257     
        1244  -2591.6059487851107     
        1245  -2628.4901219071135     
        1246  -2555.5152518220502     
        1247  -2552.5925308860737     
        1248  -2518.6205312104889     
        1249  -2521.5259148351711     
        1250  -2544.6303881675335     
        1251  -2571.5963507100605     
        1252  -2519.8747714590213     
        1253  -2519.1994970693545     
        1254  -2591.7167019161066     
        1255  -2631.2332771517913     
        1256  -2653.5973605614422     
        1257  -2626.1277541936938     
        1258  -2611.5816952936784     
        1259  -2594.2745176058111     
        1260  -2622.1070131048332     
        1261  -2655.7057679157156     
        1262  -2610.6842397735049     
        1263  -2595.3540248024333     
        1264  -2596.3568621581594     
        1265  -2641.2463778141769     
        1266  -2558.7314231909513     
        1267  -2560.3210819094402     
        1268  -2550.5837595679818     
        1269  -2609.1045376740267     
        1270  -2561.9314704302633     
        1271  -2557.6266797308240     
        1272  -2559.7051896904145     
        1273  -2619.4074298387668     
        1274  -2580.5491382123914     
        1275  -2586.8006735402300     
        1276  -2623.2846008435467     
        1277  -2606.0389172561090     
        1278  -2575.8780963249728     
        1279  -2568.8287888145651     
        1280  -2588.9326659369945     
        1281  -2596.5374075075779     
        1282  -2524.2549797787037     
        1283  -2538.1466968320146     
        1284  -2549.6471095488791     
        1285  -2572.9149758952999     
        1286  -2551.9204171480064     
        1287  -2637.1792805750115     
        1288  -2590.0129633104284     
        1289  -2578.8400883079303     
        1290  -2619.3243438014347     
        1291  -2618.6903081194359     
        1292  -2648.1732353721159     
        1293  -2565.3429934202863     
        1294  -2564.1913898065091     
        1295  -2560.4095914680515     
        1296  -2586.5893656305921     
        1297  -2534.3270991484333     
        1298  -2567.4397234020753     
        1299  -2572.6463431798988     
        1300  -2534.8159538071764     
        1301  -2612.4919137179463     
        1302  -2566.2198500976888     
        1303  -2536.9898859743771     
        1304  -2557.0217933206536     
        1305  -2556.6921477955220     
        1306  -2529.8784563304598     
        1307  -2497.7611882737274     
        1308  -2512.6668185389553     
        1309  -2507.0652503424776     
        1310  -2508.7555560840647     
        1311  -2527.1619502426142     
        1312  -2530.8319655120717     
        1313  -2501.3330483971145     
        1314  -2510.1378078224225     
        1315  -2526.5429632972068     
        1316  -2519.4304718125463     
        1317  -2471.5953091491233     
        1318  -2479.9328455683685     
        1319  -2548.5741703596918     
        1320  -2539.9313109542691     
        1321  -2556.1335030743253     
        1322  -2526.9578613950930     
        1323  -2516.2312865234608     
        1324  -2565.4238122617726     
        1325  -2537.9651825234887     
        1326  -2598.0434975481262     
        1327  -2536.3008387014347     
        1328  -2493.5133857592728     
        1329  -2528.3784160855284     
        1330  -2519.5121932478150     
        1331  -2589.2441554797356     
        1332  -2593.3730463323413     
        1333  -2601.8292058704724     
        1334  -2550.4716588337847     
        1335  -2541.8867151289701     
        1336  -2514.2393010806322     
        1337  -2521.3076655428736     
        1338  -2539.7068472505866     
        1339  -2556.3712807375259     
        1340  -2543.2737790573046     
        1341  -2515.6696814044799     
        1342  -2532.1045541599278     
        1343  -2506.4267138257255     
        1344  -2521.7883982729950     
        1345  -2570.0557859961073     
        1346  -2546.0427273446953     
        1347  -2494.2747151298422     
        1348  -2513.4968060596339     
        1349  -2571.3158441019295     
        1350  -2546.8598148859191     
        1351  -2491.1496141437160     
        1352  -2523.3846627956568     
        1353  -2581.7816127804472     
        1354  -2517.8549969010905     
        1355  -2531.4686481000927     
        1356  -2548.9466043903076     
        1357  -2517.5995942019399     
        1358  -2593.9713405698562     
        1359  -2584.1558445596602     
        1360  -2520.1470095569830     
        1361  -2567.8328673903075     
        1362  -2623.4624963759038     
        1363  -2596.7943429353550     
        1364  -2599.5664495212741     
        1365  -2569.3164037111360     
        1366  -2650.5891253368513     
        1367  -2657.5982589746636     
        1368  -2632.1242783080042     
        1369  -2599.5951053134654     
        1370  -2596.7371944576453     
        1371  -2552.7370517370700     
        1372  -2604.3455708187621     
        1373  -2601.1085655164811     
        1374  -2586.2198285740619     
        1375  -2615.2071630554192     
        1376  -2539.5932647481532     
        1377  -2566.8592837478609     
        1378  -2557.3976403565848     
        1379  -2512.4414063643226     
        1380  -2519.3362783215020     
        1381  -2514.4108786027437     
        1382  -2528.3291578635585     
        1383  -2540.7526660786953     
        1384  -2525.9685550452841     
        1385  -2515.1824740621819     
        1386  -2533.5191085355227     
        1387  -2535.3156357629700     
        1388  -2538.5951048362585     
        1389  -2543.4447151675104     
        1390  -2544.6130020062546     
        1391  -2504.5426154594334     
        1392  -2554.5950615773700     
        1393  -2535.6344360906528     
        1394  -2574.6782329699090     
        1395  -2548.4020264384521     
        1396  -2524.0940322888546     
        1397  -2509.2755476808866     
        1398  -2502.9828097409959     
        1399  -2511.3034573133800     
        1400  -2486.1033683974983     
        1401  -2498.9462098416652     
        1402  -2474.1496344199777     
        1403  -2494.3051383667234     
        1404  -2522.8561264760783     
        1405  -2497.3804523065292     
        1406  -2556.5006714643691     
        1407  -2476.1372372742817     
        1408  -2471.2020276770331     
        1409  -2473.1193851203238     
        1410  -2503.9248239771782     
        1411  -2473.3488901830883     
        1412  -2547.9031446028594     
        1413  -2532.6762744149032     
        1414  -2580.3893451276422     
        1415  -2533.3276324683820     
        1416  -2546.0263924106257     
        1417  -2556.3123377077277     
        1418  -2568.8316288355809     
        1419  -2590.1171472720580     
        1420  -2601.7030018293158     
        1421  -2610.8767280911848     
        1422  -2611.4951586027578     
        1423  -2618.8009983443817     
        1424  -2595.3553606563005     
        1425  -2597.8436531567017     
        1426  -2585.6103402096942     
        1427  -2623.1658886061823     
        1428  -2514.5621733766607     
        1429  -2583.6727542744038     
        1430  -2589.3317002610079     
        1431  -2578.5661432906222     
        1432  -2610.5971198688826     
        1433  -2600.7602033700214     
        1434  -2631.9491824361835     
        1435  -2650.9264303294799     
        1436  -2568.3877093451501     
        1437  -2660.2449156313187     
        1438  -2571.8999961018530     
        1439  -2635.1417039718972     
        1440  -2597.2654292121383     
        1441  -2538.6682614915994     
        1442  -2570.4097331677408     
        1443  -2559.8624479853843     
        1444  -2569.0419792829280     
        1445  -2572.6179329055426     
        1446  -2559.4150481385036     
        1447  -2592.9585844282146     
        1448  -2549.8558594529150     
        1449  -2576.9847209557238     
        1450  -2573.3231237150048     
        1451  -2582.1048691540150     
        1452  -2553.7539848449892     
        1453  -2549.6039626299084     
        1454  -2621.8009662291965     
        1455  -2566.2523925854580     
        1456  -2538.7099291358513     
        1457  -2609.3823313988714     
        1458  -2550.9518836680400     
        1459  -2533.5533171430961     
        1460  -2522.9243094838712     
        1461  -2535.8174278683564     
        1462  -2536.1559222064211     
        1463  -2503.3494234980335     
        1464  -2520.8777960729553     
        1465  -2541.9380267416523     
        1466  -2579.2335177379114     
        1467  -2570.4850788217095     
        1468  -2574.9853848984717     
        1469  -2570.6076231291067     
        1470  -2572.6469086432021     
        1471  -2568.2655615658696     
        1472  -2585.6688287231250     
        1473  -2577.5487711974570     
        1474  -2648.0191312402335     
        1475  -2651.1510736755881     
        1476  -2567.8070772500419     
        1477  -2596.7644439634796     
        1478  -2537.3739864984600     
        1479  -2542.5389804022320     
        1480  -2534.5035830979718     
        1481  -2598.6481931781427     
        1482  -2592.3713552615336     
        1483  -2579.1230302387958     
        1484  -2548.4462710911271     
        1485  -2594.7254437304132     
        1486  -2580.7174803874123     
        1487  -2565.4442474894659     
        1488  -2586.3426700971040     
        1489  -2579.3662033896471     
        1490  -2571.2600810845602     
        1491  -2519.4932635727469     
        1492  -2562.8713614220837     
        1493  -2608.2572117030863     
        1494  -2585.6627856304790     
        1495  -2574.7223507919743     
        1496  -2615.1343432477825     
        1497  -2540.6037159541397     
        1498  -2597.0578464638629     
        1499  -2599.7148392293175     
        1500  -2624.9439841448975     
        1501  -2652.0954387124880     
        1502  -2647.7155674290216     
        1503  -2574.2013990297778     
        1504  -2560.2948383099151     
        1505  -2591.7081608338963     
        1506  -2552.5178018075790     
        1507  -2589.0604033415552     
        1508  -2589.1613024170592     
        1509  -2608.9405075749564     
        1510  -2626.9535689182835     
        1511  -2642.0583845975830     
        1512  -2656.2468377688979     
        1513  -2631.1189221923896     
        1514  -2580.1656977229031     
        1515  -2614.2647980820479     
        1516  -2606.1004753660454     
        1517  -2580.1173210979910     
        1518  -2578.6865621134298     
        1519  -2599.8345427924214     
        1520  -2560.9614811189322     
        1521  -2575.8747766833058     
        1522  -2582.3030617644040     
        1523  -2568.2245169862622     
        1524  -2537.6812998262117     
        1525  -2540.4996335585183     
        1526  -2605.6683794779196     
        1527  -2561.8853656836468     
        1528  -2561.1755977276093     
        1529  -2559.8376251657396     
        1530  -2626.0645148740332     
        1531  -2606.5547350849802     
        1532  -2566.3925671363781     
        1533  -2531.6315765667318     
        1534  -2567.4834517232948     
        1535  -2577.6492952043614     
        1536  -2554.1367404094085     
        1537  -2567.6925243904529     
        1538  -2597.5608197422516     
        1539  -2611.6969180664482     
        1540  -2602.0532424585845     
        1541  -2587.6612757619705     
        1542  -2558.5201905835111     
        1543  -2575.4769725545862     
        1544  -2590.8849631180792     
        1545  -2586.2375185278984     
        1546  -2566.7684685931208     
        1547  -2587.7675155110624     
        1548  -2608.0890073622363     
        1549  -2607.8949692478136     
        1550  -2602.6859102167805     
        1551  -2610.0686814265478     
        1552  -2565.1494473878183     
        1553  -2553.3107568100095     
        1554  -2571.8919920098192     
        1555  -2575.7117788147016     
        1556  -2609.1072698922903     
        1557  -2571.7062475686871     
        1558  -2598.9950827831717     
        1559  -2598.2224720808713     
        1560  -2592.8409377770822     
        1561  -2580.0375299277839     
        1562  -2585.8690572827159     
        1563  -2582.0210560825026     
        1564  -2575.9202135071350     
        1565  -2654.4485473157511     
        1566  -2682.4484322328735     
        1567  -2630.3691202701034     
        1568  -2627.9487731085615     
        1569  -2594.0711360073578     
        1570  -2596.8021665588681     
        1571  -2637.0368816697132     
        1572  -2615.0206136471588     
        1573  -2585.4446871835376     
        1574  -2606.8864407569858     
        1575  -2622.9926333887784     
        1576  -2637.0967225936688     
        1577  -2626.4960889782583     
        1578  -2624.4808001162596     
        1579  -2624.1731901742974     
        1580  -2611.7447117028960     
        1581  -2581.6474826250710     
        1582  -2580.3216518779341     
        1583  -2570.3761947525454     
        1584  -2588.3961556005993     
        1585  -2566.3768632123438     
        1586  -2612.8877803130426     
        1587  -2562.1692891531461     
        1588  -2548.6017954882891     
        1589  -2544.9651326361095     
        1590  -2571.2128758989215     
        1591  -2556.8563065969715     
        1592  -2555.4777531513810     
        1593  -2524.6175373879810     
        1594  -2493.5699957615557     
        1595  -2502.7749187244144     
        1596  -2565.1187515442666     
        1597  -2594.8639246750572     
        1598  -2527.9730175853288     
        1599  -2548.6696306682024     
        1600  -2569.3301271504911     
        1601  -2585.3620751068165     
        1602  -2580.4848825738359     
        1603  -2566.8861591365526     
        1604  -2559.3042033726324     
        1605  -2532.4948672393634     
        1606  -2557.8869200442641     
        1607  -2536.4914942668120     
        1608  -2508.5896402781241     
        1609  -2610.5429249317385     
        1610  -2644.1360121905373     
        1611  -2649.8911511098095     
        1612  -2626.8727134165920     
        1613  -2611.3831421076534     
        1614  -2600.9024266874922     
        1615  -2572.9349370659147     
        1616  -2604.0679307921173     
        1617  -2634.4152229835636     
        1618  -2600.9058674595935     
        1619  -2560.8362322122225     
        1620  -2550.1719345483666     
        1621  -2561.4968732842572     
        1622  -2565.1304736888510     
        1623  -2580.3170215335945     
        1624  -2501.5798805019344     
        1625  -2495.4095257104250     
        1626  -2531.9695324196805     
        1627  -2607.7920372982298     
        1628  -2605.6053369252095     
        1629  -2618.5052339285080     
        1630  -2652.5328892502480     
        1631  -2595.7257626928063     
        1632  -2612.2015976972007     
        1633  -2528.7456834502482     
        1634  -2548.2697466551595     
        1635  -2548.4887180746950     
        1636  -2536.1079579156749     
        1637  -2612.4589762528872     
        1638  -2564.3516998171322     
        1639  -2619.9412023881237     
        1640  -2621.3671165906612     
        1641  -2578.8596934182624     
        1642  -2549.8385378342664     
        1643  -2563.8477035085552     
        1644  -2599.8471244835532     
        1645  -2546.5716643413070     
        1646  -2606.1920607341517     
        1647  -2639.4892527817988     
        1648  -2655.8053180544352     
        1649  -2640.3216518902459     
        1650  -2635.1036271885987     
        1651  -2628.4614705374711     
        1652  -2549.3935799749529     
        1653  -2563.9309871320088     
        1654  -2576.5425036921006     
        1655  -2575.7200778101524     
        1656  -2621.7492806343289     
        1657  -2565.7747889678326     
        1658  -2553.1873662720477     
        1659  -2567.1886796985345     
        1660  -2560.8500050799266     
        1661  -2608.0673140800582     
        1662  -2583.0724456039807     
        1663  -2608.5854950430312     
        1664  -2587.2712027588036     
        1665  -2626.1147305470840     
        1666  -2588.2955688816924     
        1667  -2645.2784120158217     
        1668  -2647.6508891418480     
        1669  -2636.0362049654559     
        1670  -2618.1577166069546     
        1671  -2638.6592189759085     
        1672  -2592.9747358381805     
        1673  -2628.6462898133414     
        1674  -2640.4582397189706     
        1675  -2612.6376014874977     
        1676  -2583.3579968084368     
        1677  -2527.9041128202753     
        1678  -2614.6642997546833     
        1679  -2651.2549424112294     
        1680  -2651.8547398790029     
        1681  -2610.1396341283721     
        1682  -2634.7424701073846     
        1683  -2634.0902868998814     
        1684  -2601.3646248405312     
        1685  -2620.1940123669515     
        1686  -2605.4914232355268     
        1687  -2647.2338593078612     
        1688  -2629.0448748594463     
        1689  -2613.8686696262716     
        1690  -2619.1611876532816     
        1691  -2625.3992350621334     
        1692  -2610.5050842136943     
        1693  -2572.6318942185062     
        1694  -2608.9296064454493     
        1695  -2601.5918603677906     
        1696  -2556.2249218045740     
        1697  -2581.6116602309653     
        1698  -2568.1611771806706     
        1699  -2580.3247189761641     
        1700  -2547.4016064370321     
        1701  -2593.2308730773925     
        1702  -2558.9117294276271     
        1703  -2570.9189295953988     
        1704  -2548.5581484739278     
        1705  -2560.6500275998583     
        1706  -2515.9015784732496     
        1707  -2600.7301178596817     
        1708  -2506.8416581233951     
        1709  -2497.7789737053749     
        1710  -2571.0952741685282     
        1711  -2605.1452783096524     
        1712  -2580.4279179852415     
        1713  -2641.1352839729220     
        1714  -2609.3085646921854     
        1715  -2605.2302586278447     
        1716  -2594.8695608237422     
        1717  -2567.9617306712908     
        1718  -2601.8969851702877     
        1719  -2580.5060038835672     
        1720  -2616.3226599989785     
        1721  -2673.8513532067582     
        1722  -2622.8807153827634     
        1723  -2563.5540538323667     
        1724  -2554.6353047075504     
        1725  -2634.7568804690686     
        1726  -2643.7523890739944     
        1727  -2603.2253873458321     
        1728  -2670.9040358105872     
        1729  -2663.5626736792660     
        1730  -2633.0113755191674     
        1731  -2626.5567510523269     
        1732  -2544.6006668262307     
        1733  -2585.3033067740548     
        1734  -2590.2920487311721     
        1735  -2627.8754184386153     
        1736  -2636.0455435019999     
        1737  -2590.1798231646935     
        1738  -2596.3753106446097     
        1739  -2629.0503560434763     
        1740  -2664.1742251012083     
        1741  -2713.4227837124695     
        1742  -2697.1562790286425     
        1743  -2697.0653756815677     
        1744  -2639.2229209270508     
        1745  -2639.2324872035374     
        1746  -2607.5991707813582     
        1747  -2680.9214371409853     
        1748  -2675.7718538498902     
        1749  -2691.7241043175563     
        1750  -2674.4244383467117     
        1751  -2604.5312548178840     
        1752  -2635.5387339592094     
        1753  -2663.5035316970193     
        1754  -2611.6775958407575     
        1755  -2623.3882815812335     
        1756  -2595.2892879087976     
        1757  -2633.4055042781665     
        1758  -2607.8087192862436     
        1759  -2617.5358651749530     
        1760  -2606.3811239948404     
        1761  -2613.9775335138706     
        1762  -2585.7642677081562     
        1763  -2561.4316969738265     
        1764  -2591.9817713304151     
        1765  -2633.8483658093614     
        1766  -2615.1583868831644     
        1767  -2609.7657896037831     
        1768  -2672.8785846984420     
        1769  -2622.9343198060728     
        1770  -2634.6339242551712     
        1771  -2614.9962551619055     
        1772  -2610.0337857401596     
        1773  -2626.5361632035883     
        1774  -2593.6693237893110     
        1775  -2660.6601209972400     
        1776  -2637.4194971977408     
        1777  -2618.9293442301005     
        1778  -2664.8860811059180     
        1779  -2645.8559737878140     
        1780  -2658.9610429998688     
        1781  -2674.2863744421761     
        1782  -2649.7968535174155     
        1783  -2615.2679337732420     
        1784  -2601.7584544108504     
        1785  -2612.7382653545333     
        1786  -2646.9738156275585     
        1787  -2586.6432093528811     
        1788  -2588.0862295281026     
        1789  -2568.9204683698335     
        1790  -2598.3007245111053     
        1791  -2615.5021278407812     
        1792  -2564.4948025770545     
        1793  -2642.2282143029333     
        1794  -2626.6781713866953     
        1795  -2597.2063634128640     
        1796  -2598.4880154262346     
        1797  -2575.5308340225824     
        1798  -2565.3646378671506     
        1799  -2601.9267513648047     
        1800  -2633.3080148053782     
        1801  -2560.4488848247888     
        1802  -2560.9506146611557     
        1803  -2566.7524389971068     
        1804  -2529.9407966873359     
        1805  -2539.4407471237305     
        1806  -2558.3059290364645     
        1807  -2565.9367958972612     
        1808  -2542.4289152201663     
        1809  -2602.4897127687091     
        1810  -2578.5945733442741     
        1811  -2625.3770823607429     
        1812  -2658.7285085650619     
        1813  -2615.0756845124620     
        1814  -2635.9406393254772     
        1815  -2652.3427198906274     
        1816  -2625.8717170508294     
        1817  -2554.7902056336343     
        1818  -2582.3962138874404     
        1819  -2570.2924560450210     
        1820  -2581.9607280391756     
        1821  -2584.4137940867031     
        1822  -2572.3524025184820     
        1823  -2579.0411522144886     
        1824  -2550.2719102125898     
        1825  -2561.7153871103301     
        1826  -2627.4917613167031     
        1827  -2611.0062297821619     
        1828  -2595.6888793011290     
        1829  -2622.4461873673740     
        1830  -2602.9764666666506     
        1831  -2606.8052796533962     
        1832  -2570.2302954679490     
        1833  -2568.0793850274063     
        1834  -2580.9836491356696     
        1835  -2584.0275547771339     
        1836  -2607.5657007574096     
        1837  -2597.7348958780140     
        1838  -2564.5128236107030     
        1839  -2597.6450088222132     
        1840  -2600.4768764391156     
        1841  -2588.2070091929727     
        1842  -2582.3559831938396     
        1843  -2551.7443359569784     
        1844  -2470.8720958949980     
        1845  -2512.2217841085585     
        1846  -2502.7388861862810     
        1847  -2537.8531877028299     
        1848  -2567.8179779035313     
        1849  -2568.8294677152949     
        1850  -2576.6617978603017     
        1851  -2632.8031180286384     
        1852  -2628.6003641874881     
        1853  -2599.9936022123752     
        1854  -2568.8268586527502     
        1855  -2620.5828295735932     
        1856  -2592.7884465725087     
        1857  -2563.0055304779489     
        1858  -2571.4665475367665     
        1859  -2634.8970606560706     
        1860  -2566.9860536863639     
        1861  -2599.9049238462412     
        1862  -2472.8092785271901     
        1863  -2568.1425801799633     
        1864  -2578.9068428302903     
        1865  -2599.4265173706535     
        1866  -2609.8302164047291     
        1867  -2579.0063402304686     
        1868  -2544.8279854627813     
        1869  -2580.2627356361936     
        1870  -2610.8423277060979     
        1871  -2582.4201682181733     
        1872  -2564.1987790195271     
        1873  -2585.3413218948676     
        1874  -2597.9580732136205     
        1875  -2605.4258545036914     
        1876  -2587.3271031868931     
        1877  -2594.5416541229015     
        1878  -2553.5315382228855     
        1879  -2580.5070851367718     
        1880  -2560.0845072811226     
        1881  -2620.0494277896437     
        1882  -2592.6669677849673     
        1883  -2545.5281808732939     
        1884  -2526.0891596887996     
        1885  -2607.4742308156251     
        1886  -2682.5237258190614     
        1887  -2610.4522528425364     
        1888  -2526.0823978152662     
        1889  -2542.5612136430195     
        1890  -2538.3609879396831     
        1891  -2561.7396419493648     
        1892  -2552.1376210832791     
        1893  -2634.0861134673696     
        1894  -2570.4311480429647     
        1895  -2578.0227577161027     
        1896  -2563.1031751215833     
        1897  -2557.8847595148181     
        1898  -2607.5712528726881     
        1899  -2610.8128658863570     
        1900  -2595.3951731355223     
        1901  -2591.1665640485544     
        1902  -2561.1668867277203     
        1903  -2612.5327934036432     
        1904  -2633.1961228989198     
        1905  -2615.1204839257748     
        1906  -2541.7197882380897     
        1907  -2561.9933945682824     
        1908  -2578.2766003553197     
        1909  -2542.2078277582773     
        1910  -2586.3775777856235     
        1911  -2574.5334490823502     
        1912  -2568.1318562561019     
        1913  -2519.4503476609420     
        1914  -2584.4606694676213     
        1915  -2592.9942940674409     
        1916  -2512.1105884608173     
        1917  -2536.5623096423301     
        1918  -2599.2740814190070     
        1919  -2557.4083770358802     
        1920  -2564.9840480460380     
        1921  -2551.4070746745665     
        1922  -2552.9690661348618     
        1923  -2596.4927678539902     
        1924  -2567.8372611176906     
        1925  -2543.4522737963539     
        1926  -2525.9316008756232     
        1927  -2555.7135699102869     
        1928  -2502.9024555148562     
        1929  -2513.7379728185315     
        1930  -2517.9579036731070     
        1931  -2554.3388785457455     
        1932  -2538.3579189223310     
        1933  -2575.9818088073835     
        1934  -2585.1166625822621     
        1935  -2514.4457725066331     
        1936  -2513.9076408751039     
        1937  -2536.7693814986969     
        1938  -2571.0469120401476     
        1939  -2599.5220545378993     
        1940  -2632.7355835049625     
        1941  -2622.1501877767869     
        1942  -2641.6637030257116     
        1943  -2658.4845616281286     
        1944  -2652.4783691143334     
        1945  -2556.6405618352624     
        1946  -2593.9376553205502     
        1947  -2574.2609350658099     
        1948  -2581.6519707513748     
        1949  -2588.9396933091443     
        1950  -2616.7956911699898     
        1951  -2620.4666414591247     
        1952  -2614.1369713951249     
        1953  -2625.6451171479052     
        1954  -2612.0777493053974     
        1955  -2628.5966937266880     
        1956  -2651.5309133167284     
        1957  -2619.5962055497571     
        1958  -2626.2107091253924     
        1959  -2661.7433581945002     
        1960  -2667.7296384936740     
        1961  -2666.8990268624652     
        1962  -2693.7188989720189     
        1963  -2623.9543953176576     
        1964  -2615.7719631792556     
        1965  -2605.2663527202621     
        1966  -2621.4586995489849     
        1967  -2591.4420442306300     
        1968  -2616.8583981625384     
        1969  -2624.5251853039335     
        1970  -2646.5989285913315     
        1971  -2585.8252615048250     
        1972  -2569.6396972676421     
        1973  -2571.9833122418486     
        1974  -2536.6453695912810     
        1975  -2572.0377228964544     
        1976  -2553.6314267287435     
        1977  -2513.9090956784885     
        1978  -2494.7559486499381     
        1979  -2492.2782907534624     
        1980  -2548.1033015250869     
        1981  -2535.6322571229289     
        1982  -2518.1825909316708     
        1983  -2556.8558451171657     
        1984  -2561.3060080448258     
        1985  -2575.6865661010420     
        1986  -2596.7882507538798     
        1987  -2609.8832770300060     
        1988  -2570.2612284112502     
        1989  -2573.4109622350834     
        1990  -2525.9467705568441     
        1991  -2553.6054114466901     
        1992  -2562.8334313751357     
        1993  -2520.8271297211008     
        1994  -2556.7155063951013     
        1995  -2581.7765805490435     
        1996  -2586.7477534552395     
        1997  -2585.4063311420350     
        1998  -2578.3963005211440     
        1999  -2582.1084880721237     
        2000  -2547.4171774235338     
