 SAMPLE,  ENERGY
           1  -2658.6121267380777     
           2  -2618.1095035520912     
           3  -2642.0205152563949     
           4  -2650.5954691430925     
           5  -2623.1064716328851     
           6  -2632.3644221186914     
           7  -2586.2653490419307     
           8  -2625.4183772690512     
           9  -2592.5027141883279     
          10  -2670.3471536648908     
          11  -2671.7326075274545     
          12  -2650.4873094144818     
          13  -2624.0596937064593     
          14  -2622.9909037236184     
          15  -2559.4879593411465     
          16  -2557.6078982577533     
          17  -2604.2368401115559     
          18  -2586.0698591441837     
          19  -2586.5263558105571     
          20  -2628.6640451046969     
          21  -2641.8451957896209     
          22  -2605.9464851107750     
          23  -2631.9318211289851     
          24  -2589.6317649763778     
          25  -2630.0922482088386     
          26  -2608.5713758011816     
          27  -2683.4410128389986     
          28  -2668.6891196600359     
          29  -2613.7194228478093     
          30  -2657.4458444517350     
          31  -2685.6819580267284     
          32  -2655.7972425706143     
          33  -2646.4598509263255     
          34  -2719.4887595542882     
          35  -2633.5496998248309     
          36  -2637.5265254331875     
          37  -2649.4992766072310     
          38  -2703.7719528698512     
          39  -2691.6024188751808     
          40  -2680.4588863298727     
          41  -2677.2894301771739     
          42  -2688.4667915243795     
          43  -2713.3411668059885     
          44  -2708.2542996265042     
          45  -2695.4384505290436     
          46  -2733.5906455912100     
          47  -2661.3187083447315     
          48  -2678.9193969059274     
          49  -2687.9796685473184     
          50  -2673.5100848282050     
          51  -2655.9204237201920     
          52  -2634.5410374002104     
          53  -2685.8105133970921     
          54  -2744.7395296026589     
          55  -2622.6184391251377     
          56  -2678.7635834898092     
          57  -2703.2535386227032     
          58  -2715.4784607096753     
          59  -2673.0841544346158     
          60  -2659.0081578540608     
          61  -2604.4571911751750     
          62  -2607.6228871562789     
          63  -2667.1837929533735     
          64  -2557.9785231250985     
          65  -2575.1963752789447     
          66  -2579.0445884624014     
          67  -2634.9749424526703     
          68  -2621.5155157622607     
          69  -2563.1669185116730     
          70  -2572.9190897902818     
          71  -2562.3646602952790     
          72  -2573.0228166235675     
          73  -2632.0313080691008     
          74  -2568.9411307478877     
          75  -2606.2026837895455     
          76  -2586.7201654025234     
          77  -2569.2853468685194     
          78  -2596.2946908471831     
          79  -2656.8198915657176     
          80  -2688.7054783607241     
          81  -2646.9687283367671     
          82  -2632.4437616981295     
          83  -2644.1398363611288     
          84  -2645.7328974827233     
          85  -2614.8259075657575     
          86  -2559.6357012234475     
          87  -2610.7649682388051     
          88  -2620.4789807846623     
          89  -2584.8349713898956     
          90  -2652.7578305030474     
          91  -2601.0657115676599     
          92  -2585.6481038434458     
          93  -2532.1950034493593     
          94  -2502.0966267027370     
          95  -2542.2670312541686     
          96  -2546.5542341309174     
          97  -2558.0878990655506     
          98  -2549.5487191305228     
          99  -2575.5846940514512     
         100  -2573.4981398601508     
         101  -2535.2211009406451     
         102  -2588.9031189386751     
         103  -2576.8169257977893     
         104  -2562.2983635045489     
         105  -2592.3062619704451     
         106  -2622.0675976438820     
         107  -2528.1430837390794     
         108  -2554.2373499348564     
         109  -2559.7463732743199     
         110  -2591.5773521225337     
         111  -2682.5350131165396     
         112  -2674.8538412547814     
         113  -2623.8410999631819     
         114  -2617.1742968911944     
         115  -2613.1346767792716     
         116  -2588.8699803631530     
         117  -2558.3367648268027     
         118  -2541.4433912831150     
         119  -2629.6955297855193     
         120  -2617.9896318417464     
         121  -2587.0390170978212     
         122  -2610.4465036234155     
         123  -2583.9439204813261     
         124  -2606.7108825120035     
         125  -2604.4359827493795     
         126  -2614.1040892172932     
         127  -2672.6383798665570     
         128  -2701.8918157476787     
         129  -2638.9672003182523     
         130  -2615.8505092095638     
         131  -2610.4344920534518     
         132  -2627.6657399548180     
         133  -2594.1997528049083     
         134  -2627.4489638096261     
         135  -2656.5128149894149     
         136  -2613.3751497517546     
         137  -2618.2122078731845     
         138  -2633.3425582548089     
         139  -2614.8116846314242     
         140  -2603.2695865945511     
         141  -2629.6394362089463     
         142  -2641.9348356757591     
         143  -2603.9894022737867     
         144  -2604.8465007612704     
         145  -2620.1938225602289     
         146  -2623.2277885464578     
         147  -2576.1344470213053     
         148  -2545.7797769350086     
         149  -2532.7842108311170     
         150  -2610.0218685292089     
         151  -2619.6479435413798     
         152  -2639.3277602398230     
         153  -2662.1557257188929     
         154  -2634.7457700474611     
         155  -2569.7046285071897     
         156  -2587.1919512356003     
         157  -2606.9430326476927     
         158  -2611.7706542751093     
         159  -2625.3942309384474     
         160  -2582.3977525576861     
         161  -2581.8709996913381     
         162  -2580.3398481897202     
         163  -2546.7431308537834     
         164  -2585.0479230816363     
         165  -2615.5026979617296     
         166  -2574.4347103136238     
         167  -2579.2376537188234     
         168  -2614.2640282600660     
         169  -2622.0094129091976     
         170  -2633.4377576519582     
         171  -2622.4276432155125     
         172  -2630.5579060157606     
         173  -2660.1273785210092     
         174  -2663.0706469967936     
         175  -2643.1766894649450     
         176  -2683.4842138363797     
         177  -2671.0072056677795     
         178  -2645.7543332251298     
         179  -2621.0289600615238     
         180  -2598.2228427505665     
         181  -2592.7114296521950     
         182  -2633.7539894842175     
         183  -2625.7260328647262     
         184  -2679.4133762343918     
         185  -2678.2913521285718     
         186  -2675.2342554210904     
         187  -2673.5726089702353     
         188  -2635.3600118927093     
         189  -2629.6275989283386     
         190  -2626.2473201123912     
         191  -2619.1134093985806     
         192  -2649.2886732672155     
         193  -2590.4621049712669     
         194  -2624.4915351658337     
         195  -2623.3430164645079     
         196  -2654.3238439684733     
         197  -2679.3145620771179     
         198  -2671.9684019083079     
         199  -2646.8181958084142     
         200  -2574.5576490010226     
         201  -2654.5055196670692     
         202  -2613.3316676075951     
         203  -2624.0153521436637     
         204  -2646.2075648683976     
         205  -2638.4858657608447     
         206  -2603.6457422315016     
         207  -2604.5640815455859     
         208  -2594.7416447129626     
         209  -2643.1427622490055     
         210  -2652.6490727193650     
         211  -2633.7260600839181     
         212  -2627.0057950319965     
         213  -2631.5890633904646     
         214  -2557.2382367677110     
         215  -2614.6171223892343     
         216  -2555.0106329339210     
         217  -2625.9404536374318     
         218  -2567.1233792369808     
         219  -2536.9608144562844     
         220  -2555.3067309796170     
         221  -2600.8709252925005     
         222  -2644.2961663199194     
         223  -2617.2771482040748     
         224  -2643.9658548287734     
         225  -2620.3787937322941     
         226  -2702.7311095566502     
         227  -2647.8661173668493     
         228  -2684.8055032166421     
         229  -2677.6021802526952     
         230  -2625.7572890734382     
         231  -2641.4239512675354     
         232  -2668.5239943361535     
         233  -2638.8068065108719     
         234  -2590.1921401588825     
         235  -2689.4955943741129     
         236  -2723.9845655274344     
         237  -2710.2873215971363     
         238  -2664.1134130631635     
         239  -2648.5326824395584     
         240  -2632.2903394478726     
         241  -2606.1957589619337     
         242  -2624.0672298317381     
         243  -2673.9999953827005     
         244  -2645.8263664607225     
         245  -2642.6173101907580     
         246  -2609.6214058339610     
         247  -2639.3404329704163     
         248  -2646.0605981795384     
         249  -2625.7832163704429     
         250  -2600.7726542976998     
         251  -2586.7731382569996     
         252  -2647.3388067147516     
         253  -2590.0525647828281     
         254  -2576.4456441071952     
         255  -2643.2655656316847     
         256  -2641.6731274907229     
         257  -2623.6173829540189     
         258  -2611.0824407380182     
         259  -2605.4037520546699     
         260  -2615.2878259872286     
         261  -2616.5524093966392     
         262  -2588.7630484106767     
         263  -2615.2475909623195     
         264  -2617.4635865298969     
         265  -2588.2303947360488     
         266  -2594.2317277981620     
         267  -2597.6074360580460     
         268  -2570.0081527332445     
         269  -2560.4192863894459     
         270  -2582.8375286128821     
         271  -2555.8133129643547     
         272  -2560.1568820880052     
         273  -2519.3704208158219     
         274  -2560.7767134236751     
         275  -2564.5636904111489     
         276  -2525.5230192892723     
         277  -2538.2467910251639     
         278  -2554.3923171071119     
         279  -2550.4177880651691     
         280  -2519.3570435144352     
         281  -2538.6889697237207     
         282  -2533.6341715886224     
         283  -2530.6520505286094     
         284  -2568.4144168507351     
         285  -2538.7621482590507     
         286  -2546.1132517367614     
         287  -2551.8910395637827     
         288  -2593.0632018983997     
         289  -2559.4924822437133     
         290  -2558.3897500042572     
         291  -2562.9962551341609     
         292  -2577.7229910254737     
         293  -2539.5303517941447     
         294  -2564.4900873020979     
         295  -2586.5834620059504     
         296  -2577.9703111026415     
         297  -2568.2412701033718     
         298  -2585.3816583797857     
         299  -2634.9742139870650     
         300  -2604.4039930657136     
         301  -2556.2312862598037     
         302  -2529.6858480306728     
         303  -2550.4193986453411     
         304  -2531.7692003299958     
         305  -2489.3947893390559     
         306  -2606.8386300437269     
         307  -2522.2606767264269     
         308  -2585.0677284171097     
         309  -2535.3521733218622     
         310  -2590.4330105418189     
         311  -2618.6245784019434     
         312  -2642.9581912788863     
         313  -2634.2558857213817     
         314  -2592.5568499004885     
         315  -2553.5491552381595     
         316  -2601.1050939374613     
         317  -2598.5848510757060     
         318  -2563.9858217018314     
         319  -2559.3407898841474     
         320  -2510.6838796707116     
         321  -2560.8944812983855     
         322  -2569.1508554258262     
         323  -2572.2435182778754     
         324  -2494.6410823133201     
         325  -2568.4241698848764     
         326  -2563.0078795684040     
         327  -2595.3797541598819     
         328  -2549.7808094984007     
         329  -2585.5015517801303     
         330  -2601.6983354130384     
         331  -2604.4924944033719     
         332  -2604.7024257760504     
         333  -2511.9720148745391     
         334  -2547.9654506930365     
         335  -2559.1101250247089     
         336  -2553.1057449069122     
         337  -2564.6304136235026     
         338  -2568.1438729446913     
         339  -2583.9368541443232     
         340  -2582.7097066044089     
         341  -2584.1308618389726     
         342  -2580.1185099044983     
         343  -2591.9654655825943     
         344  -2594.1352162049216     
         345  -2575.6446004101667     
         346  -2535.8119710326791     
         347  -2648.7872669813414     
         348  -2609.5929352757103     
         349  -2589.0166006931545     
         350  -2587.5981626163884     
         351  -2562.0207816183251     
         352  -2511.6833648116785     
         353  -2565.2219689681974     
         354  -2602.1242977241550     
         355  -2588.6194259732770     
         356  -2614.8361139109370     
         357  -2553.7567255767240     
         358  -2538.2539625600311     
         359  -2539.9932783746422     
         360  -2589.3327933857227     
         361  -2648.8061363510474     
         362  -2590.0757887659170     
         363  -2609.7496206086562     
         364  -2588.1192273603829     
         365  -2644.0668422930612     
         366  -2580.3179667451036     
         367  -2621.0481763180064     
         368  -2612.9261124938707     
         369  -2608.2959586996312     
         370  -2588.0897453520597     
         371  -2626.2618217665581     
         372  -2629.4327823979679     
         373  -2611.0594092427764     
         374  -2593.4026457957684     
         375  -2628.5382025094727     
         376  -2655.5885230461886     
         377  -2662.4658396404834     
         378  -2647.0943282791372     
         379  -2673.2528412130432     
         380  -2586.6901745558425     
         381  -2610.1580271288899     
         382  -2673.9658538413710     
         383  -2658.1113898458098     
         384  -2638.4308701682758     
         385  -2600.6616787231960     
         386  -2616.7089235315398     
         387  -2569.6237149395688     
         388  -2629.2042528687430     
         389  -2595.3406746791752     
         390  -2650.7911634423517     
         391  -2647.4029917672619     
         392  -2608.9719057969423     
         393  -2600.9076783063092     
         394  -2567.2229010143233     
         395  -2603.2705166641122     
         396  -2610.7828835619184     
         397  -2577.6534544247820     
         398  -2607.7298949777482     
         399  -2600.7274943136777     
         400  -2584.7821988120163     
         401  -2581.5245730701008     
         402  -2627.4745368495296     
         403  -2624.3064794496804     
         404  -2602.2384725331799     
         405  -2648.1039352054909     
         406  -2643.2213803212694     
         407  -2612.9174535373932     
         408  -2574.6077236790607     
         409  -2574.0033364655555     
         410  -2585.3381457641790     
         411  -2565.5087545022502     
         412  -2512.4459002726717     
         413  -2567.1329121357062     
         414  -2634.7580768828884     
         415  -2604.6782939793638     
         416  -2594.6846083770238     
         417  -2589.2794195294232     
         418  -2522.4398564384373     
         419  -2632.8549391382294     
         420  -2616.6807851661497     
         421  -2613.3647797806884     
         422  -2543.5368969801407     
         423  -2560.2441992904874     
         424  -2552.0722061064394     
         425  -2523.8702711442165     
         426  -2547.3541203354230     
         427  -2592.3861985013768     
         428  -2559.2713373868010     
         429  -2610.6156584974210     
         430  -2619.4778491777238     
         431  -2508.7357108903175     
         432  -2567.0702825862472     
         433  -2562.5985730441125     
         434  -2564.4524557131767     
         435  -2521.2660988244611     
         436  -2538.4848538719966     
         437  -2591.4559339834868     
         438  -2578.0138468803098     
         439  -2575.4364141882311     
         440  -2565.3157176636951     
         441  -2617.4249443418680     
         442  -2553.9656810410970     
         443  -2557.3879363922356     
         444  -2636.3256968696419     
         445  -2614.2571446549532     
         446  -2597.9010876481407     
         447  -2569.8760227943994     
         448  -2597.2408410165626     
         449  -2611.1707519414035     
         450  -2535.5550066166393     
         451  -2598.2380402398157     
         452  -2598.4617887171285     
         453  -2527.0596345154418     
         454  -2537.5265382564580     
         455  -2545.0111043158122     
         456  -2582.5071555434884     
         457  -2627.6036928887652     
         458  -2603.9555995168125     
         459  -2622.0447688304926     
         460  -2602.6341135392254     
         461  -2596.4554040690014     
         462  -2551.0557450650285     
         463  -2522.8799276595055     
         464  -2570.5890972648153     
         465  -2611.8711416624524     
         466  -2573.9065289403366     
         467  -2561.9282762989837     
         468  -2542.3306768121633     
         469  -2644.9240471152066     
         470  -2602.7790759518848     
         471  -2521.6518728393712     
         472  -2477.7805540311274     
         473  -2526.6531845795039     
         474  -2527.9673299696374     
         475  -2568.7737061106100     
         476  -2553.8017944273674     
         477  -2538.5719683540437     
         478  -2516.7798920863315     
         479  -2514.5916872681050     
         480  -2525.5534408408753     
         481  -2526.3057461194694     
         482  -2569.7091546426918     
         483  -2584.3889256345128     
         484  -2608.3361577346727     
         485  -2630.4383959367424     
         486  -2644.1885562932403     
         487  -2580.6578059379626     
         488  -2584.9507949390013     
         489  -2521.6874610692871     
         490  -2534.2831900437618     
         491  -2595.2672082329868     
         492  -2627.1140180711277     
         493  -2593.2552018479005     
         494  -2606.9016066041281     
         495  -2613.6923549031371     
         496  -2570.6414198693033     
         497  -2561.7432759336652     
         498  -2591.2313611790582     
         499  -2569.1309089499118     
         500  -2602.6838055633125     
         501  -2558.5402355760148     
         502  -2587.4861351959185     
         503  -2586.7008863659266     
         504  -2585.0141218176686     
         505  -2613.1810613443495     
         506  -2620.8073349916326     
         507  -2620.4179725470922     
         508  -2618.1253880618592     
         509  -2616.5360425088625     
         510  -2611.7405808649451     
         511  -2629.7037284884718     
         512  -2595.9461005497096     
         513  -2577.9579623846803     
         514  -2597.1575013120846     
         515  -2640.2561964754645     
         516  -2600.1456299339634     
         517  -2605.1778114167423     
         518  -2638.2853555994780     
         519  -2604.0463271757285     
         520  -2595.8314520058784     
         521  -2595.7683727877975     
         522  -2598.6568930295434     
         523  -2542.6048479381752     
         524  -2620.9653014152886     
         525  -2671.4410214085710     
         526  -2546.6482665660806     
         527  -2578.9680552795030     
         528  -2598.0023748964095     
         529  -2581.4399296348124     
         530  -2556.7143024319080     
         531  -2587.6288319292435     
         532  -2629.5736969352820     
         533  -2559.9193689755416     
         534  -2561.5897410281664     
         535  -2620.5484636605279     
         536  -2568.2533397095358     
         537  -2553.7136214174188     
         538  -2657.5923579620562     
         539  -2619.9880513678977     
         540  -2611.9179068475996     
         541  -2587.8664844082195     
         542  -2593.0397223495556     
         543  -2654.7627711249088     
         544  -2583.4684909978328     
         545  -2644.7779742949747     
         546  -2609.2260659231792     
         547  -2589.2142210954585     
         548  -2528.0306746125757     
         549  -2517.3480763618259     
         550  -2502.0139411453652     
         551  -2612.9132634959028     
         552  -2516.3369023375385     
         553  -2599.2188092985757     
         554  -2633.7469722694968     
         555  -2664.0011315058164     
         556  -2647.3521839316550     
         557  -2612.2291021020874     
         558  -2584.6740091064362     
         559  -2600.3687628285033     
         560  -2587.0363832655016     
         561  -2563.8731722102098     
         562  -2612.4767565018647     
         563  -2570.2643326063389     
         564  -2565.7563218319483     
         565  -2536.7152875064671     
         566  -2571.6482257518692     
         567  -2561.5498969539194     
         568  -2543.7927792364540     
         569  -2548.6399494462516     
         570  -2544.1444649245386     
         571  -2570.9977667444655     
         572  -2614.5164252797658     
         573  -2588.2589950190454     
         574  -2601.7616198232727     
         575  -2607.4652905292392     
         576  -2596.0761419462879     
         577  -2586.6634015153063     
         578  -2566.7358832136242     
         579  -2627.8402753198166     
         580  -2615.6662962387932     
         581  -2636.1340661746149     
         582  -2602.7688309104228     
         583  -2585.5411498442190     
         584  -2606.2730259869059     
         585  -2628.8244221440154     
         586  -2660.9233929247453     
         587  -2637.7937359480270     
         588  -2580.5625937918871     
         589  -2621.9625863001534     
         590  -2533.8866419864739     
         591  -2592.3808866506738     
         592  -2626.1448553261093     
         593  -2679.1454397252205     
         594  -2706.7655987796820     
         595  -2721.5099322607643     
         596  -2592.1366248384606     
         597  -2633.7680370156368     
         598  -2616.5008668574351     
         599  -2686.1002769446163     
         600  -2632.0803945028579     
         601  -2634.6376513069413     
         602  -2676.6378205858714     
         603  -2642.7309621856930     
         604  -2622.0538416357372     
         605  -2646.3371086129619     
         606  -2620.4382842206178     
         607  -2666.4381341716148     
         608  -2643.5571429796837     
         609  -2656.0621310055194     
         610  -2692.0929033946154     
         611  -2616.9484051201280     
         612  -2622.4650065966539     
         613  -2610.1811604868772     
         614  -2645.1246193621669     
         615  -2660.5264459236409     
         616  -2647.8014775086926     
         617  -2683.9296153805176     
         618  -2659.7927789956725     
         619  -2659.5822493296150     
         620  -2682.1083187686804     
         621  -2730.5601601053995     
         622  -2688.8080114727554     
         623  -2670.0206374778040     
         624  -2628.5906148048662     
         625  -2681.8128870316482     
         626  -2689.2932561761986     
         627  -2664.3129064129721     
         628  -2670.7257494540395     
         629  -2657.5044108902707     
         630  -2630.0983350264792     
         631  -2623.3361780058513     
         632  -2647.0089372762950     
         633  -2621.8802984874051     
         634  -2714.0521205906402     
         635  -2674.7566666800503     
         636  -2742.3821957716664     
         637  -2626.7879856619488     
         638  -2663.2101101665035     
         639  -2645.2118426868847     
         640  -2666.0932288074991     
         641  -2642.8951297838198     
         642  -2654.1606173161326     
         643  -2691.0265486750600     
         644  -2673.7964019095666     
         645  -2628.6836873978136     
         646  -2627.6146869785398     
         647  -2629.3605390826897     
         648  -2659.3064391644975     
         649  -2721.8631705970652     
         650  -2674.6924520312050     
         651  -2688.8919221211900     
         652  -2629.9067148248723     
         653  -2684.6730414716935     
         654  -2716.9877656890344     
         655  -2736.9735413095382     
         656  -2705.2516255162814     
         657  -2689.1543651507468     
         658  -2683.5557627359267     
         659  -2634.6073309070111     
         660  -2656.5416604098964     
         661  -2668.4472369705472     
         662  -2667.3548033469729     
         663  -2675.0620187607510     
         664  -2726.6093348542508     
         665  -2676.4110086089281     
         666  -2703.2036338100197     
         667  -2730.9551293248755     
         668  -2710.3079931015832     
         669  -2655.2941790728910     
         670  -2705.5011640204111     
         671  -2642.4368038088601     
         672  -2611.1934052234246     
         673  -2553.1490794522579     
         674  -2580.3511678158648     
         675  -2594.4496223502183     
         676  -2632.5900379947966     
         677  -2666.5668089123110     
         678  -2735.5349451197526     
         679  -2669.7688165246395     
         680  -2610.8481980330580     
         681  -2687.0161801362124     
         682  -2642.7250804832192     
         683  -2663.1258015041612     
         684  -2677.9543751746369     
         685  -2707.6985532424378     
         686  -2700.8050748465844     
         687  -2669.2734891282521     
         688  -2637.7828656062889     
         689  -2642.8617086857648     
         690  -2657.5678462567566     
         691  -2730.4184624453419     
         692  -2702.7155372530929     
         693  -2649.9652010001678     
         694  -2632.0938067684642     
         695  -2615.8241852985866     
         696  -2634.9026632198379     
         697  -2655.3249349813677     
         698  -2646.5191910356302     
         699  -2678.2781424136028     
         700  -2709.5836532495359     
         701  -2682.2475213551966     
         702  -2667.6128821052439     
         703  -2671.0772791941768     
         704  -2700.2848946155373     
         705  -2692.3038350139559     
         706  -2696.5570155202468     
         707  -2691.4081693860767     
         708  -2686.2223837303509     
         709  -2675.1599648129436     
         710  -2662.1752658525711     
         711  -2682.2762328781932     
         712  -2643.6543883704062     
         713  -2600.8148572214991     
         714  -2674.1918271885952     
         715  -2642.9375013349472     
         716  -2652.3438047262234     
         717  -2669.7462462157400     
         718  -2689.6861772096245     
         719  -2722.5003564985232     
         720  -2651.1450561992692     
         721  -2672.7985711181905     
         722  -2668.7167526387075     
         723  -2692.3358498153548     
         724  -2656.5610412445258     
         725  -2655.7547623475352     
         726  -2655.0487148730053     
         727  -2666.8640260673974     
         728  -2694.1557002815907     
         729  -2680.1319067744184     
         730  -2653.1767301072096     
         731  -2670.9622403722778     
         732  -2673.6004042107229     
         733  -2661.5183571230850     
         734  -2631.9260160642393     
         735  -2692.5318022728402     
         736  -2711.9993870386097     
         737  -2706.6888493325919     
         738  -2714.2310013761885     
         739  -2671.5807161331722     
         740  -2655.2820749153584     
         741  -2664.9132222459912     
         742  -2671.6780719418643     
         743  -2607.6480066646950     
         744  -2550.6057688350056     
         745  -2544.9715843168619     
         746  -2610.1959908227323     
         747  -2642.0393996056705     
         748  -2610.7713530603723     
         749  -2638.8152619475463     
         750  -2627.9963762147745     
         751  -2616.0892836312046     
         752  -2633.5462398401751     
         753  -2648.3933727803701     
         754  -2719.4580133664444     
         755  -2734.8882570912128     
         756  -2648.4739006477344     
         757  -2708.7832203538042     
         758  -2716.0836699933079     
         759  -2724.9170953502257     
         760  -2724.3266627966777     
         761  -2682.2319058152975     
         762  -2677.4738651278080     
         763  -2675.7149612170069     
         764  -2707.1467791533573     
         765  -2687.1826094641201     
         766  -2675.6080282490484     
         767  -2661.4440876234389     
         768  -2648.2469794210006     
         769  -2646.5284023783124     
         770  -2668.1848611657688     
         771  -2660.4962102207255     
         772  -2672.5681863034984     
         773  -2586.1193400894481     
         774  -2633.7374745603838     
         775  -2670.0542125451420     
         776  -2660.0281092217647     
         777  -2571.7964956430992     
         778  -2586.9085444058846     
         779  -2633.2104986591567     
         780  -2711.9693308336564     
         781  -2702.3675932436290     
         782  -2618.7828127874859     
         783  -2703.0396458666378     
         784  -2585.9509306753989     
         785  -2615.3751056495903     
         786  -2648.9415092094805     
         787  -2679.9851332375843     
         788  -2661.2408405747874     
         789  -2666.6344063852343     
         790  -2645.8701810887410     
         791  -2762.0485789861468     
         792  -2790.8155984999648     
         793  -2798.1142719845752     
         794  -2705.2998808140374     
         795  -2719.6832734614331     
         796  -2718.8682874150595     
         797  -2637.9669631244751     
         798  -2596.5461305044869     
         799  -2603.9860033015589     
         800  -2664.1537151136140     
         801  -2649.5282720814675     
         802  -2576.2898950073090     
         803  -2609.4031014785905     
         804  -2634.4366726549956     
         805  -2679.1811412971583     
         806  -2684.7918649680005     
         807  -2613.7260492279747     
         808  -2677.4700735249580     
         809  -2665.2025537626041     
         810  -2648.9866201974110     
         811  -2704.0331320499363     
         812  -2695.2857117954204     
         813  -2703.7579931824616     
         814  -2671.6171714629536     
         815  -2673.4680202955269     
         816  -2660.1348706137260     
         817  -2633.4209906229335     
         818  -2646.6489677020600     
         819  -2624.6309479706874     
         820  -2612.4731319326688     
         821  -2631.8256680760551     
         822  -2626.8085249493597     
         823  -2599.4670395764961     
         824  -2610.9871313735621     
         825  -2619.6309286153510     
         826  -2655.5259484680437     
         827  -2623.8393647214830     
         828  -2661.3145124090829     
         829  -2621.5414302341424     
         830  -2630.4491241386854     
         831  -2587.4149925319657     
         832  -2645.8012362438603     
         833  -2577.9507723305542     
         834  -2599.6651469849771     
         835  -2609.7704285184795     
         836  -2613.5812812478125     
         837  -2673.0025496380622     
         838  -2681.9627093434233     
         839  -2614.5485846787619     
         840  -2608.0586987329448     
         841  -2577.2235942645557     
         842  -2599.8786910287145     
         843  -2646.6719845495059     
         844  -2624.0148443498956     
         845  -2575.7972917131542     
         846  -2632.9564236857018     
         847  -2561.3668261402217     
         848  -2546.8717101106054     
         849  -2568.7793497386010     
         850  -2599.5380054730426     
         851  -2643.4760002101630     
         852  -2602.2350967556054     
         853  -2638.3143796349254     
         854  -2572.3639676385897     
         855  -2568.7517907315623     
         856  -2564.8494546742727     
         857  -2594.5496286677540     
         858  -2612.0030445998177     
         859  -2632.9376221674315     
         860  -2617.1819105433551     
         861  -2571.5381811827901     
         862  -2530.1173873234675     
         863  -2600.6825145236867     
         864  -2605.4360128134977     
         865  -2625.8249351600980     
         866  -2575.1227224537370     
         867  -2584.2180398734668     
         868  -2611.0980946628752     
         869  -2582.0515891296618     
         870  -2672.8556396833460     
         871  -2659.5894393541216     
         872  -2626.0787940255323     
         873  -2636.2499244933733     
         874  -2631.5671449461925     
         875  -2653.1277172705049     
         876  -2638.9077645966190     
         877  -2612.0942879404065     
         878  -2596.8554800960292     
         879  -2620.5865919360590     
         880  -2610.9143229129072     
         881  -2599.2979661912632     
         882  -2639.1028372927544     
         883  -2575.7230893424075     
         884  -2608.4362121922545     
         885  -2672.1825904854190     
         886  -2615.1049240597604     
         887  -2530.1187325192609     
         888  -2583.2948259683444     
         889  -2624.8977226283237     
         890  -2600.0076325433670     
         891  -2570.4476906877635     
         892  -2626.2820885918031     
         893  -2595.8685931666141     
         894  -2550.6945417497468     
         895  -2610.0562778144513     
         896  -2584.9250149151585     
         897  -2582.9647796765917     
         898  -2538.1277247300268     
         899  -2628.3752820359728     
         900  -2622.0570112048772     
         901  -2628.5817762695478     
         902  -2553.4283819218863     
         903  -2476.6519017941882     
         904  -2494.9554526272696     
         905  -2594.3275734850104     
         906  -2638.3362547260699     
         907  -2627.9238880144489     
         908  -2596.3038745373001     
         909  -2592.4349039491512     
         910  -2626.6177383922168     
         911  -2555.7852941961701     
         912  -2641.6439707760960     
         913  -2665.6685734794569     
         914  -2640.3781785347214     
         915  -2628.2307470376832     
         916  -2597.3608487021520     
         917  -2584.7320032472562     
         918  -2633.1741005027384     
         919  -2623.6513769650960     
         920  -2650.5312616798028     
         921  -2673.8356032414176     
         922  -2638.5152527685959     
         923  -2583.0662127938053     
         924  -2594.7886996310926     
         925  -2593.3839800181149     
         926  -2583.2589438269142     
         927  -2568.5404473837243     
         928  -2629.4031218048658     
         929  -2557.0203591672835     
         930  -2675.0942950822255     
         931  -2652.5136429587124     
         932  -2560.0051839939406     
         933  -2629.0777104717326     
         934  -2632.3755983752740     
         935  -2614.8075168287387     
         936  -2676.7834597138863     
         937  -2661.3516335176778     
         938  -2607.8987395505860     
         939  -2636.2957495728556     
         940  -2647.2872136641463     
         941  -2643.6538785795033     
         942  -2631.8565342706720     
         943  -2635.1586400485694     
         944  -2647.5962202737855     
         945  -2646.6241960429138     
         946  -2629.8635909395352     
         947  -2628.1127845639644     
         948  -2607.2306525364456     
         949  -2642.5889700976791     
         950  -2628.1288840353013     
         951  -2591.9435706460845     
         952  -2586.0752597136084     
         953  -2582.5003588469335     
         954  -2566.7595469355497     
         955  -2584.0387104156812     
         956  -2570.8089992738014     
         957  -2629.4950013424263     
         958  -2539.1527808367837     
         959  -2640.6420319831032     
         960  -2664.9949396361117     
         961  -2681.4861516861670     
         962  -2612.4504829900998     
         963  -2651.3792234866410     
         964  -2588.8116891569393     
         965  -2642.6112565067892     
         966  -2607.2305456416598     
         967  -2586.7275292807785     
         968  -2606.4353996524742     
         969  -2600.7161873898895     
         970  -2638.7449622506065     
         971  -2602.9185780058338     
         972  -2643.2345385782346     
         973  -2607.3017534311725     
         974  -2662.2943127273998     
         975  -2662.9015692816170     
         976  -2572.6187735535327     
         977  -2662.8775574510528     
         978  -2634.6851667976071     
         979  -2663.0192388992527     
         980  -2617.5887060698988     
         981  -2653.6894026917394     
         982  -2636.8578620546505     
         983  -2618.5888504368836     
         984  -2629.5254233304399     
         985  -2581.3821518319619     
         986  -2533.7711327574939     
         987  -2602.4437130999554     
         988  -2557.0187568682809     
         989  -2610.8202001268228     
         990  -2595.1940245821843     
         991  -2562.0450428889035     
         992  -2606.2093286345494     
         993  -2582.3581782180095     
         994  -2576.7273130500671     
         995  -2555.3293253152792     
         996  -2527.3860854272921     
         997  -2514.1390741032837     
         998  -2608.5076400981475     
         999  -2605.4564295948157     
        1000  -2582.5337578402205     
        1001  -2620.3281865034110     
        1002  -2612.4847301370951     
        1003  -2624.5064339541209     
        1004  -2591.4604511061953     
        1005  -2626.2673633389750     
        1006  -2643.1164999363755     
        1007  -2630.4429498337090     
        1008  -2642.8220009152374     
        1009  -2675.4803683966265     
        1010  -2708.5615693860050     
        1011  -2567.2783418209142     
        1012  -2592.6049773854261     
        1013  -2599.0838071819267     
        1014  -2550.4898829123890     
        1015  -2605.2631057413187     
        1016  -2606.8132434728591     
        1017  -2670.3454900458141     
        1018  -2535.6763977721657     
        1019  -2571.9916494724648     
        1020  -2642.7825256019632     
        1021  -2628.2390414856131     
        1022  -2596.8911987600763     
        1023  -2646.6812575283452     
        1024  -2603.1673710857494     
        1025  -2589.5308081670196     
        1026  -2580.1269538508204     
        1027  -2607.9983182753372     
        1028  -2641.0755119534215     
        1029  -2642.5959456663008     
        1030  -2692.5567176966483     
        1031  -2672.0037115943969     
        1032  -2692.6933414548021     
        1033  -2618.3524294869976     
        1034  -2665.6576149730136     
        1035  -2650.4022266565948     
        1036  -2647.1728567825498     
        1037  -2603.0345930040185     
        1038  -2585.9020718289503     
        1039  -2577.8349222544689     
        1040  -2575.2370051542480     
        1041  -2643.7897876704515     
        1042  -2636.7181600097047     
        1043  -2604.3306631305982     
        1044  -2607.2628830780013     
        1045  -2559.7398735541246     
        1046  -2572.9874403890967     
        1047  -2556.5325248773393     
        1048  -2612.4245166657834     
        1049  -2612.0805561412699     
        1050  -2581.5013103679016     
        1051  -2566.7900706331079     
        1052  -2587.0793076017258     
        1053  -2600.8763272215774     
        1054  -2626.6624887826833     
        1055  -2621.1702325520323     
        1056  -2581.1743381642491     
        1057  -2583.2502751768898     
        1058  -2581.0117490375637     
        1059  -2570.8543576906609     
        1060  -2576.9257617585358     
        1061  -2593.8478131408397     
        1062  -2553.2022971370588     
        1063  -2535.7999742047027     
        1064  -2647.4526575552813     
        1065  -2655.7978759731823     
        1066  -2616.5343063471937     
        1067  -2597.7677262634638     
        1068  -2651.2709578110585     
        1069  -2614.4288953512109     
        1070  -2599.4124783443153     
        1071  -2558.0273017111490     
        1072  -2545.5191841836277     
        1073  -2569.2806172606420     
        1074  -2548.5236229603242     
        1075  -2579.0856783093850     
        1076  -2564.9091867646266     
        1077  -2551.4905333987122     
        1078  -2589.9214595665962     
        1079  -2597.4106280316100     
        1080  -2593.4904044522518     
        1081  -2641.6046078574796     
        1082  -2574.7732048060470     
        1083  -2642.9109475201626     
        1084  -2649.5034116765100     
        1085  -2553.9120314262377     
        1086  -2571.7317478594432     
        1087  -2619.1228973457200     
        1088  -2635.0716251681893     
        1089  -2633.3369079284089     
        1090  -2481.9890483361046     
        1091  -2536.4662761357922     
        1092  -2617.1826619182748     
        1093  -2620.2634374733757     
        1094  -2666.6489021531934     
        1095  -2635.0507407195478     
        1096  -2592.1232248270567     
        1097  -2631.9903370348479     
        1098  -2622.4177917106117     
        1099  -2575.7563198731227     
        1100  -2572.6009434550747     
        1101  -2563.3765941338775     
        1102  -2579.5162831683897     
        1103  -2612.1359036406270     
        1104  -2529.6514387799039     
        1105  -2617.9435766802335     
        1106  -2626.4837188115371     
        1107  -2605.1536689892650     
        1108  -2582.0440871679766     
        1109  -2558.8813194407239     
        1110  -2545.5508148880422     
        1111  -2533.3576086844914     
        1112  -2593.4708377577058     
        1113  -2594.6312666863814     
        1114  -2594.2113583955461     
        1115  -2620.2106438702476     
        1116  -2608.3986758807218     
        1117  -2557.4460674608863     
        1118  -2593.2747298025934     
        1119  -2513.5897724069796     
        1120  -2529.3837352187957     
        1121  -2556.8718617285372     
        1122  -2633.6736772835952     
        1123  -2580.0705022882044     
        1124  -2609.4508112443386     
        1125  -2586.9629619003781     
        1126  -2604.6179997969257     
        1127  -2578.8772805259632     
        1128  -2604.2625638705204     
        1129  -2597.8645604587650     
        1130  -2600.0778440081476     
        1131  -2540.2917215339799     
        1132  -2552.1595467151137     
        1133  -2582.6651576182567     
        1134  -2605.5019455865886     
        1135  -2559.9481568773940     
        1136  -2552.7290504421067     
        1137  -2490.6889151189343     
        1138  -2604.8649390746064     
        1139  -2614.9359298943800     
        1140  -2612.3014987697138     
        1141  -2613.7175650313943     
        1142  -2619.7733712067270     
        1143  -2633.6888840237411     
        1144  -2578.6000983011763     
        1145  -2594.9313931447891     
        1146  -2567.0396280435448     
        1147  -2549.2252653052019     
        1148  -2529.4428723349415     
        1149  -2591.8878053893964     
        1150  -2568.6942425312373     
        1151  -2548.2306233766894     
        1152  -2546.1141015941466     
        1153  -2562.9056184046599     
        1154  -2585.3773882083938     
        1155  -2591.9945541858824     
        1156  -2606.3556958347363     
        1157  -2586.6293922928794     
        1158  -2585.5555579882889     
        1159  -2594.3671913056260     
        1160  -2568.5159661614307     
        1161  -2594.2761048716366     
        1162  -2593.7099332014586     
        1163  -2568.0151923770268     
        1164  -2564.5260562379635     
        1165  -2550.3846296471334     
        1166  -2552.1696251205894     
        1167  -2557.7529390937189     
        1168  -2583.8899257284029     
        1169  -2582.5031372708381     
        1170  -2596.1831601760928     
        1171  -2625.0249222165462     
        1172  -2646.4886637887439     
        1173  -2638.0132129789367     
        1174  -2595.3949143198465     
        1175  -2645.8731349479772     
        1176  -2623.5765613125350     
        1177  -2644.0932447335495     
        1178  -2653.1814992377176     
        1179  -2654.5477755820061     
        1180  -2649.4983613734616     
        1181  -2620.9088035866189     
        1182  -2614.6560979067144     
        1183  -2665.6572080360593     
        1184  -2581.6603085061147     
        1185  -2610.7852292238822     
        1186  -2617.5908788298502     
        1187  -2533.1335649224739     
        1188  -2572.9504181900184     
        1189  -2574.3015760121402     
        1190  -2500.3939814895125     
        1191  -2509.0920277376331     
        1192  -2576.2104839355152     
        1193  -2564.7856808006431     
        1194  -2579.6212143904613     
        1195  -2603.6969964207187     
        1196  -2597.6138910157620     
        1197  -2665.3083230053535     
        1198  -2622.4499293304025     
        1199  -2617.9441298473548     
        1200  -2636.9940582428585     
        1201  -2674.3312394695918     
        1202  -2671.1563157561441     
        1203  -2666.1443727971127     
        1204  -2642.5914566764404     
        1205  -2524.1851318460190     
        1206  -2601.5787719295236     
        1207  -2650.4364983577457     
        1208  -2686.3203917067094     
        1209  -2661.0341534071554     
        1210  -2671.0480497456278     
        1211  -2636.1219354335881     
        1212  -2605.2107031467276     
        1213  -2559.4119088437269     
        1214  -2563.8750169965292     
        1215  -2581.2510387916459     
        1216  -2585.6529062563427     
        1217  -2617.8607309951503     
        1218  -2573.2257514644393     
        1219  -2589.7744720885885     
        1220  -2598.4216473780157     
        1221  -2628.9638031844538     
        1222  -2629.1446482610095     
        1223  -2631.6909816537059     
        1224  -2652.0119892845719     
        1225  -2651.4706543893376     
        1226  -2596.6150892349137     
        1227  -2593.5691150428424     
        1228  -2593.8460573428915     
        1229  -2626.1007736305087     
        1230  -2582.6007267170439     
        1231  -2602.6035928807291     
        1232  -2589.7652641725172     
        1233  -2606.1546056475863     
        1234  -2602.0678167094743     
        1235  -2588.3618445841030     
        1236  -2636.9065196528531     
        1237  -2610.4306796170854     
        1238  -2582.0883497978280     
        1239  -2575.3469935189569     
        1240  -2592.6734035269019     
        1241  -2599.8818451433690     
        1242  -2603.9109475602163     
        1243  -2565.5642041922256     
        1244  -2588.5642157376433     
        1245  -2593.1692491628869     
        1246  -2588.6489707840033     
        1247  -2615.0932531700996     
        1248  -2619.8271231712192     
        1249  -2589.5953167852590     
        1250  -2574.1654693309742     
        1251  -2605.3842146925167     
        1252  -2602.0956462950094     
        1253  -2617.3547824405837     
        1254  -2585.2372770222005     
        1255  -2569.2526577172252     
        1256  -2563.2243624013308     
        1257  -2693.1100119098633     
        1258  -2613.8712971439918     
        1259  -2696.6515344109439     
        1260  -2605.2939675676798     
        1261  -2643.5632931018076     
        1262  -2639.3703733278276     
        1263  -2619.4663625278990     
        1264  -2659.4822597089587     
        1265  -2718.1803426651927     
        1266  -2704.9077445004668     
        1267  -2731.3159269743942     
        1268  -2607.6719014257528     
        1269  -2587.3899135302790     
        1270  -2599.3015576104699     
        1271  -2641.7444700775295     
        1272  -2597.5889770066096     
        1273  -2632.1253213476948     
        1274  -2603.6145699384042     
        1275  -2566.7551462073243     
        1276  -2566.7382810475610     
        1277  -2609.4968580049913     
        1278  -2656.1846325500310     
        1279  -2676.2223175431918     
        1280  -2691.5541545885403     
        1281  -2693.4461722880237     
        1282  -2663.0892185619668     
        1283  -2685.9978255160058     
        1284  -2645.8597128624428     
        1285  -2633.6826880162962     
        1286  -2653.7143126746764     
        1287  -2663.0676321386109     
        1288  -2689.0315089934306     
        1289  -2677.6498409504484     
        1290  -2639.7219873378203     
        1291  -2586.0570294666081     
        1292  -2587.6868191148528     
        1293  -2612.7692218438870     
        1294  -2707.9011046243509     
        1295  -2699.9340792980415     
        1296  -2636.6811951808418     
        1297  -2560.8701547706114     
        1298  -2575.4500553462271     
        1299  -2556.7326385143597     
        1300  -2607.5406579961223     
        1301  -2617.2036757593296     
        1302  -2620.6487653551676     
        1303  -2718.2465194495298     
        1304  -2718.5955020097963     
        1305  -2718.6475546861702     
        1306  -2728.7348013235433     
        1307  -2659.8466397154652     
        1308  -2678.5951649230374     
        1309  -2687.5100266183381     
        1310  -2656.9896988588703     
        1311  -2670.4538477887108     
        1312  -2694.0232492648979     
        1313  -2655.5327769359228     
        1314  -2638.5758805544901     
        1315  -2601.1806822858416     
        1316  -2576.4638369649720     
        1317  -2575.5993732577203     
        1318  -2586.8347728685403     
        1319  -2611.5203900240904     
        1320  -2626.6787380956139     
        1321  -2630.6940937835416     
        1322  -2556.2430339939656     
        1323  -2617.9471754671822     
        1324  -2699.8753326400110     
        1325  -2652.5716132227199     
        1326  -2665.6095294030465     
        1327  -2663.5342447887124     
        1328  -2679.8514849454182     
        1329  -2597.5578020347216     
        1330  -2634.6002013743628     
        1331  -2633.3237025295016     
        1332  -2610.8992749030735     
        1333  -2674.5876698703169     
        1334  -2659.9151411596126     
        1335  -2642.9490170842309     
        1336  -2672.0385141255838     
        1337  -2629.7537966421110     
        1338  -2567.3689848062945     
        1339  -2660.1747368878218     
        1340  -2623.1072320284220     
        1341  -2632.6770899807284     
        1342  -2625.2077934628996     
        1343  -2622.1293687373691     
        1344  -2585.0518120915958     
        1345  -2645.0519669484283     
        1346  -2625.9347569319916     
        1347  -2609.7422622066797     
        1348  -2608.1959032873847     
        1349  -2667.6985226616298     
        1350  -2658.6067921296867     
        1351  -2632.1431326923703     
        1352  -2552.2392189412703     
        1353  -2576.5063963240832     
        1354  -2605.3087715374691     
        1355  -2634.4967354415417     
        1356  -2662.2621468387651     
        1357  -2616.1384291822119     
        1358  -2619.2075087253111     
        1359  -2635.0760821338617     
        1360  -2644.4016345053574     
        1361  -2677.1518954442063     
        1362  -2672.9295732796504     
        1363  -2602.2711111923841     
        1364  -2592.1901746389112     
        1365  -2599.7518084783846     
        1366  -2576.7538076003666     
        1367  -2592.7011886041610     
        1368  -2575.8753244907798     
        1369  -2575.6329475590251     
        1370  -2582.0197630308858     
        1371  -2612.3788280548406     
        1372  -2647.4364884703632     
        1373  -2655.4595071888784     
        1374  -2662.9251986626027     
        1375  -2682.9070101891571     
        1376  -2620.3864018203390     
        1377  -2639.1209441839665     
        1378  -2619.3927828422165     
        1379  -2653.6875595761603     
        1380  -2650.9076648811892     
        1381  -2631.3886892668042     
        1382  -2609.7578538516577     
        1383  -2671.4059420034469     
        1384  -2670.9057630306970     
        1385  -2652.8707840593979     
        1386  -2637.2805551622432     
        1387  -2694.4866743208590     
        1388  -2591.1400459714305     
        1389  -2580.0322227991142     
        1390  -2633.9281004297795     
        1391  -2681.2628591537646     
        1392  -2624.5637279327502     
        1393  -2580.0132279530876     
        1394  -2620.0961648739112     
        1395  -2650.8503258225055     
        1396  -2648.5376496986664     
        1397  -2662.4085456080579     
        1398  -2618.8811654529168     
        1399  -2651.6880671242884     
        1400  -2692.4322923962723     
        1401  -2649.1201070765414     
        1402  -2650.4212966997770     
        1403  -2658.4613764296078     
        1404  -2664.7417424596179     
        1405  -2663.4638691917994     
        1406  -2644.5732411798140     
        1407  -2611.4219216792421     
        1408  -2622.6595440476349     
        1409  -2614.0226442527555     
        1410  -2591.4585560791588     
        1411  -2682.1442434780001     
        1412  -2684.4895343394633     
        1413  -2704.7950244758372     
        1414  -2699.1087773224804     
        1415  -2668.3849719186323     
        1416  -2651.4776102725341     
        1417  -2661.5458711337756     
        1418  -2712.7589525088470     
        1419  -2712.6384824603797     
        1420  -2651.6559047561527     
        1421  -2739.5550486279835     
        1422  -2705.9380541382025     
        1423  -2677.1666835760193     
        1424  -2694.0312586289974     
        1425  -2662.3011426086205     
        1426  -2649.9706232678723     
        1427  -2562.1792780247720     
        1428  -2652.1640617784296     
        1429  -2631.9855825187551     
        1430  -2626.6179221765988     
        1431  -2620.8711420429618     
        1432  -2588.8098014960074     
        1433  -2612.0775117498411     
        1434  -2609.2746178032930     
        1435  -2607.0927435160643     
        1436  -2588.1302986800142     
        1437  -2641.7769633954154     
        1438  -2664.6711603971926     
        1439  -2604.8082789265686     
        1440  -2625.2320224801479     
        1441  -2626.6309393246356     
        1442  -2590.9160322460780     
        1443  -2573.9253240222520     
        1444  -2620.6284598085927     
        1445  -2641.0739699810288     
        1446  -2625.7461049837088     
        1447  -2581.5488811460459     
        1448  -2678.5182434407620     
        1449  -2711.5754459336854     
        1450  -2635.3676521972766     
        1451  -2679.0971184570440     
        1452  -2676.8323342319818     
        1453  -2635.8002176268333     
        1454  -2630.1123867341921     
        1455  -2619.0340567589669     
        1456  -2621.3546896321718     
        1457  -2626.7732236092224     
        1458  -2611.6983735955218     
        1459  -2619.6826834100898     
        1460  -2617.1089411666235     
        1461  -2690.3315358765644     
        1462  -2633.1071693942295     
        1463  -2578.9745703416552     
        1464  -2635.5066225125929     
        1465  -2662.8844846867487     
        1466  -2633.9806376016722     
        1467  -2665.2847089693964     
        1468  -2623.5896408430444     
        1469  -2611.7698346924103     
        1470  -2622.3968743849032     
        1471  -2653.3832044611704     
        1472  -2617.0129995639118     
        1473  -2589.1354892747240     
        1474  -2611.7743324785638     
        1475  -2614.9602344712471     
        1476  -2578.6180728368809     
        1477  -2614.5559783548933     
        1478  -2645.5430258126930     
        1479  -2626.2247630408378     
        1480  -2609.1786813930880     
        1481  -2607.8312518637463     
        1482  -2616.1976833210292     
        1483  -2621.5332262804113     
        1484  -2623.5230696693152     
        1485  -2572.5762643682533     
        1486  -2595.0785244727354     
        1487  -2623.5117121559374     
        1488  -2592.6111060164731     
        1489  -2608.0161612913394     
        1490  -2655.4633371345280     
        1491  -2652.0853847131539     
        1492  -2637.9931299978416     
        1493  -2604.8732871704829     
        1494  -2700.1703254442937     
        1495  -2682.8036083955285     
        1496  -2694.1249922461279     
        1497  -2663.3662602218760     
        1498  -2692.6453304450697     
        1499  -2650.8246146808065     
        1500  -2656.2078318276899     
        1501  -2653.5419824362693     
        1502  -2637.2316309010989     
        1503  -2607.8166270128654     
        1504  -2695.2206842595024     
        1505  -2659.4066727815425     
        1506  -2616.2326371459417     
        1507  -2628.0710463135365     
        1508  -2660.5449083815356     
        1509  -2650.0467710168246     
        1510  -2625.7461653063469     
        1511  -2636.2273845946161     
        1512  -2622.3342924231906     
        1513  -2592.2817399241449     
        1514  -2659.7637386892907     
        1515  -2592.5237109729223     
        1516  -2622.7241462902693     
        1517  -2640.9685845713025     
        1518  -2630.1486207897660     
        1519  -2636.9270338629499     
        1520  -2589.5382349821116     
        1521  -2569.4825736751172     
        1522  -2561.9542124846057     
        1523  -2577.8987507762645     
        1524  -2652.9159908211623     
        1525  -2662.0275563744008     
        1526  -2626.0570222137849     
        1527  -2654.6094439809031     
        1528  -2600.4250791872805     
        1529  -2606.8135180570994     
        1530  -2575.0007669410365     
        1531  -2595.1239548191279     
        1532  -2571.0301651659238     
        1533  -2606.2748463147559     
        1534  -2582.0038381596701     
        1535  -2545.6609891050921     
        1536  -2591.3170916049617     
        1537  -2601.7901472338913     
        1538  -2613.3063716635033     
        1539  -2567.2892413930304     
        1540  -2584.1328119779969     
        1541  -2671.0127383247550     
        1542  -2614.6806570434896     
        1543  -2606.9052356709481     
        1544  -2627.6529354035915     
        1545  -2624.3938772446295     
        1546  -2583.0165827903115     
        1547  -2590.3283806417326     
        1548  -2565.3341528223805     
        1549  -2540.0623171907969     
        1550  -2613.4167759726342     
        1551  -2567.9097503427988     
        1552  -2545.1792217999232     
        1553  -2574.3409840227614     
        1554  -2616.3922336616074     
        1555  -2614.2626561016345     
        1556  -2630.2420173874707     
        1557  -2607.1844771859387     
        1558  -2563.8151459240948     
        1559  -2569.8840152556863     
        1560  -2597.6699148248217     
        1561  -2575.2642399159781     
        1562  -2567.8944320718697     
        1563  -2560.8236372296942     
        1564  -2612.0733158745843     
        1565  -2561.1998957776796     
        1566  -2485.9560867836549     
        1567  -2567.8912117606610     
        1568  -2530.9994093408022     
        1569  -2540.8589690398130     
        1570  -2564.7118864582112     
        1571  -2661.1665710331113     
        1572  -2671.9569593687311     
        1573  -2619.6464653985527     
        1574  -2521.7505706381576     
        1575  -2592.7122698586704     
        1576  -2588.2879633034827     
        1577  -2620.9987947234099     
        1578  -2629.8214579821229     
        1579  -2568.4168248051287     
        1580  -2482.6300735760610     
        1581  -2553.0921613812061     
        1582  -2593.8441257339332     
        1583  -2614.1444423088601     
        1584  -2657.7516458475170     
        1585  -2656.3755080990995     
        1586  -2725.1131918658366     
        1587  -2726.1243702343672     
        1588  -2738.4608605863323     
        1589  -2638.4528461333516     
        1590  -2628.6430668005087     
        1591  -2686.2887110702163     
        1592  -2693.2489535594996     
        1593  -2620.0256485507775     
        1594  -2618.6413344719426     
        1595  -2596.9872243489631     
        1596  -2668.4766903645777     
        1597  -2663.2890565983312     
        1598  -2680.3909589259083     
        1599  -2628.9161731160757     
        1600  -2674.4073532362063     
        1601  -2687.4609792215751     
        1602  -2669.6137884234354     
        1603  -2724.6214946396690     
        1604  -2706.1273102399582     
        1605  -2654.8540383804748     
        1606  -2648.6998587940561     
        1607  -2665.2497930030331     
        1608  -2593.0360068644845     
        1609  -2598.2367994686870     
        1610  -2573.5498383801605     
        1611  -2563.8095399523249     
        1612  -2569.1145466001476     
        1613  -2586.7370217509715     
        1614  -2593.0161838685585     
        1615  -2564.6816440296025     
        1616  -2591.9453768467397     
        1617  -2580.9381601752539     
        1618  -2518.1326229572196     
        1619  -2585.8913058817534     
        1620  -2613.1816852452475     
        1621  -2619.0227028844533     
        1622  -2595.7289310129381     
        1623  -2627.4673368309841     
        1624  -2591.6271916341348     
        1625  -2589.4169700233247     
        1626  -2629.6430119454430     
        1627  -2597.0703106352303     
        1628  -2578.7842857665523     
        1629  -2640.4280316608779     
        1630  -2612.0599263358276     
        1631  -2659.1002644763967     
        1632  -2681.4813239403416     
        1633  -2680.2797792299953     
        1634  -2659.1473632235502     
        1635  -2642.0121075049283     
        1636  -2660.1280960372874     
        1637  -2612.6129765235569     
        1638  -2635.0774407390477     
        1639  -2634.9913508098366     
        1640  -2674.2001481854036     
        1641  -2633.3417507325971     
        1642  -2691.0722090680406     
        1643  -2626.3730130678891     
        1644  -2638.9132925093527     
        1645  -2627.6559804136268     
        1646  -2631.2707548018129     
        1647  -2612.8928422047657     
        1648  -2610.5383362852695     
        1649  -2607.2502301076224     
        1650  -2594.4259046815464     
        1651  -2648.2889079614902     
        1652  -2646.8755103507096     
        1653  -2644.6611313504814     
        1654  -2634.7924574833164     
        1655  -2671.2118590724685     
        1656  -2632.9062075278603     
        1657  -2597.3863741481555     
        1658  -2559.2010116081383     
        1659  -2575.8108189464683     
        1660  -2582.4237527530649     
        1661  -2658.8404717013123     
        1662  -2678.9918082715967     
        1663  -2646.3432286928469     
        1664  -2658.2670917945029     
        1665  -2635.9355696360622     
        1666  -2578.4577371635951     
        1667  -2610.9069660075411     
        1668  -2615.6375622262881     
        1669  -2622.2311410481907     
        1670  -2592.5515877754283     
        1671  -2607.8144282285998     
        1672  -2633.4717629912393     
        1673  -2606.3403243089924     
        1674  -2595.9227098494725     
        1675  -2648.9968009988529     
        1676  -2638.4747962620663     
        1677  -2684.6186109418086     
        1678  -2648.9558673510951     
        1679  -2652.7249717859872     
        1680  -2578.6798204717029     
        1681  -2518.4740191482533     
        1682  -2604.6232118711951     
        1683  -2581.9038446101422     
        1684  -2595.8455204993720     
        1685  -2577.5483511332127     
        1686  -2587.6282701847131     
        1687  -2599.4478063942015     
        1688  -2584.8812307014523     
        1689  -2594.9284502618825     
        1690  -2572.8303692548820     
        1691  -2564.0125194110233     
        1692  -2589.1064860304155     
        1693  -2608.9851850544451     
        1694  -2592.2117989738390     
        1695  -2600.0845255040995     
        1696  -2626.5490366732724     
        1697  -2596.5119535746849     
        1698  -2588.7891728359068     
        1699  -2597.9673877150085     
        1700  -2633.7370043367673     
        1701  -2640.6184499642468     
        1702  -2615.1673530267394     
        1703  -2628.6311447898020     
        1704  -2554.1478446519550     
        1705  -2571.8869934484524     
        1706  -2595.5448395873182     
        1707  -2603.0169749185088     
        1708  -2621.2366589480812     
        1709  -2620.2833112946714     
        1710  -2593.4531574790340     
        1711  -2671.6462187205007     
        1712  -2658.4790086969156     
        1713  -2654.5688409008890     
        1714  -2593.2063095359222     
        1715  -2532.8890577912939     
        1716  -2564.0791728748127     
        1717  -2585.7116948986436     
        1718  -2610.2909768517693     
        1719  -2663.6218230266741     
        1720  -2593.1640848138427     
        1721  -2675.3917810109892     
        1722  -2597.3630591421111     
        1723  -2661.1094545751685     
        1724  -2648.3030307773665     
        1725  -2606.6554439509077     
        1726  -2620.9838893613910     
        1727  -2637.0349469815851     
        1728  -2646.4651907424550     
        1729  -2621.7733877569908     
        1730  -2610.7023427898712     
        1731  -2682.9883555664514     
        1732  -2638.7873218774998     
        1733  -2635.7619012627679     
        1734  -2620.1654425284269     
        1735  -2590.1437828002377     
        1736  -2628.7398398674586     
        1737  -2647.9816288557927     
        1738  -2604.1833003827087     
        1739  -2611.3557268094655     
        1740  -2631.3500376324550     
        1741  -2610.1060615579527     
        1742  -2597.5878161563610     
        1743  -2571.5094105532289     
        1744  -2648.9216870416699     
        1745  -2674.4477944043447     
        1746  -2635.4253978173729     
        1747  -2640.6820401946597     
        1748  -2548.8777563777708     
        1749  -2514.8340785196829     
        1750  -2590.5883178898243     
        1751  -2595.4196281241680     
        1752  -2615.7258919042270     
        1753  -2590.6596597309376     
        1754  -2605.6987752734503     
        1755  -2561.8495846347782     
        1756  -2555.6901264330672     
        1757  -2554.2391004950441     
        1758  -2515.3863218902043     
        1759  -2532.8959748006632     
        1760  -2575.3688689064975     
        1761  -2531.4090583925013     
        1762  -2600.1560968208792     
        1763  -2563.2176084369567     
        1764  -2536.8310350920360     
        1765  -2579.7042398666435     
        1766  -2625.3303668213289     
        1767  -2594.7792371235032     
        1768  -2588.6746750782258     
        1769  -2609.0273763465671     
        1770  -2612.2424312649277     
        1771  -2585.1367260086545     
        1772  -2633.5402398746714     
        1773  -2605.2470346203145     
        1774  -2586.6947109056669     
        1775  -2614.5390056141791     
        1776  -2582.0641804107677     
        1777  -2672.8490179859032     
        1778  -2624.8858683172089     
        1779  -2646.6593815926335     
        1780  -2668.9449250455741     
        1781  -2600.9780945216894     
        1782  -2646.0546107932314     
        1783  -2617.8968867112394     
        1784  -2643.6848214397573     
        1785  -2642.1537354737193     
        1786  -2673.5128958617333     
        1787  -2653.2598985127197     
        1788  -2625.7100295186438     
        1789  -2614.4751553074734     
        1790  -2601.7132596633191     
        1791  -2568.5182391838443     
        1792  -2574.4085790195600     
        1793  -2601.4166451256656     
        1794  -2569.0595193616646     
        1795  -2573.7863300139716     
        1796  -2526.5172066857613     
        1797  -2510.1310927539585     
        1798  -2546.9318233953754     
        1799  -2549.4193542140206     
        1800  -2548.4039064388071     
        1801  -2544.0537192142360     
        1802  -2550.5246813733379     
        1803  -2512.9984969739594     
        1804  -2510.9812541575702     
        1805  -2587.0571875356231     
        1806  -2588.1421246505997     
        1807  -2553.2974067319196     
        1808  -2532.6807636965759     
        1809  -2572.3021857791409     
        1810  -2639.5659037753871     
        1811  -2607.2438300506310     
        1812  -2685.1798016629850     
        1813  -2644.7668033291902     
        1814  -2652.8663294502740     
        1815  -2640.6288646919206     
        1816  -2682.8308263789140     
        1817  -2647.9656309529723     
        1818  -2632.1984568504781     
        1819  -2620.1652932866859     
        1820  -2559.9760384931656     
        1821  -2610.9212919912220     
        1822  -2602.7205907306766     
        1823  -2615.8514111678601     
        1824  -2683.1330501713182     
        1825  -2668.4010895706351     
        1826  -2643.6379006905659     
        1827  -2622.9519867907479     
        1828  -2631.7897074938605     
        1829  -2602.1102776706316     
        1830  -2594.3017585276166     
        1831  -2617.6277732429335     
        1832  -2659.2872216020291     
        1833  -2609.4557857894670     
        1834  -2686.4986358761357     
        1835  -2747.2888115147025     
        1836  -2688.5751136591521     
        1837  -2686.1872447968271     
        1838  -2690.9911617744365     
        1839  -2626.7915297853624     
        1840  -2643.5178207078206     
        1841  -2611.4635670861098     
        1842  -2729.7433959627210     
        1843  -2720.9933443090517     
        1844  -2603.4544912665078     
        1845  -2644.9494097324059     
        1846  -2585.2724556463459     
        1847  -2642.7832122708710     
        1848  -2638.0793686191655     
        1849  -2601.2546258471784     
        1850  -2631.4982762300669     
        1851  -2605.4853084890360     
        1852  -2592.6018812534508     
        1853  -2593.6527294478974     
        1854  -2627.4973014851739     
        1855  -2621.4491589518316     
        1856  -2565.2464751186139     
        1857  -2621.1738745216016     
        1858  -2599.8692616335811     
        1859  -2628.7380089549633     
        1860  -2640.3301125227886     
        1861  -2588.7490188679094     
        1862  -2630.4109614111808     
        1863  -2593.9654328839611     
        1864  -2588.1348731600792     
        1865  -2624.6349088228249     
        1866  -2617.2033789736374     
        1867  -2547.0469534048443     
        1868  -2575.3382920395561     
        1869  -2616.6640495384036     
        1870  -2562.2994418793437     
        1871  -2569.1449593016441     
        1872  -2568.9393227673281     
        1873  -2590.1696746135822     
        1874  -2617.5647666341069     
        1875  -2600.3341693681705     
        1876  -2651.4629145438385     
        1877  -2617.0872249136514     
        1878  -2620.3643580292637     
        1879  -2603.3833082109991     
        1880  -2589.4069209329709     
        1881  -2569.7753401523823     
        1882  -2543.4613059879289     
        1883  -2591.9223731146139     
        1884  -2580.4415583866062     
        1885  -2681.6489997678354     
        1886  -2687.5652599202135     
        1887  -2578.2471221873338     
        1888  -2532.1084099681802     
        1889  -2542.0639193832108     
        1890  -2611.7074063256232     
        1891  -2511.1918094975076     
        1892  -2537.8942928311494     
        1893  -2587.5476616541177     
        1894  -2591.7500853341294     
        1895  -2567.6799668433096     
        1896  -2610.8545644513651     
        1897  -2613.4133129191805     
        1898  -2642.7918508690045     
        1899  -2601.3641149353157     
        1900  -2594.5624465575338     
        1901  -2624.1883142470924     
        1902  -2528.8414483972892     
        1903  -2639.7073459068697     
        1904  -2645.6694703754138     
        1905  -2644.3321013910090     
        1906  -2628.7814221678905     
        1907  -2623.1171712461332     
        1908  -2596.3741007981266     
        1909  -2597.9730258080722     
        1910  -2646.1943148516616     
        1911  -2613.4994295751144     
        1912  -2632.6021394136474     
        1913  -2570.2107959700570     
        1914  -2579.7097927266454     
        1915  -2533.7297274007237     
        1916  -2580.5253405026192     
        1917  -2563.2010756527202     
        1918  -2523.9728980694499     
        1919  -2576.0680410291507     
        1920  -2582.8560653103546     
        1921  -2595.0370663309677     
        1922  -2612.8562101171815     
        1923  -2592.0571704803097     
        1924  -2580.3721901922504     
        1925  -2548.0552097256377     
        1926  -2589.9892082726665     
        1927  -2562.3259010368442     
        1928  -2568.0051505556594     
        1929  -2529.0242269567871     
        1930  -2558.8267031518840     
        1931  -2607.7222172123188     
        1932  -2529.3678615068429     
        1933  -2577.7660177657658     
        1934  -2610.9649637687912     
        1935  -2636.1434616364222     
        1936  -2574.8642060282614     
        1937  -2599.3785586486215     
        1938  -2558.7547176386506     
        1939  -2575.5711380501921     
        1940  -2552.4701143153102     
        1941  -2538.1553107362256     
        1942  -2580.2535680590681     
        1943  -2581.0066530587496     
        1944  -2577.2917805452894     
        1945  -2596.9736954793934     
        1946  -2558.2142328206673     
        1947  -2570.3501103485592     
        1948  -2543.0827122952560     
        1949  -2495.3500038092757     
        1950  -2516.6163095954016     
        1951  -2499.1430420362717     
        1952  -2467.9291060193445     
        1953  -2538.2051779691237     
        1954  -2515.2741676841679     
        1955  -2528.1682457424081     
        1956  -2505.7780368169397     
        1957  -2523.4887291789937     
        1958  -2506.6806570541839     
        1959  -2576.3123948459456     
        1960  -2575.3188266271095     
        1961  -2600.3954827284047     
        1962  -2624.5596745475814     
        1963  -2617.6139801143290     
        1964  -2536.9445542274516     
        1965  -2613.3088270446351     
        1966  -2538.9330755438659     
        1967  -2579.8783541231910     
        1968  -2585.0876680840815     
        1969  -2640.8352879301146     
        1970  -2649.8942582059876     
        1971  -2617.1632365781625     
        1972  -2575.6303875679814     
        1973  -2578.9154159072182     
        1974  -2561.4078848183326     
        1975  -2601.2372464122345     
        1976  -2613.0203251830376     
        1977  -2626.7426723001481     
        1978  -2645.9760032410195     
        1979  -2664.0370067574522     
        1980  -2547.4800455540717     
        1981  -2587.8863964497746     
        1982  -2599.7552087410245     
        1983  -2582.4001282856480     
        1984  -2652.5935237458020     
        1985  -2596.2594173889934     
        1986  -2627.0490002754555     
        1987  -2619.4644298570111     
        1988  -2628.3118879615640     
        1989  -2623.0414914806511     
        1990  -2604.4950961736736     
        1991  -2583.8035646118483     
        1992  -2597.9456667512763     
        1993  -2613.7525407453804     
        1994  -2581.5921028903967     
        1995  -2598.3900770593759     
        1996  -2649.2494279924858     
        1997  -2638.0873641303815     
        1998  -2593.3412266450850     
        1999  -2564.9345744130151     
        2000  -2558.7722149798092     
