 SAMPLE,  ENERGY
           1  -2472.8537818790887     
           2  -2483.0377266735727     
           3  -2419.9385965471624     
           4  -2509.5986634616697     
           5  -2472.6807962298740     
           6  -2522.2603487487131     
           7  -2537.1090610557503     
           8  -2496.4426544611570     
           9  -2497.7232427518625     
          10  -2504.9362622692556     
          11  -2501.5881721772780     
          12  -2462.1552232312570     
          13  -2451.0713374458851     
          14  -2424.7020490516898     
          15  -2460.4827390999440     
          16  -2475.2080631408558     
          17  -2435.9810591187684     
          18  -2469.9864350648350     
          19  -2501.8708337001676     
          20  -2474.3496676556015     
          21  -2429.9734387673002     
          22  -2462.7789732469487     
          23  -2442.2592014773577     
          24  -2458.9353999537243     
          25  -2438.0877711333796     
          26  -2543.9902044576202     
          27  -2458.4778971222095     
          28  -2474.7503899257044     
          29  -2480.5535649638605     
          30  -2435.5582318262341     
          31  -2507.9257096264014     
          32  -2465.8463562297898     
          33  -2441.1056555381124     
          34  -2420.0780083386253     
          35  -2437.3852213772630     
          36  -2444.7178296357170     
          37  -2433.7396824418238     
          38  -2428.7084323336853     
          39  -2408.5848915517090     
          40  -2460.1812350200407     
          41  -2431.1738790379509     
          42  -2410.7379420759612     
          43  -2452.6297657640966     
          44  -2467.2234539994561     
          45  -2436.4372426741470     
          46  -2468.5738366642845     
          47  -2454.0312997356627     
          48  -2478.1689955413881     
          49  -2460.1776760851903     
          50  -2426.9202303916168     
          51  -2450.5836817890513     
          52  -2456.6328003684189     
          53  -2456.3209306481244     
          54  -2488.1509060221401     
          55  -2490.2168524443682     
          56  -2471.6352672104563     
          57  -2442.8986050375224     
          58  -2423.7430386417600     
          59  -2435.5859648840005     
          60  -2460.0007093703466     
          61  -2457.0213935026186     
          62  -2553.6621681894176     
          63  -2563.5934573795121     
          64  -2516.6984434481601     
          65  -2527.0196889478680     
          66  -2451.9160254484277     
          67  -2460.0829720600309     
          68  -2465.4951190902839     
          69  -2455.6123888210523     
          70  -2511.3736152817200     
          71  -2538.6598909956278     
          72  -2549.1503235710393     
          73  -2562.6603787913946     
          74  -2507.6735225188008     
          75  -2525.2161575999557     
          76  -2487.0849494571567     
          77  -2506.8417440974058     
          78  -2548.6544001700850     
          79  -2506.9926194845298     
          80  -2499.2717784881929     
          81  -2492.2892912015327     
          82  -2525.2298501861283     
          83  -2529.4537718703114     
          84  -2523.6312935781461     
          85  -2525.2312589596409     
          86  -2516.5738091076546     
          87  -2474.6579544057836     
          88  -2457.7237238037264     
          89  -2555.2227096224833     
          90  -2548.4208724433643     
          91  -2547.1833871257304     
          92  -2497.4605305275568     
          93  -2515.9369971565916     
          94  -2512.2593529634928     
          95  -2550.4565172695593     
          96  -2531.3307902790852     
          97  -2560.0200197545832     
          98  -2544.5821905361004     
          99  -2537.7176734405011     
         100  -2477.6311142802042     
         101  -2522.8503685025557     
         102  -2554.1628687989974     
         103  -2540.8969197474798     
         104  -2530.6355123038925     
         105  -2490.2703879455121     
         106  -2522.4720894520201     
         107  -2529.3640537810934     
         108  -2550.2945694174241     
         109  -2534.6833146597128     
         110  -2516.9689664732659     
         111  -2533.6984301465282     
         112  -2513.8661215232819     
         113  -2531.1075626008032     
         114  -2514.2843797097444     
         115  -2498.5277529530417     
         116  -2552.5938185255509     
         117  -2557.5041003197593     
         118  -2546.3808248222513     
         119  -2521.7218475892005     
         120  -2565.3908473535316     
         121  -2560.7299383498794     
         122  -2498.7842979675434     
         123  -2528.2466577852497     
         124  -2541.4289774821850     
         125  -2533.2296896344278     
         126  -2527.3697124061896     
         127  -2540.4706342666755     
         128  -2478.5566835003592     
         129  -2494.1718505832478     
         130  -2470.1958171629349     
         131  -2490.7569929085225     
         132  -2448.8578901884439     
         133  -2462.9263404099424     
         134  -2572.4056032827325     
         135  -2495.3389127843011     
         136  -2476.8222622033136     
         137  -2494.6620536930923     
         138  -2452.1318909194633     
         139  -2503.1321424778412     
         140  -2462.6646233501301     
         141  -2469.1488421135914     
         142  -2442.0793722507328     
         143  -2489.8583117873259     
         144  -2525.9241852620999     
         145  -2475.8600942186999     
         146  -2543.8975944548729     
         147  -2540.6886328786604     
         148  -2453.2932649244949     
         149  -2474.3633735591789     
         150  -2516.8691940701719     
         151  -2484.0225784279269     
         152  -2476.0629243850826     
         153  -2512.8764041813452     
         154  -2514.5339234448998     
         155  -2482.5417046812668     
         156  -2461.1948661284869     
         157  -2496.9759280503849     
         158  -2474.8075710666444     
         159  -2438.7322791410070     
         160  -2480.6043458728504     
         161  -2514.9994812129357     
         162  -2472.0536034734564     
         163  -2478.2075012854598     
         164  -2441.6466345020413     
         165  -2455.8118020900974     
         166  -2453.9467085500555     
         167  -2467.7399531562883     
         168  -2488.0661644807046     
         169  -2456.3826306100887     
         170  -2518.1715201775114     
         171  -2497.4940203688975     
         172  -2512.9887027452874     
         173  -2471.7533197628459     
         174  -2479.9277973118856     
         175  -2477.6673645176902     
         176  -2509.5316378049183     
         177  -2478.8201533013407     
         178  -2479.2196561971282     
         179  -2484.8275217768150     
         180  -2495.7555078416385     
         181  -2514.5307660715639     
         182  -2473.2341451980351     
         183  -2446.5216998113410     
         184  -2523.1137752068980     
         185  -2521.5993877361448     
         186  -2508.3044526280564     
         187  -2493.8701906073165     
         188  -2494.5369363540808     
         189  -2459.2220851583688     
         190  -2466.5152484064547     
         191  -2488.9531699671206     
         192  -2501.0104432416492     
         193  -2499.1578236993405     
         194  -2500.6379475939084     
         195  -2496.7419363579124     
         196  -2460.4502520525266     
         197  -2471.7641332392750     
         198  -2480.1786958839675     
         199  -2501.5906803421499     
         200  -2478.1788773311428     
         201  -2508.4657464265497     
         202  -2474.5307348571237     
         203  -2472.9702959875499     
         204  -2520.3877041496617     
         205  -2514.4796304793908     
         206  -2541.4287182975077     
         207  -2557.2620844947219     
         208  -2565.9435027712761     
         209  -2535.6138297545481     
         210  -2466.5142597694953     
         211  -2463.6586089095699     
         212  -2528.4268181249272     
         213  -2508.7279378760627     
         214  -2498.6615075893383     
         215  -2486.4091301234776     
         216  -2464.0197847384361     
         217  -2458.7746991611702     
         218  -2451.2127509387169     
         219  -2475.9264860380072     
         220  -2466.5401130663836     
         221  -2466.9401253798587     
         222  -2495.6965929299258     
         223  -2483.5798258197319     
         224  -2462.4156514273973     
         225  -2486.0224500510076     
         226  -2495.1472206816575     
         227  -2433.8777256018270     
         228  -2459.3680600786447     
         229  -2477.4896114462294     
         230  -2479.0475568434649     
         231  -2496.7132887591847     
         232  -2536.4635649430002     
         233  -2521.1222475460950     
         234  -2463.6665466583672     
         235  -2536.6525368189359     
         236  -2508.0632810106872     
         237  -2495.7889219918179     
         238  -2459.4837712972462     
         239  -2466.5086920100398     
         240  -2441.8670786875250     
         241  -2426.2972041844514     
         242  -2429.2242630153164     
         243  -2439.0073908952654     
         244  -2465.7515626493678     
         245  -2463.1692546769250     
         246  -2412.7829496957916     
         247  -2499.8758392070495     
         248  -2501.3520842918297     
         249  -2535.5664105382352     
         250  -2498.6878789654183     
         251  -2484.1892017759878     
         252  -2474.4538937316943     
         253  -2543.0862137157674     
         254  -2527.6690431446145     
         255  -2524.0400329736453     
         256  -2513.9136661525094     
         257  -2519.4852728538513     
         258  -2516.7541699870817     
         259  -2555.9297588589975     
         260  -2512.9676947572775     
         261  -2564.1604585545715     
         262  -2539.1927571429110     
         263  -2559.5184037993149     
         264  -2523.5788305417454     
         265  -2502.8372419783873     
         266  -2561.8593221394040     
         267  -2553.8725626177015     
         268  -2556.7775889260497     
         269  -2558.8131771398989     
         270  -2524.8532299925223     
         271  -2493.2032563022785     
         272  -2502.8012757287306     
         273  -2469.9139175992054     
         274  -2413.4507631045844     
         275  -2422.2795666582956     
         276  -2459.4491300849750     
         277  -2474.6545743126117     
         278  -2431.9165562541011     
         279  -2449.6654737398417     
         280  -2469.6885571862672     
         281  -2434.3326081082046     
         282  -2438.9152229284750     
         283  -2447.2100017294938     
         284  -2504.1662842180403     
         285  -2454.0245360901167     
         286  -2452.6136396679790     
         287  -2392.2914585059902     
         288  -2455.4173261587894     
         289  -2449.3491066941447     
         290  -2493.6450490186216     
         291  -2467.1151771596083     
         292  -2422.9963337498043     
         293  -2443.6284105680570     
         294  -2486.8812817716284     
         295  -2456.5227696937491     
         296  -2488.7728432793774     
         297  -2401.9044677504498     
         298  -2452.8492730734852     
         299  -2486.5899578814369     
         300  -2443.6971566243542     
         301  -2484.8790881306900     
         302  -2497.3965564206324     
         303  -2515.5812044356744     
         304  -2486.9930082622554     
         305  -2447.2242422363088     
         306  -2472.9222958539021     
         307  -2525.2844569073245     
         308  -2527.6450013500676     
         309  -2554.2912591118661     
         310  -2566.8250753859816     
         311  -2571.9565181730627     
         312  -2519.9485377182164     
         313  -2499.0654758001074     
         314  -2479.5280480265928     
         315  -2473.8980636869032     
         316  -2441.4532497774644     
         317  -2424.5679597916755     
         318  -2463.5457005757908     
         319  -2493.6279366635026     
         320  -2493.2262734514065     
         321  -2460.6961236113561     
         322  -2429.5885493096043     
         323  -2491.1505709559151     
         324  -2556.7416093954944     
         325  -2545.1788683623340     
         326  -2522.5406487319196     
         327  -2536.7033692365103     
         328  -2564.3964973692341     
         329  -2548.1051434134315     
         330  -2556.8973655387285     
         331  -2539.9911994423560     
         332  -2545.8241374386430     
         333  -2569.1810783360511     
         334  -2528.4795690992551     
         335  -2536.5299394783219     
         336  -2514.6518398666840     
         337  -2548.1953652453662     
         338  -2504.4809581221020     
         339  -2497.6002239004065     
         340  -2520.6329327823105     
         341  -2535.4148990522126     
         342  -2491.3096296234830     
         343  -2510.0431758139380     
         344  -2498.0042032832362     
         345  -2525.6244318004528     
         346  -2499.1114378678039     
         347  -2528.5147103502459     
         348  -2492.3557253560748     
         349  -2472.5579510593593     
         350  -2482.6492940951189     
         351  -2433.5669499837418     
         352  -2510.1711015123478     
         353  -2459.4078646644789     
         354  -2432.3273920880247     
         355  -2452.4904149436825     
         356  -2500.0163801059080     
         357  -2536.8087894400419     
         358  -2524.9113334081999     
         359  -2517.6402983730109     
         360  -2570.4824415231187     
         361  -2551.0564775938788     
         362  -2548.2941675209577     
         363  -2526.7496314988166     
         364  -2525.3065820805814     
         365  -2579.3103899438916     
         366  -2564.2689053188174     
         367  -2596.6629031775606     
         368  -2531.7648615618373     
         369  -2564.0219461893334     
         370  -2522.2705003523397     
         371  -2503.9461233738302     
         372  -2528.5520579749918     
         373  -2527.2620744022720     
         374  -2528.3925598057644     
         375  -2547.6210482369220     
         376  -2528.5415426243585     
         377  -2482.5110222198914     
         378  -2525.7397859843700     
         379  -2533.0682652367123     
         380  -2516.5566041120892     
         381  -2549.0794144430997     
         382  -2563.5451918035724     
         383  -2595.8326727248004     
         384  -2589.2532020938329     
         385  -2552.2814687418427     
         386  -2570.3142172550274     
         387  -2541.6498392831854     
         388  -2492.6972701196451     
         389  -2532.0664623134153     
         390  -2550.8937371726602     
         391  -2565.4979412331027     
         392  -2487.4456817988730     
         393  -2515.1213451633071     
         394  -2521.2106930897176     
         395  -2525.9052073642629     
         396  -2552.7573039894000     
         397  -2541.1623702592660     
         398  -2501.2895575285288     
         399  -2471.1735091547262     
         400  -2498.1916357339692     
         401  -2516.0361277050492     
         402  -2532.4606638864211     
         403  -2556.9582774740315     
         404  -2564.4885964380928     
         405  -2553.4891393348394     
         406  -2576.3032216733427     
         407  -2561.2194961607229     
         408  -2564.3478688173100     
         409  -2528.4664945223112     
         410  -2515.9815867117131     
         411  -2513.6678627507754     
         412  -2520.4982532223080     
         413  -2492.0308067952410     
         414  -2485.3300641775895     
         415  -2520.9407966156755     
         416  -2535.1807406708836     
         417  -2564.9902954488070     
         418  -2500.8030496795341     
         419  -2516.7721071481174     
         420  -2537.5778729325239     
         421  -2513.9880664198095     
         422  -2541.2281713731859     
         423  -2552.3213741563600     
         424  -2575.2400201544897     
         425  -2542.7231999464434     
         426  -2559.5729211215844     
         427  -2581.3169913623460     
         428  -2543.8045343544482     
         429  -2524.0558252375658     
         430  -2543.3190988279443     
         431  -2532.7973328569728     
         432  -2522.1595166272036     
         433  -2509.9825478331891     
         434  -2542.1692980579237     
         435  -2497.7313974661497     
         436  -2530.1524823749241     
         437  -2561.9325153096879     
         438  -2546.3530814856213     
         439  -2539.8011108400769     
         440  -2519.4742315625176     
         441  -2549.6304245726656     
         442  -2565.6764416336000     
         443  -2581.0262957659588     
         444  -2589.6298305534515     
         445  -2575.9475596295260     
         446  -2548.5466541856845     
         447  -2569.4829410390357     
         448  -2551.0065828212955     
         449  -2542.5006983354933     
         450  -2534.1670673009517     
         451  -2495.5015430993758     
         452  -2521.9100367058309     
         453  -2529.2855659630154     
         454  -2539.5491892258588     
         455  -2530.8874496988833     
         456  -2533.8463653648359     
         457  -2531.3831001265394     
         458  -2501.4383260366008     
         459  -2540.4979376060878     
         460  -2540.7101403304778     
         461  -2496.7786433491096     
         462  -2461.5589658707431     
         463  -2486.5426557711298     
         464  -2502.0421574909346     
         465  -2504.5120679238580     
         466  -2490.4300673331859     
         467  -2533.3150748107973     
         468  -2551.4866080282595     
         469  -2557.0206485782569     
         470  -2530.5043354263867     
         471  -2559.0900211311455     
         472  -2562.5640326768339     
         473  -2559.4535874256921     
         474  -2582.1183644112089     
         475  -2617.3526222828377     
         476  -2609.2689914738094     
         477  -2595.6387120419877     
         478  -2619.8898518080350     
         479  -2579.8434602253919     
         480  -2594.2892959434066     
         481  -2604.6066847227385     
         482  -2599.6052143436377     
         483  -2577.8732114154013     
         484  -2543.9609541966861     
         485  -2539.4843411725328     
         486  -2551.0488921701640     
         487  -2573.9194707497231     
         488  -2598.0307529391785     
         489  -2570.5855973697703     
         490  -2555.8668859265808     
         491  -2565.0539421135827     
         492  -2579.6739485410185     
         493  -2612.6029471450097     
         494  -2605.0266029898494     
         495  -2618.5416806859034     
         496  -2606.0381296738888     
         497  -2605.3405125785862     
         498  -2598.1790092323108     
         499  -2527.1728150310787     
         500  -2552.5859843802386     
         501  -2548.7942556053586     
         502  -2529.1192332707683     
         503  -2582.5150721747677     
         504  -2534.0698206084649     
         505  -2534.0707871400982     
         506  -2533.2893376080779     
         507  -2565.1011117874705     
         508  -2558.8786754054945     
         509  -2541.9258705721472     
         510  -2528.8053055831529     
         511  -2576.2006764592302     
         512  -2557.2483843153036     
         513  -2535.1186133959659     
         514  -2577.5648696079452     
         515  -2581.1420996462812     
         516  -2603.5832604647057     
         517  -2581.5965077326737     
         518  -2555.6024348405058     
         519  -2567.0415875317231     
         520  -2606.4502467508760     
         521  -2623.4608105001307     
         522  -2602.2035138343322     
         523  -2572.9992881357161     
         524  -2550.0980574923169     
         525  -2574.4616472481080     
         526  -2590.5883410951110     
         527  -2496.5523926698875     
         528  -2541.5578453214694     
         529  -2599.7423015913773     
         530  -2585.6885913899978     
         531  -2569.9957312705237     
         532  -2552.0522687435823     
         533  -2520.8189943553853     
         534  -2522.5554615477695     
         535  -2519.3366451391362     
         536  -2501.9377328701057     
         537  -2526.4914688618965     
         538  -2563.2298449366558     
         539  -2530.4721860815785     
         540  -2582.9240968560116     
         541  -2492.5515848627338     
         542  -2531.4185035898072     
         543  -2568.0634857518203     
         544  -2523.8792019705970     
         545  -2566.1156839589507     
         546  -2534.8537287936124     
         547  -2526.5287491993276     
         548  -2509.4670129526530     
         549  -2518.4174723493034     
         550  -2497.3879283486062     
         551  -2507.1460702792656     
         552  -2521.3290358715021     
         553  -2559.1942039434048     
         554  -2531.5342058013534     
         555  -2548.3800796128135     
         556  -2518.9490039153652     
         557  -2552.7905183680127     
         558  -2551.7168965666438     
         559  -2526.4478432364963     
         560  -2520.6061820437394     
         561  -2545.5952254422241     
         562  -2524.3385789618887     
         563  -2491.8724422047540     
         564  -2533.7211147933708     
         565  -2506.6132062859151     
         566  -2548.6998579952169     
         567  -2561.9092961216179     
         568  -2587.6072456036113     
         569  -2560.2268816426140     
         570  -2487.8284265846278     
         571  -2527.5278636740472     
         572  -2561.6016928440795     
         573  -2555.2883789296980     
         574  -2516.5761801188087     
         575  -2568.4108225265873     
         576  -2523.5314624227763     
         577  -2506.8013028801447     
         578  -2504.0749597239128     
         579  -2538.6321657199373     
         580  -2560.8186259645586     
         581  -2556.8768916507202     
         582  -2516.7874814059901     
         583  -2547.1722506373189     
         584  -2491.2741974335322     
         585  -2456.5950551987853     
         586  -2461.3731563215624     
         587  -2494.9794301120892     
         588  -2465.0367097443836     
         589  -2462.0713980810374     
         590  -2460.9263503572365     
         591  -2448.6658546377016     
         592  -2445.8198986270027     
         593  -2476.6900793952659     
         594  -2441.4231567077622     
         595  -2476.1036046501999     
         596  -2447.3902343992713     
         597  -2464.9213625693828     
         598  -2429.8219748397019     
         599  -2440.0402673511539     
         600  -2478.0198098717096     
         601  -2500.7242154829564     
         602  -2506.9087313504556     
         603  -2539.8209894085562     
         604  -2527.1677901996986     
         605  -2502.9649892341217     
         606  -2485.6930089183720     
         607  -2500.6474985440573     
         608  -2492.2316925866621     
         609  -2511.1111666597130     
         610  -2500.2657870661210     
         611  -2502.1864480639128     
         612  -2471.0321161592697     
         613  -2467.9575685089708     
         614  -2457.9970494768604     
         615  -2489.5813192588257     
         616  -2487.3342907157371     
         617  -2436.1612340565293     
         618  -2430.6389533638435     
         619  -2503.0141855875117     
         620  -2468.0126015066530     
         621  -2514.0477179663458     
         622  -2493.1356030840734     
         623  -2474.9256791391763     
         624  -2529.0076752274754     
         625  -2551.7854420896292     
         626  -2483.6848062106556     
         627  -2522.7459874123069     
         628  -2506.9449680238022     
         629  -2492.5453929736786     
         630  -2490.8858352638936     
         631  -2505.4375060150396     
         632  -2544.9168083769059     
         633  -2476.5296636386975     
         634  -2501.5950858521355     
         635  -2484.1253257859435     
         636  -2504.5147776476097     
         637  -2500.7737235583695     
         638  -2507.1241170522885     
         639  -2458.9650769126815     
         640  -2435.6016184983132     
         641  -2416.6488806917941     
         642  -2464.7642755205025     
         643  -2443.2849631701206     
         644  -2466.1825618234516     
         645  -2466.9492150478441     
         646  -2485.3025230830604     
         647  -2462.8124228749248     
         648  -2482.1826068579003     
         649  -2452.3348341006367     
         650  -2452.2953698490778     
         651  -2447.4856785043121     
         652  -2463.6862025762744     
         653  -2447.0197792976332     
         654  -2434.0569720828385     
         655  -2473.6348531637350     
         656  -2462.7034456286287     
         657  -2448.0716418038710     
         658  -2477.0665627355966     
         659  -2469.1094446367474     
         660  -2436.6891665366625     
         661  -2482.9456896450920     
         662  -2475.7049564185645     
         663  -2503.5887212474327     
         664  -2516.5412554093386     
         665  -2471.8789323462556     
         666  -2480.0030560588634     
         667  -2501.2242286091246     
         668  -2466.8650840687947     
         669  -2426.2498664777418     
         670  -2455.5556310969591     
         671  -2430.8827452334713     
         672  -2441.2119911091786     
         673  -2498.7258607635899     
         674  -2466.8633294720025     
         675  -2496.9675447680106     
         676  -2525.4521147765727     
         677  -2521.8333894780108     
         678  -2540.4493815344781     
         679  -2540.7078165492017     
         680  -2536.7314935032664     
         681  -2500.4823689895447     
         682  -2545.5048500357238     
         683  -2561.8768294258484     
         684  -2534.3928093290401     
         685  -2543.5864915100169     
         686  -2517.4994717769837     
         687  -2511.5361930716313     
         688  -2533.3080927568381     
         689  -2480.1784267490589     
         690  -2478.2053418319274     
         691  -2477.4582231672871     
         692  -2476.0026339077508     
         693  -2517.4452933799075     
         694  -2509.7208164806902     
         695  -2482.8617601984747     
         696  -2444.1993434730803     
         697  -2489.3203607112969     
         698  -2470.7340472891492     
         699  -2439.0510985947635     
         700  -2447.9591312783737     
         701  -2483.4736881297258     
         702  -2452.2350708038034     
         703  -2471.4895877180502     
         704  -2431.3720051354580     
         705  -2429.3523446735448     
         706  -2459.5913803485191     
         707  -2486.2159390212410     
         708  -2477.4752172278772     
         709  -2439.0977442765411     
         710  -2422.5307473949988     
         711  -2434.2130533110585     
         712  -2444.7163572936051     
         713  -2516.1603647683855     
         714  -2482.5395085542104     
         715  -2445.2764220721465     
         716  -2468.9049064308879     
         717  -2514.8386115500348     
         718  -2489.4841757992549     
         719  -2525.0552937371294     
         720  -2501.0128334253604     
         721  -2489.8431283402706     
         722  -2483.7663987767642     
         723  -2519.7891604495712     
         724  -2511.4857740669645     
         725  -2505.5344557785993     
         726  -2511.0533040644582     
         727  -2526.9552059137300     
         728  -2538.3656481027297     
         729  -2551.9802674060193     
         730  -2502.7131626449345     
         731  -2540.3714365739688     
         732  -2543.0602741589132     
         733  -2549.0790773175954     
         734  -2541.9886938173081     
         735  -2583.4015277941076     
         736  -2561.0030866234783     
         737  -2571.9616058491188     
         738  -2534.0563790092579     
         739  -2553.9065633169066     
         740  -2531.4970960903920     
         741  -2524.6210292525207     
         742  -2517.8972061159484     
         743  -2520.9284358853906     
         744  -2530.6651689922846     
         745  -2594.5989199276728     
         746  -2562.4379837118772     
         747  -2535.9321217651150     
         748  -2529.0592941937280     
         749  -2501.9980397761433     
         750  -2523.8781832588747     
         751  -2565.3916056611115     
         752  -2565.2564698950246     
         753  -2526.1074355768719     
         754  -2500.2598957660293     
         755  -2528.8951846304403     
         756  -2548.8816995457373     
         757  -2510.6600378075564     
         758  -2530.8064173075204     
         759  -2514.5360828126436     
         760  -2534.9771256810309     
         761  -2536.0537921782557     
         762  -2520.8727356297627     
         763  -2500.2990543810447     
         764  -2506.1659109557154     
         765  -2475.7548476169327     
         766  -2504.0523176854272     
         767  -2535.8538170935071     
         768  -2471.4773967212991     
         769  -2515.5319948400083     
         770  -2514.0672954102797     
         771  -2497.0853967709968     
         772  -2528.6535253190227     
         773  -2471.9539993325961     
         774  -2490.4351940732945     
         775  -2499.1347033155303     
         776  -2530.7919367087939     
         777  -2515.6175168422078     
         778  -2504.8435220824690     
         779  -2456.8585055867543     
         780  -2486.3988526022804     
         781  -2449.7822132643137     
         782  -2491.9134861608768     
         783  -2499.2659292573621     
         784  -2501.5459151225728     
         785  -2456.3721456217527     
         786  -2456.0839840785975     
         787  -2435.7891198960342     
         788  -2454.6459042440501     
         789  -2466.1230049930782     
         790  -2503.7351553935591     
         791  -2506.1427957114970     
         792  -2546.9231008096313     
         793  -2575.8429628188169     
         794  -2536.6726347632557     
         795  -2501.0019855310325     
         796  -2529.7336817722062     
         797  -2553.4784491226437     
         798  -2533.5949302062168     
         799  -2530.4395872935934     
         800  -2518.1275070447573     
         801  -2518.8358779947635     
         802  -2532.8264219669500     
         803  -2539.7501514131618     
         804  -2514.3474153494872     
         805  -2490.6391130228158     
         806  -2511.0084060611121     
         807  -2533.9564603993708     
         808  -2606.8500075591273     
         809  -2575.5904012387141     
         810  -2558.9040822904067     
         811  -2595.3241121591059     
         812  -2569.7060881296225     
         813  -2560.4200404028134     
         814  -2594.2198613676173     
         815  -2559.9706568339584     
         816  -2535.6949391510502     
         817  -2528.4703485859995     
         818  -2534.6498100653325     
         819  -2552.0906992302225     
         820  -2512.1366561069053     
         821  -2530.1694282062435     
         822  -2551.6693599762166     
         823  -2488.0245418785375     
         824  -2509.0319002728297     
         825  -2485.4014199927892     
         826  -2475.6294939300510     
         827  -2509.2176515004476     
         828  -2551.7705602219235     
         829  -2581.5717531365135     
         830  -2577.8839345752212     
         831  -2505.2032185799922     
         832  -2531.0124619801572     
         833  -2539.9667412559829     
         834  -2542.3061480086635     
         835  -2512.9316643152042     
         836  -2520.5727376802352     
         837  -2577.9601006626094     
         838  -2548.0855341050014     
         839  -2546.4200841866327     
         840  -2526.7552158562398     
         841  -2481.1572972923241     
         842  -2446.2374182797325     
         843  -2478.4559161371053     
         844  -2505.8295175943281     
         845  -2504.7564721104077     
         846  -2462.3196026934734     
         847  -2488.7615890724892     
         848  -2486.3296207362519     
         849  -2524.1847042096956     
         850  -2516.2258080529127     
         851  -2534.3720282190025     
         852  -2500.4450355224922     
         853  -2528.3513887340855     
         854  -2557.2892846743407     
         855  -2525.5950794273408     
         856  -2540.0091761417539     
         857  -2474.4739382467242     
         858  -2490.8143799767495     
         859  -2548.7735264502517     
         860  -2567.4013043857390     
         861  -2508.7771014382001     
         862  -2531.8714927314436     
         863  -2557.3016790563261     
         864  -2530.9509735585684     
         865  -2556.5048871897393     
         866  -2553.9248781409296     
         867  -2528.5290101609512     
         868  -2586.3124983432399     
         869  -2500.3378057899208     
         870  -2539.3931540135495     
         871  -2520.1696764774797     
         872  -2499.7112220791764     
         873  -2505.8663423078920     
         874  -2516.5222552356518     
         875  -2516.5277904701247     
         876  -2598.8395837842450     
         877  -2559.4897043427827     
         878  -2592.6988181548809     
         879  -2581.5409503183746     
         880  -2583.4587387088068     
         881  -2535.5766390811214     
         882  -2563.6563544344795     
         883  -2566.8246779901224     
         884  -2520.3207891002048     
         885  -2542.8783225043653     
         886  -2571.8039580642130     
         887  -2582.4562141118067     
         888  -2574.5289925508905     
         889  -2506.1945080042638     
         890  -2522.6656366156203     
         891  -2514.8837053983766     
         892  -2568.8331910090787     
         893  -2551.9993428334647     
         894  -2589.9463723832200     
         895  -2595.6367627273075     
         896  -2583.1303000358494     
         897  -2539.6404053973233     
         898  -2561.2683774704392     
         899  -2551.5748621516063     
         900  -2556.9011368256688     
         901  -2549.0614966878506     
         902  -2558.0823783663509     
         903  -2589.1515342763992     
         904  -2558.2566612918031     
         905  -2522.4807363133027     
         906  -2536.2482328215356     
         907  -2564.7247012798630     
         908  -2543.9957575740696     
         909  -2570.1155827582820     
         910  -2569.8442170405756     
         911  -2599.7032784682428     
         912  -2601.8489652002895     
         913  -2601.6694958510611     
         914  -2584.4095687748909     
         915  -2573.5131840398999     
         916  -2564.6026503253761     
         917  -2547.9706325994534     
         918  -2553.1699836893431     
         919  -2568.7035905050429     
         920  -2571.1495001176127     
         921  -2573.2610218363902     
         922  -2573.8616886117347     
         923  -2528.6050944473386     
         924  -2556.9623328008201     
         925  -2554.6226979563830     
         926  -2518.6549837509874     
         927  -2480.9025388721534     
         928  -2442.3173141367643     
         929  -2444.1619647793873     
         930  -2452.7412915551208     
         931  -2461.6110203546004     
         932  -2489.8796050989458     
         933  -2502.4362970157067     
         934  -2509.1647937503171     
         935  -2501.5815958814301     
         936  -2481.6861636656072     
         937  -2523.7659796431813     
         938  -2476.1904868438705     
         939  -2543.3504158485789     
         940  -2537.4543652370908     
         941  -2520.5327808292745     
         942  -2517.7775797153349     
         943  -2491.9158101267399     
         944  -2521.5188567767141     
         945  -2521.7008046302713     
         946  -2548.7431600639370     
         947  -2502.7401106806251     
         948  -2502.7379743870620     
         949  -2510.8431836021664     
         950  -2468.2324686435509     
         951  -2450.6536455598525     
         952  -2481.0598539054076     
         953  -2522.9554924268227     
         954  -2525.4758025293854     
         955  -2501.9761811368594     
         956  -2525.6796582614243     
         957  -2506.1123345650567     
         958  -2478.2854898321093     
         959  -2495.5901433911131     
         960  -2526.3929068364191     
         961  -2508.6934326309461     
         962  -2478.8181900457535     
         963  -2537.3045867650521     
         964  -2567.4794990146243     
         965  -2522.6964634489536     
         966  -2487.8342701807915     
         967  -2558.9440252061845     
         968  -2540.9563514817064     
         969  -2537.6272600929906     
         970  -2561.5967225360055     
         971  -2523.3389352163654     
         972  -2542.0887899918248     
         973  -2516.0132183598398     
         974  -2513.9083328513161     
         975  -2506.5825723766179     
         976  -2509.2727325253095     
         977  -2525.0292496366314     
         978  -2561.1671029438708     
         979  -2591.3247296094196     
         980  -2590.8574121963848     
         981  -2564.5364475297333     
         982  -2537.7936267516275     
         983  -2585.4607251978969     
         984  -2599.0233654638164     
         985  -2552.3247202574262     
         986  -2591.3970815837333     
         987  -2546.1823012794630     
         988  -2509.7530244233603     
         989  -2536.1225134518249     
         990  -2555.8562553554061     
         991  -2589.4556404555437     
         992  -2586.1017485880598     
         993  -2561.4551610119624     
         994  -2595.0648915243332     
         995  -2590.1807066430633     
         996  -2557.3052882551819     
         997  -2584.2448676327854     
         998  -2586.0442628969290     
         999  -2560.4591003074061     
        1000  -2575.2576085198898     
        1001  -2556.5595423624904     
        1002  -2540.1505278294594     
        1003  -2580.0205236282127     
        1004  -2562.6824587368938     
        1005  -2548.2810704668368     
        1006  -2534.8426856677343     
        1007  -2581.3168344135270     
        1008  -2538.9693508599144     
        1009  -2543.1804764522708     
        1010  -2567.4066016083639     
        1011  -2562.5982046646486     
        1012  -2543.3272033677854     
        1013  -2502.2064361186999     
        1014  -2519.0539286335675     
        1015  -2544.9664278818036     
        1016  -2518.5301275844140     
        1017  -2521.9222687706401     
        1018  -2498.7791695377205     
        1019  -2525.3565975382517     
        1020  -2608.9190617101694     
        1021  -2507.4057944829615     
        1022  -2512.6138397463515     
        1023  -2523.7512043077941     
        1024  -2541.5384930173022     
        1025  -2498.4486560552414     
        1026  -2489.0008689490646     
        1027  -2543.7435174371367     
        1028  -2552.7887951328275     
        1029  -2566.3225217521885     
        1030  -2539.5514243846983     
        1031  -2509.6583547832861     
        1032  -2459.8325970760811     
        1033  -2446.6083898658921     
        1034  -2495.9838633887339     
        1035  -2480.9458751094571     
        1036  -2478.9476111986437     
        1037  -2455.6830478807069     
        1038  -2481.4742858030254     
        1039  -2507.1199971162405     
        1040  -2491.7580623250478     
        1041  -2476.0924057906977     
        1042  -2491.0141818634233     
        1043  -2508.5205239174643     
        1044  -2505.4570221368785     
        1045  -2562.2451128481143     
        1046  -2553.1059102083068     
        1047  -2539.0078215823874     
        1048  -2483.4191159273719     
        1049  -2494.6337293817160     
        1050  -2467.4471226061710     
        1051  -2447.9876752765695     
        1052  -2481.8848884420240     
        1053  -2474.1473398206690     
        1054  -2517.4297320880573     
        1055  -2499.0082610111017     
        1056  -2512.8266551012375     
        1057  -2520.4537363479076     
        1058  -2497.6191502252168     
        1059  -2505.6863508571755     
        1060  -2431.9344918858601     
        1061  -2488.5954530960539     
        1062  -2514.7587506842578     
        1063  -2515.4793039762162     
        1064  -2527.3029588576514     
        1065  -2505.4155107808360     
        1066  -2507.7355977796769     
        1067  -2527.4251713173289     
        1068  -2483.7019828862731     
        1069  -2490.5034671915341     
        1070  -2478.8810657337262     
        1071  -2489.4518715555978     
        1072  -2481.5090090313124     
        1073  -2499.4884511026130     
        1074  -2504.7962517635233     
        1075  -2503.0178136512372     
        1076  -2482.6289169241704     
        1077  -2520.8828611043596     
        1078  -2500.3264506392834     
        1079  -2551.2332231087994     
        1080  -2500.4741522867016     
        1081  -2478.1953738683114     
        1082  -2504.4836402164069     
        1083  -2480.8001498396734     
        1084  -2468.1876855200403     
        1085  -2476.4754906793528     
        1086  -2482.7898617578367     
        1087  -2478.7611437872620     
        1088  -2520.6867649907394     
        1089  -2490.5623045223001     
        1090  -2461.3689015740902     
        1091  -2458.4145363310640     
        1092  -2475.4838599976129     
        1093  -2509.4441316511211     
        1094  -2436.7228057193583     
        1095  -2447.4593375513509     
        1096  -2442.5163835871176     
        1097  -2437.4301782503658     
        1098  -2448.8413205468501     
        1099  -2485.8209827216447     
        1100  -2495.7344313589174     
        1101  -2527.4702504326542     
        1102  -2489.8234601660906     
        1103  -2538.8462896978913     
        1104  -2506.7338525644491     
        1105  -2502.5246391120259     
        1106  -2526.4335710538103     
        1107  -2523.1492286759076     
        1108  -2483.9222727065066     
        1109  -2489.1429400235088     
        1110  -2490.2284045974725     
        1111  -2460.0985834796875     
        1112  -2471.0995059655361     
        1113  -2495.0903052290878     
        1114  -2511.8823190329745     
        1115  -2510.0419078542495     
        1116  -2522.1883330194350     
        1117  -2522.7059182857092     
        1118  -2520.0007459158746     
        1119  -2527.9389536205185     
        1120  -2527.8012355630603     
        1121  -2540.5454821356029     
        1122  -2510.5088040206269     
        1123  -2536.0240188047051     
        1124  -2541.9480022969997     
        1125  -2547.6582201256538     
        1126  -2512.3449620944566     
        1127  -2462.3760630438273     
        1128  -2495.1735047464990     
        1129  -2499.4493238130940     
        1130  -2527.4722592078615     
        1131  -2478.4025632994048     
        1132  -2503.2544517827964     
        1133  -2510.0290444068646     
        1134  -2512.1383799636160     
        1135  -2469.5934011551572     
        1136  -2474.6859146475676     
        1137  -2506.9399054660907     
        1138  -2487.6788816655899     
        1139  -2551.7096811814240     
        1140  -2465.3796315646305     
        1141  -2465.4423228304031     
        1142  -2489.6872912714853     
        1143  -2486.7716006342503     
        1144  -2523.7622988554554     
        1145  -2516.4399577732383     
        1146  -2540.4308994532375     
        1147  -2531.0695639900046     
        1148  -2554.6832415914632     
        1149  -2458.7662874707298     
        1150  -2541.2001343691300     
        1151  -2513.5295755964321     
        1152  -2535.1755472353298     
        1153  -2477.7460435342578     
        1154  -2485.3675565605322     
        1155  -2458.7251405095976     
        1156  -2456.8585351398010     
        1157  -2472.7358233701539     
        1158  -2478.9726052937303     
        1159  -2477.5464690100762     
        1160  -2469.6366288200779     
        1161  -2490.3799759141966     
        1162  -2458.0289298886437     
        1163  -2431.2912617309339     
        1164  -2417.3198298135890     
        1165  -2425.8724455704869     
        1166  -2446.7585340797114     
        1167  -2492.0237381669722     
        1168  -2536.3457742244277     
        1169  -2536.3589188572810     
        1170  -2483.5416027772199     
        1171  -2517.5485620834638     
        1172  -2494.2280072872718     
        1173  -2548.0920654442184     
        1174  -2548.4360630802980     
        1175  -2540.0682851739862     
        1176  -2548.0134885489715     
        1177  -2573.0003330011482     
        1178  -2539.6526486123216     
        1179  -2530.1613634554715     
        1180  -2521.3584345545532     
        1181  -2530.7225186465689     
        1182  -2557.2769815674051     
        1183  -2535.0469142592297     
        1184  -2580.7392701490685     
        1185  -2536.0490635159454     
        1186  -2545.9700020622131     
        1187  -2551.5299136837107     
        1188  -2564.9787351987170     
        1189  -2617.1151074613540     
        1190  -2630.7238382657783     
        1191  -2622.1299147317923     
        1192  -2593.2144438614582     
        1193  -2550.8653880818333     
        1194  -2578.9851475195419     
        1195  -2580.7587968886924     
        1196  -2578.0646659036024     
        1197  -2572.1657240567115     
        1198  -2566.1294586168638     
        1199  -2536.1912357328520     
        1200  -2524.9826979892405     
        1201  -2530.7227779477635     
        1202  -2525.2202907288797     
        1203  -2517.9035651917497     
        1204  -2540.1948119401545     
        1205  -2540.1812888427107     
        1206  -2561.9099433535121     
        1207  -2567.5735061446958     
        1208  -2554.4210497532049     
        1209  -2516.7551631875322     
        1210  -2503.5665385589477     
        1211  -2480.6599759472192     
        1212  -2496.5309055673274     
        1213  -2539.0547797633799     
        1214  -2535.2961802947370     
        1215  -2545.3211485956299     
        1216  -2532.9603232818586     
        1217  -2487.7530754953541     
        1218  -2461.5442633654384     
        1219  -2477.5157447460283     
        1220  -2507.3390191209483     
        1221  -2479.6369601627225     
        1222  -2467.8134358085149     
        1223  -2487.5714431177607     
        1224  -2538.7765740517248     
        1225  -2543.0780774244367     
        1226  -2549.0729815486425     
        1227  -2589.9302680095170     
        1228  -2626.3093121422926     
        1229  -2532.2115401041196     
        1230  -2513.9331548249706     
        1231  -2546.6763043059059     
        1232  -2518.6196686500662     
        1233  -2515.1508263102796     
        1234  -2545.1787703912055     
        1235  -2553.6058907407000     
        1236  -2564.2186770972198     
        1237  -2593.8125764675910     
        1238  -2572.5889579836598     
        1239  -2537.3183483565108     
        1240  -2570.5270207639678     
        1241  -2528.1210112183262     
        1242  -2577.0402966821225     
        1243  -2550.0718831950994     
        1244  -2504.3336780761961     
        1245  -2498.0017001559381     
        1246  -2503.5633811650955     
        1247  -2471.6318518069829     
        1248  -2511.0513300373614     
        1249  -2512.2511980469362     
        1250  -2510.2148793353722     
        1251  -2487.0349246769065     
        1252  -2484.9668117620763     
        1253  -2555.0707476517082     
        1254  -2570.0593024141194     
        1255  -2553.9451731359609     
        1256  -2543.2610201596954     
        1257  -2552.0245887506239     
        1258  -2589.6483005342943     
        1259  -2590.3162322152502     
        1260  -2569.8351950105020     
        1261  -2595.0681978232019     
        1262  -2533.6484389460802     
        1263  -2541.8335903528573     
        1264  -2516.4421229374470     
        1265  -2501.7292486554461     
        1266  -2579.3781242092587     
        1267  -2516.7883585235381     
        1268  -2496.4961405107010     
        1269  -2553.6752956625241     
        1270  -2556.5807815521548     
        1271  -2540.7115756680641     
        1272  -2537.9994423934095     
        1273  -2485.2053177183884     
        1274  -2509.4739753639105     
        1275  -2525.3597799844229     
        1276  -2474.9275507741236     
        1277  -2485.7053763049503     
        1278  -2522.5518977980519     
        1279  -2518.4742129556657     
        1280  -2474.7062839754844     
        1281  -2489.2808146835255     
        1282  -2474.5109244433374     
        1283  -2545.2197795886577     
        1284  -2503.8604752449933     
        1285  -2525.5967699150242     
        1286  -2518.0509777930970     
        1287  -2566.4459843076070     
        1288  -2575.4709475304348     
        1289  -2547.6163769683858     
        1290  -2539.2735530103196     
        1291  -2517.5556680388158     
        1292  -2543.1285783816675     
        1293  -2529.6854100727282     
        1294  -2520.7211122548911     
        1295  -2524.9744884696020     
        1296  -2519.3256240613359     
        1297  -2495.7453072022881     
        1298  -2543.5175053023531     
        1299  -2527.9568753067060     
        1300  -2545.3149484550909     
        1301  -2541.5257058072252     
        1302  -2544.9781290375154     
        1303  -2594.6000950708699     
        1304  -2520.7485604180824     
        1305  -2531.6242445769676     
        1306  -2520.3292542753666     
        1307  -2502.0941314657930     
        1308  -2540.1065645319723     
        1309  -2505.1200299041334     
        1310  -2528.9317421476576     
        1311  -2574.1824626808921     
        1312  -2589.5007214310972     
        1313  -2545.2392865508182     
        1314  -2556.6443474841399     
        1315  -2506.4509280559505     
        1316  -2534.9834402221150     
        1317  -2556.8260287951384     
        1318  -2544.3000013665328     
        1319  -2554.6888940312333     
        1320  -2561.8610037646895     
        1321  -2551.0158123316437     
        1322  -2544.8926894412207     
        1323  -2536.2101292329630     
        1324  -2530.5496573443970     
        1325  -2507.1972740952801     
        1326  -2550.1884757167527     
        1327  -2608.7720239786081     
        1328  -2543.0495298874116     
        1329  -2542.2406363710347     
        1330  -2528.7680997937960     
        1331  -2498.2932476995761     
        1332  -2549.1160959494127     
        1333  -2523.1636520934730     
        1334  -2535.8822431819654     
        1335  -2523.1922302967164     
        1336  -2509.3708875978086     
        1337  -2524.7547318726761     
        1338  -2531.4634588199965     
        1339  -2509.5399985090758     
        1340  -2580.5047109872312     
        1341  -2543.8487338561213     
        1342  -2603.0469899939953     
        1343  -2582.8991996485115     
        1344  -2542.1017085428766     
        1345  -2511.6777196120865     
        1346  -2515.7399405499768     
        1347  -2489.3028758720184     
        1348  -2527.8628434804823     
        1349  -2560.6957031287384     
        1350  -2577.9201531416297     
        1351  -2580.1682193485922     
        1352  -2594.4068160664224     
        1353  -2603.4293277537708     
        1354  -2601.4149827561687     
        1355  -2627.7756339168805     
        1356  -2584.4619111211418     
        1357  -2577.8779646654202     
        1358  -2610.4238464183704     
        1359  -2598.4728419642324     
        1360  -2552.9460523879020     
        1361  -2591.9597156952318     
        1362  -2558.8699104391198     
        1363  -2569.7715480863594     
        1364  -2548.3862238513766     
        1365  -2597.4018954161747     
        1366  -2570.1927775050190     
        1367  -2531.1258731748862     
        1368  -2611.4946961054425     
        1369  -2598.8587646933006     
        1370  -2561.4875036550666     
        1371  -2529.7776620258837     
        1372  -2536.3413465246799     
        1373  -2511.3556370846736     
        1374  -2566.8495672266099     
        1375  -2555.5835570305944     
        1376  -2579.1420224842118     
        1377  -2572.0816612247372     
        1378  -2569.8047490355434     
        1379  -2567.9451578352628     
        1380  -2548.7576612725206     
        1381  -2615.7043435071841     
        1382  -2584.7137107181084     
        1383  -2582.1037608529846     
        1384  -2585.5417005742606     
        1385  -2592.2871729285002     
        1386  -2552.3186378284081     
        1387  -2571.2202030203403     
        1388  -2518.5856268653574     
        1389  -2505.5227548595899     
        1390  -2511.4856993539997     
        1391  -2544.0180353495357     
        1392  -2501.6482152923732     
        1393  -2512.3724039480003     
        1394  -2491.4011214229308     
        1395  -2499.1261954964907     
        1396  -2533.6927405862693     
        1397  -2527.7164875913800     
        1398  -2469.0636105869658     
        1399  -2501.2915699256923     
        1400  -2572.9150664603380     
        1401  -2540.8255646871157     
        1402  -2579.5113143120157     
        1403  -2563.9051643265689     
        1404  -2630.7681873636634     
        1405  -2557.5906972555722     
        1406  -2568.5130618997428     
        1407  -2554.9348563124186     
        1408  -2537.6958438025285     
        1409  -2562.3177121689050     
        1410  -2593.8437486182115     
        1411  -2554.7986204866297     
        1412  -2557.7527058563437     
        1413  -2504.5480112654818     
        1414  -2538.5249862534292     
        1415  -2557.6118131948538     
        1416  -2577.5582505915422     
        1417  -2551.3951031562401     
        1418  -2516.4333274548267     
        1419  -2530.9935922089139     
        1420  -2505.7610561746792     
        1421  -2442.4039122696349     
        1422  -2507.3525821595917     
        1423  -2523.8371249023553     
        1424  -2557.9031115437315     
        1425  -2594.5496694245076     
        1426  -2567.2796159780701     
        1427  -2563.0063647481402     
        1428  -2533.3129521645533     
        1429  -2497.5690396037799     
        1430  -2506.9806297683772     
        1431  -2504.9044834812307     
        1432  -2502.4560151449464     
        1433  -2497.8057339734232     
        1434  -2467.9745438026080     
        1435  -2480.7231243384717     
        1436  -2494.7722970239897     
        1437  -2520.3775722228429     
        1438  -2493.1534189869581     
        1439  -2492.6348140622167     
        1440  -2517.3372322686541     
        1441  -2492.9476211253682     
        1442  -2552.2797299908511     
        1443  -2523.5013347512572     
        1444  -2522.1328539002334     
        1445  -2438.0246809122536     
        1446  -2501.4452827036371     
        1447  -2501.4581104987797     
        1448  -2539.5898858141468     
        1449  -2517.2752198535554     
        1450  -2515.6629304159965     
        1451  -2549.2767618566613     
        1452  -2516.3439510299904     
        1453  -2534.7296796059495     
        1454  -2562.9270908103208     
        1455  -2532.3160190830854     
        1456  -2534.4359697221562     
        1457  -2491.9110252570013     
        1458  -2495.3678212017512     
        1459  -2492.0330871738443     
        1460  -2481.8895342490232     
        1461  -2540.7840187834004     
        1462  -2542.2826490129560     
        1463  -2600.6921295703801     
        1464  -2534.6406880735985     
        1465  -2506.4813228638891     
        1466  -2518.1243849319994     
        1467  -2505.7212971142312     
        1468  -2482.9399521401924     
        1469  -2556.6386156989229     
        1470  -2488.6004310054886     
        1471  -2507.4981099395895     
        1472  -2497.3098991805823     
        1473  -2525.1120751798026     
        1474  -2541.2444621851796     
        1475  -2547.5866867044642     
        1476  -2546.7817331910055     
        1477  -2529.1292308087218     
        1478  -2559.9837287248638     
        1479  -2562.1158749039801     
        1480  -2535.6984406893016     
        1481  -2548.4432399482948     
        1482  -2552.6902367876119     
        1483  -2514.2525665954727     
        1484  -2502.6547817433843     
        1485  -2541.0261929023964     
        1486  -2523.2337191011725     
        1487  -2527.3537396582637     
        1488  -2555.5065389450929     
        1489  -2515.8633456811158     
        1490  -2521.0403783452302     
        1491  -2526.5816122382885     
        1492  -2546.7082397085833     
        1493  -2518.8515712170724     
        1494  -2477.2627626553017     
        1495  -2475.9318271740071     
        1496  -2483.8282324198858     
        1497  -2507.3385060103515     
        1498  -2539.9917622493222     
        1499  -2550.9785648994384     
        1500  -2497.5564065391045     
        1501  -2511.3974026357637     
        1502  -2526.1613594275150     
        1503  -2512.6621245092506     
        1504  -2506.0702939303073     
        1505  -2506.4750546157597     
        1506  -2496.4733879663709     
        1507  -2536.6950874051818     
        1508  -2518.8964028284972     
        1509  -2541.1974553349578     
        1510  -2555.1101699799110     
        1511  -2523.3079301199964     
        1512  -2527.2345153456686     
        1513  -2523.0253707163729     
        1514  -2479.0572219958040     
        1515  -2455.5734278890768     
        1516  -2542.7124503113687     
        1517  -2481.3220278216013     
        1518  -2456.8309316199980     
        1519  -2543.8627418141264     
        1520  -2573.3990247437187     
        1521  -2575.9868100817571     
        1522  -2584.3838398906910     
        1523  -2530.7649749948987     
        1524  -2543.2707548292246     
        1525  -2564.0196935441541     
        1526  -2544.5752258556199     
        1527  -2502.6134303487602     
        1528  -2502.4907185253155     
        1529  -2500.2524673404187     
        1530  -2473.4304875336748     
        1531  -2507.5985218429164     
        1532  -2455.0035786404396     
        1533  -2485.1167383529587     
        1534  -2545.8310452894511     
        1535  -2502.9500156567274     
        1536  -2465.3391308065757     
        1537  -2457.1632603897374     
        1538  -2460.0808949905545     
        1539  -2486.9306236757616     
        1540  -2493.8720231938564     
        1541  -2479.0783031636174     
        1542  -2518.1265066277165     
        1543  -2551.4992377022754     
        1544  -2530.1051516303023     
        1545  -2526.2975641597859     
        1546  -2510.9775279714922     
        1547  -2491.1681228966645     
        1548  -2505.6482251312755     
        1549  -2482.8395926508315     
        1550  -2517.4523274529324     
        1551  -2456.8856551226831     
        1552  -2471.5306844609963     
        1553  -2502.7684831483571     
        1554  -2515.2698127274339     
        1555  -2496.7755299486889     
        1556  -2503.8327400551789     
        1557  -2464.3746777295664     
        1558  -2483.5336338968068     
        1559  -2526.9189307133161     
        1560  -2475.6790842645873     
        1561  -2482.3353780688799     
        1562  -2496.0413573903697     
        1563  -2537.5658312981782     
        1564  -2527.8829590607638     
        1565  -2518.4115846528380     
        1566  -2507.1857831815005     
        1567  -2454.3363821241355     
        1568  -2438.0855781302057     
        1569  -2511.0028781561023     
        1570  -2459.1791676700832     
        1571  -2462.2017381753808     
        1572  -2453.8568064801179     
        1573  -2456.3639959783736     
        1574  -2430.4797686940551     
        1575  -2445.7598788187088     
        1576  -2442.5110802944737     
        1577  -2444.8603474000352     
        1578  -2409.9083123280684     
        1579  -2411.3001102208550     
        1580  -2422.5773628662628     
        1581  -2453.9904008431968     
        1582  -2470.3333010562155     
        1583  -2464.6745482845877     
        1584  -2481.8458170333611     
        1585  -2475.9466685935595     
        1586  -2532.1032620469177     
        1587  -2496.1216995770678     
        1588  -2440.4901767873775     
        1589  -2451.5806888716102     
        1590  -2467.1000053687858     
        1591  -2457.5031982065557     
        1592  -2440.2825041490710     
        1593  -2499.0334882839052     
        1594  -2475.6412443582435     
        1595  -2496.7809397629544     
        1596  -2514.0124754549975     
        1597  -2497.3612076696268     
        1598  -2492.4392772277261     
        1599  -2454.6125229547583     
        1600  -2480.6218523422253     
        1601  -2473.5657356982342     
        1602  -2472.6512150781891     
        1603  -2402.4588294441905     
        1604  -2412.3610517757879     
        1605  -2423.5278681593086     
        1606  -2383.7823131355617     
        1607  -2414.6092821485263     
        1608  -2423.5655509171552     
        1609  -2413.3888524184104     
        1610  -2413.7064752095125     
        1611  -2456.1598633478256     
        1612  -2468.0863805437357     
        1613  -2493.0861720356634     
        1614  -2463.8669466362890     
        1615  -2483.6130690644418     
        1616  -2483.7813013756790     
        1617  -2474.0914464285675     
        1618  -2482.8831562899118     
        1619  -2434.3647322551860     
        1620  -2432.1505631276177     
        1621  -2441.8089459777739     
        1622  -2484.5781746581260     
        1623  -2494.8792875339859     
        1624  -2480.8639633552625     
        1625  -2476.3381296615617     
        1626  -2476.2024500931525     
        1627  -2482.4008817115969     
        1628  -2516.7226758762413     
        1629  -2507.1958516680734     
        1630  -2467.6037093354325     
        1631  -2518.0024343055256     
        1632  -2537.6863507737453     
        1633  -2506.1205090900648     
        1634  -2488.5103804646574     
        1635  -2482.2972286603185     
        1636  -2444.7641588139909     
        1637  -2457.2088412995713     
        1638  -2460.7569608002559     
        1639  -2516.5617722260286     
        1640  -2487.4771432576986     
        1641  -2519.7702994669735     
        1642  -2545.7737194748042     
        1643  -2510.4025365226589     
        1644  -2547.8182343440262     
        1645  -2571.2557629373005     
        1646  -2588.9443628201793     
        1647  -2585.9315038912605     
        1648  -2503.9551122896883     
        1649  -2528.8930098375108     
        1650  -2553.3781933365863     
        1651  -2495.0615134244463     
        1652  -2504.1224537315948     
        1653  -2550.6991538595107     
        1654  -2489.6941408519765     
        1655  -2547.4579136541533     
        1656  -2550.2223607088458     
        1657  -2622.4686757730501     
        1658  -2603.4584944733565     
        1659  -2619.8662071825811     
        1660  -2614.4554283099401     
        1661  -2595.6686969015877     
        1662  -2577.1471609616906     
        1663  -2574.6060195812529     
        1664  -2572.8462739697111     
        1665  -2590.1742728927393     
        1666  -2605.0437759469023     
        1667  -2508.5202638198293     
        1668  -2485.0648223911753     
        1669  -2484.9514729486705     
        1670  -2492.9678048169353     
        1671  -2435.7971653848963     
        1672  -2416.8823761271542     
        1673  -2449.6531877594421     
        1674  -2423.7338126500599     
        1675  -2430.5980694929772     
        1676  -2484.6997745543954     
        1677  -2444.1853515001881     
        1678  -2491.3064345987946     
        1679  -2465.1100345675532     
        1680  -2478.0334407726664     
        1681  -2436.7939364936351     
        1682  -2398.6017301167108     
        1683  -2449.3411428020700     
        1684  -2485.5101377927331     
        1685  -2463.3721319715655     
        1686  -2468.5653974898382     
        1687  -2456.3441278154246     
        1688  -2452.6048697611968     
        1689  -2474.4978767473631     
        1690  -2468.7367837123770     
        1691  -2488.0363290477676     
        1692  -2458.8247504647111     
        1693  -2473.2541395908661     
        1694  -2519.6260590527513     
        1695  -2489.7002677250925     
        1696  -2452.5536038819923     
        1697  -2451.8162673702241     
        1698  -2473.8300018188543     
        1699  -2457.8039956094394     
        1700  -2504.3573159157354     
        1701  -2460.9340230856533     
        1702  -2503.0604722685107     
        1703  -2510.6331560413446     
        1704  -2492.8807290402478     
        1705  -2466.2844056202307     
        1706  -2428.2552675191960     
        1707  -2432.0882203255396     
        1708  -2460.5304001271288     
        1709  -2505.2679167709525     
        1710  -2521.1816784520083     
        1711  -2546.3256434445052     
        1712  -2520.6470694281716     
        1713  -2512.8568082983988     
        1714  -2507.7568465371924     
        1715  -2496.2037622118223     
        1716  -2534.8010325769951     
        1717  -2534.4350865469455     
        1718  -2547.6903527054851     
        1719  -2536.7717101575195     
        1720  -2520.5305553230733     
        1721  -2504.1325105954111     
        1722  -2505.2348538700094     
        1723  -2502.6149699190355     
        1724  -2529.5292445279151     
        1725  -2499.7812847310065     
        1726  -2481.0860956666183     
        1727  -2498.0636733101896     
        1728  -2488.2831993936134     
        1729  -2516.7832226781729     
        1730  -2474.8704038201990     
        1731  -2494.9799801558265     
        1732  -2469.3610842706612     
        1733  -2506.4067861757412     
        1734  -2523.8153105689412     
        1735  -2549.2367662356096     
        1736  -2511.8442745609632     
        1737  -2488.5971058191567     
        1738  -2551.8954654866161     
        1739  -2539.8988116930605     
        1740  -2568.6943755640054     
        1741  -2558.1889230979427     
        1742  -2592.2948420779203     
        1743  -2586.0709149003801     
        1744  -2593.3858983589603     
        1745  -2596.7971686295232     
        1746  -2579.9671856767909     
        1747  -2549.2326492318316     
        1748  -2616.8867994861744     
        1749  -2596.0906997965853     
        1750  -2607.3588129265222     
        1751  -2593.0285036105920     
        1752  -2591.3614949007210     
        1753  -2555.7060984239270     
        1754  -2572.3658447418861     
        1755  -2578.6719996706888     
        1756  -2592.1633115403038     
        1757  -2581.4353237075129     
        1758  -2589.6365526761456     
        1759  -2614.7244302374684     
        1760  -2645.2885354309683     
        1761  -2626.8117743740063     
        1762  -2621.3255211285400     
        1763  -2623.1902541051531     
        1764  -2537.1353689044445     
        1765  -2579.4160447206118     
        1766  -2604.5742426614852     
        1767  -2572.7833373874114     
        1768  -2565.5460215279313     
        1769  -2580.0954753035062     
        1770  -2587.1527742757903     
        1771  -2604.0377164416013     
        1772  -2598.9628728591688     
        1773  -2605.7720775136258     
        1774  -2568.6827668969140     
        1775  -2592.5378649348449     
        1776  -2563.3590420048395     
        1777  -2519.7633229940548     
        1778  -2546.3869602800369     
        1779  -2551.3864046797044     
        1780  -2547.3429965705177     
        1781  -2572.6028822825401     
        1782  -2568.2297789724330     
        1783  -2558.5764186605920     
        1784  -2532.6356945383582     
        1785  -2488.6928875858398     
        1786  -2524.3843209762013     
        1787  -2494.9452155230401     
        1788  -2518.2194721448614     
        1789  -2590.2649222364580     
        1790  -2507.0305839821808     
        1791  -2516.4015872589080     
        1792  -2523.6180617977552     
        1793  -2569.3053245093956     
        1794  -2603.3250679668495     
        1795  -2674.8223032808282     
        1796  -2655.2106939795626     
        1797  -2653.8704358593336     
        1798  -2594.6225085604856     
        1799  -2547.7214985896771     
        1800  -2532.9797586068539     
        1801  -2583.6553827260050     
        1802  -2585.0500709897187     
        1803  -2616.5700693581407     
        1804  -2554.8723107568362     
        1805  -2560.9187227802645     
        1806  -2552.3826598349647     
        1807  -2572.1757264388648     
        1808  -2571.4652453329390     
        1809  -2518.9075878313542     
        1810  -2556.8301183116218     
        1811  -2551.0997897477064     
        1812  -2569.4774727659856     
        1813  -2552.2872541339284     
        1814  -2527.6435886362547     
        1815  -2547.3273413444090     
        1816  -2552.9816220401153     
        1817  -2570.6562714946667     
        1818  -2553.4453732670813     
        1819  -2576.8135398612089     
        1820  -2563.0149646228442     
        1821  -2530.5640317145476     
        1822  -2579.3357001627041     
        1823  -2545.8806796989779     
        1824  -2558.5236409063291     
        1825  -2579.0922861353724     
        1826  -2606.1537464771786     
        1827  -2636.1051774047310     
        1828  -2583.0376105362238     
        1829  -2602.3438328044194     
        1830  -2592.8318146360052     
        1831  -2573.9469932527145     
        1832  -2592.9441539719760     
        1833  -2601.3929295820358     
        1834  -2592.8525345786493     
        1835  -2565.1163638163657     
        1836  -2563.1733493930274     
        1837  -2576.6473807515008     
        1838  -2570.2301956005699     
        1839  -2567.1891132455203     
        1840  -2581.2756280198041     
        1841  -2581.6625888776412     
        1842  -2573.4853411150107     
        1843  -2562.4655474411702     
        1844  -2538.7576965234562     
        1845  -2517.7349258789604     
        1846  -2541.2146876433198     
        1847  -2519.8687864169324     
        1848  -2495.0597821550737     
        1849  -2510.1115187492019     
        1850  -2551.6243477731300     
        1851  -2573.9320420659756     
        1852  -2599.3747438930041     
        1853  -2570.3636135077463     
        1854  -2519.6229261528169     
        1855  -2605.0574942854482     
        1856  -2575.9387484514782     
        1857  -2502.1300874367621     
        1858  -2521.1265760873157     
        1859  -2531.4928676877921     
        1860  -2595.8451908631509     
        1861  -2534.0124932516355     
        1862  -2521.6024012580774     
        1863  -2594.6676640277105     
        1864  -2595.5745776970662     
        1865  -2565.1707127100890     
        1866  -2608.2908416606219     
        1867  -2577.3444381350796     
        1868  -2582.8139533183130     
        1869  -2556.8584946167875     
        1870  -2577.6000843094689     
        1871  -2549.5839157597852     
        1872  -2534.3383361787423     
        1873  -2532.9830227231469     
        1874  -2493.4736937883549     
        1875  -2457.5470906541518     
        1876  -2467.4941486480220     
        1877  -2516.1639793530430     
        1878  -2523.5285892738357     
        1879  -2534.1847740167373     
        1880  -2487.7722165029713     
        1881  -2534.5295361966982     
        1882  -2556.3423136585325     
        1883  -2526.8310277369746     
        1884  -2478.9133536098620     
        1885  -2482.2719977789120     
        1886  -2501.1271581090609     
        1887  -2537.0485294045557     
        1888  -2538.4020245641259     
        1889  -2546.3513246035363     
        1890  -2578.3034687044365     
        1891  -2543.4351056311316     
        1892  -2530.9459566630871     
        1893  -2542.0933787695499     
        1894  -2571.3616970342246     
        1895  -2592.6282643661439     
        1896  -2567.5241052449956     
        1897  -2518.7054351611869     
        1898  -2574.1083108271582     
        1899  -2559.7157038395808     
        1900  -2542.4312108267782     
        1901  -2542.2107311680475     
        1902  -2541.3369775920087     
        1903  -2549.8207924878420     
        1904  -2515.5613928787093     
        1905  -2469.3938650613040     
        1906  -2475.0485035657366     
        1907  -2456.3237480495159     
        1908  -2517.7873175701843     
        1909  -2547.2667758361690     
        1910  -2539.1823003540508     
        1911  -2550.5310884564874     
        1912  -2548.8350203462769     
        1913  -2555.1845385388692     
        1914  -2555.9305018710111     
        1915  -2558.1436423214477     
        1916  -2529.7473163043564     
        1917  -2491.7552700204278     
        1918  -2549.7425590894472     
        1919  -2507.8405897342100     
        1920  -2487.2992320831759     
        1921  -2532.5991490438623     
        1922  -2510.1093285403167     
        1923  -2514.8190714067828     
        1924  -2546.2190966418580     
        1925  -2543.5596081138478     
        1926  -2524.7886493404849     
        1927  -2531.3844741448129     
        1928  -2549.3209433454654     
        1929  -2558.6193416104475     
        1930  -2518.9409886739254     
        1931  -2530.5338252922420     
        1932  -2563.8635167480929     
        1933  -2544.3274663168672     
        1934  -2523.3847174934704     
        1935  -2578.5834518933398     
        1936  -2544.6865321808646     
        1937  -2567.7334601180323     
        1938  -2586.6599688814931     
        1939  -2530.2739316464904     
        1940  -2550.3283461544356     
        1941  -2568.2214157082626     
        1942  -2521.9753406185655     
        1943  -2544.8461850728213     
        1944  -2554.1995634536024     
        1945  -2556.9283076934016     
        1946  -2496.7415062817950     
        1947  -2542.7165772811541     
        1948  -2500.1590039275006     
        1949  -2512.9911075717159     
        1950  -2558.2077031566168     
        1951  -2499.9450198970158     
        1952  -2507.7324241474475     
        1953  -2468.1008164103328     
        1954  -2457.4304303821064     
        1955  -2517.4117734587962     
        1956  -2482.8444478831570     
        1957  -2515.2480487919688     
        1958  -2522.5340596250621     
        1959  -2542.6620292921202     
        1960  -2478.9409867936506     
        1961  -2540.3539601106627     
        1962  -2524.7862490089747     
        1963  -2570.0880347506882     
        1964  -2565.7801601715532     
        1965  -2572.3123456276817     
        1966  -2600.1213826130825     
        1967  -2579.4865624186564     
        1968  -2570.8238777323818     
        1969  -2584.9547272689838     
        1970  -2568.8638875971792     
        1971  -2543.1512439189510     
        1972  -2515.7638457500648     
        1973  -2501.3420231724608     
        1974  -2500.9911038352461     
        1975  -2539.7173092970279     
        1976  -2502.3762250906561     
        1977  -2544.3513168924046     
        1978  -2588.5893784315849     
        1979  -2540.1854570114147     
        1980  -2574.5265178940663     
        1981  -2554.3330547357286     
        1982  -2493.6330634018145     
        1983  -2436.3283579403214     
        1984  -2483.0624268689603     
        1985  -2450.6855437768227     
        1986  -2456.4524382617892     
        1987  -2501.0318922065330     
        1988  -2526.5636542483844     
        1989  -2551.7162814344779     
        1990  -2536.7083941198480     
        1991  -2545.4951943227438     
        1992  -2490.5485752459867     
        1993  -2505.4014180120585     
        1994  -2530.2292443381089     
        1995  -2530.6909439484753     
        1996  -2519.5535767469537     
        1997  -2527.8276182776926     
        1998  -2545.8214235543146     
        1999  -2568.1517427903523     
        2000  -2564.7567306266474     
