 SAMPLE,  ENERGY
           1  -2613.3899393833781     
           2  -2712.7803244596994     
           3  -2594.3816697616880     
           4  -2614.5654191992007     
           5  -2565.3499858640694     
           6  -2546.8554810317214     
           7  -2564.0994863497285     
           8  -2518.7836623148842     
           9  -2498.2891344461527     
          10  -2541.6312349691361     
          11  -2578.5264646457695     
          12  -2553.0911768020696     
          13  -2615.8771432025255     
          14  -2566.8844618705989     
          15  -2627.7612069072457     
          16  -2609.3265208223843     
          17  -2569.0955881662530     
          18  -2578.3467447343924     
          19  -2545.9429032954363     
          20  -2553.5398063389462     
          21  -2555.0453025670399     
          22  -2600.6410422994186     
          23  -2547.1445647235837     
          24  -2563.2340991875276     
          25  -2570.9623777234069     
          26  -2564.3095107093309     
          27  -2579.6010580862885     
          28  -2540.2591873525594     
          29  -2553.8537661573178     
          30  -2582.1400017933915     
          31  -2575.2744110866111     
          32  -2579.8202744481514     
          33  -2588.8774742919745     
          34  -2560.0312513109898     
          35  -2573.5042929158462     
          36  -2521.0157866986947     
          37  -2531.2358527924448     
          38  -2579.8831803355370     
          39  -2534.3488910996793     
          40  -2521.3082605258423     
          41  -2497.6225379015727     
          42  -2479.6035645818074     
          43  -2489.9861149111721     
          44  -2574.7812628810730     
          45  -2546.2163506503248     
          46  -2566.9454192892499     
          47  -2566.5719828525762     
          48  -2578.7705972928484     
          49  -2595.1278559318794     
          50  -2575.7044757201024     
          51  -2607.9349531888970     
          52  -2554.9913599253141     
          53  -2523.0427512514980     
          54  -2561.2864372525764     
          55  -2597.7136578389536     
          56  -2576.0988900806292     
          57  -2524.5977416632677     
          58  -2532.0794033380544     
          59  -2563.6556083069186     
          60  -2537.1519356467716     
          61  -2511.9509010898300     
          62  -2517.8073056296216     
          63  -2510.3832149921413     
          64  -2485.5705676684570     
          65  -2580.8655823935806     
          66  -2609.9320748626810     
          67  -2482.2848447601755     
          68  -2475.1504771136865     
          69  -2481.6101176613624     
          70  -2494.6946209075295     
          71  -2473.1167396589731     
          72  -2448.0418086318555     
          73  -2457.6600560297084     
          74  -2485.3672063324871     
          75  -2476.7773165486865     
          76  -2479.3202122632356     
          77  -2558.4876293160000     
          78  -2498.2406439691349     
          79  -2504.6164749026352     
          80  -2555.7694086745846     
          81  -2588.0860986338007     
          82  -2521.1653265725226     
          83  -2494.8638603736649     
          84  -2458.1840560261371     
          85  -2522.1426483838745     
          86  -2533.9637849307724     
          87  -2579.0244313214125     
          88  -2481.5847056459374     
          89  -2442.8319549245812     
          90  -2421.4367644404670     
          91  -2457.1806744241399     
          92  -2548.5187580483239     
          93  -2557.6247015784297     
          94  -2518.1804838013809     
          95  -2529.6293872513088     
          96  -2582.9910603882886     
          97  -2575.9987548770555     
          98  -2583.5018150241717     
          99  -2587.0992109245540     
         100  -2600.2332558683752     
         101  -2589.0495427283845     
         102  -2545.7554057991861     
         103  -2562.3081319204216     
         104  -2551.6574313050155     
         105  -2592.4476615436370     
         106  -2599.9449793427625     
         107  -2603.7361550557575     
         108  -2549.0721445102158     
         109  -2540.9103327921948     
         110  -2539.6556618316122     
         111  -2530.9694020159454     
         112  -2534.3897267177390     
         113  -2521.1301681423165     
         114  -2573.4140800971904     
         115  -2599.9594088135941     
         116  -2537.3780397208520     
         117  -2574.3709780723784     
         118  -2602.1066579703784     
         119  -2570.1857370657872     
         120  -2576.2527556590026     
         121  -2591.6831274412530     
         122  -2573.8805082669460     
         123  -2541.7563269389143     
         124  -2540.1985433785026     
         125  -2565.2123448039997     
         126  -2554.8325647055603     
         127  -2553.8674875358779     
         128  -2580.3940604883987     
         129  -2567.5975170272586     
         130  -2651.9285657506875     
         131  -2591.0647761977502     
         132  -2689.4699581209265     
         133  -2628.9646499898445     
         134  -2617.0215594655674     
         135  -2597.2641716417943     
         136  -2583.6221288029810     
         137  -2596.7328966456912     
         138  -2572.0293622077711     
         139  -2620.8829892344888     
         140  -2578.7453894019468     
         141  -2605.2144492709554     
         142  -2670.4868620581324     
         143  -2604.0125684786481     
         144  -2564.9906677474924     
         145  -2579.2860462162571     
         146  -2572.0654426995538     
         147  -2608.1019706307538     
         148  -2596.8407449707402     
         149  -2571.8963162618656     
         150  -2557.7610533827606     
         151  -2557.1972798344291     
         152  -2574.4860379413672     
         153  -2564.7777446581181     
         154  -2555.1720770635993     
         155  -2649.7595061962211     
         156  -2624.7868737667000     
         157  -2576.9748517721246     
         158  -2536.3018428874675     
         159  -2576.6237811188143     
         160  -2641.7602796865485     
         161  -2554.1626862818830     
         162  -2548.9625800086101     
         163  -2549.2743196745446     
         164  -2612.3667881522856     
         165  -2621.9054241116128     
         166  -2613.8754119370865     
         167  -2603.2594902516257     
         168  -2610.6653525454772     
         169  -2577.2895021074032     
         170  -2618.5500921343146     
         171  -2611.7730655773767     
         172  -2623.0135603352696     
         173  -2610.1466102694690     
         174  -2548.7490410524865     
         175  -2570.2742089679900     
         176  -2549.1196344712571     
         177  -2643.2553025804441     
         178  -2625.1624367543291     
         179  -2604.6454930361101     
         180  -2564.8774783480862     
         181  -2533.4130757459270     
         182  -2598.7022072136824     
         183  -2605.1703362195749     
         184  -2570.6405145697604     
         185  -2534.7985951394744     
         186  -2615.0600101818022     
         187  -2625.3023248494819     
         188  -2591.7825584665056     
         189  -2593.6741573193221     
         190  -2591.1200003119907     
         191  -2614.1337510763478     
         192  -2649.9852876860909     
         193  -2611.4840238820925     
         194  -2590.7728628068967     
         195  -2602.1993629559738     
         196  -2586.8454056516216     
         197  -2602.2137685090165     
         198  -2589.2552774516498     
         199  -2644.7208337518014     
         200  -2644.7741385232075     
         201  -2589.4893810557737     
         202  -2559.7659964803329     
         203  -2603.3650169864595     
         204  -2587.7752860318265     
         205  -2558.1928579868454     
         206  -2616.5234518771963     
         207  -2599.2218155913756     
         208  -2612.0328903007662     
         209  -2637.2578911933238     
         210  -2630.6852069652500     
         211  -2578.6254727900337     
         212  -2629.6265302132156     
         213  -2685.9324914998579     
         214  -2669.4251715014038     
         215  -2639.6781994487355     
         216  -2664.7969423849304     
         217  -2612.2001689919357     
         218  -2624.5087326754601     
         219  -2602.5040838173873     
         220  -2627.4019431252509     
         221  -2623.7722622668925     
         222  -2666.0044949583153     
         223  -2599.2402512488688     
         224  -2622.5623598614225     
         225  -2643.4937499254929     
         226  -2644.9080045705200     
         227  -2644.6827356493286     
         228  -2664.5003752416583     
         229  -2659.0080672412532     
         230  -2629.6326158759448     
         231  -2668.3739581347418     
         232  -2603.2803746695490     
         233  -2573.7628866450846     
         234  -2551.0929728614710     
         235  -2623.8642874487768     
         236  -2604.7083812482492     
         237  -2591.3266388108336     
         238  -2600.3345455697472     
         239  -2622.7377102031423     
         240  -2648.9687248861219     
         241  -2638.9069024005794     
         242  -2608.7630227697032     
         243  -2594.0196565401407     
         244  -2607.9959423020241     
         245  -2633.6347540761958     
         246  -2590.3258998997144     
         247  -2580.3363708391576     
         248  -2558.4133268367827     
         249  -2592.3450660700701     
         250  -2590.3736183066758     
         251  -2591.2921208232065     
         252  -2566.1798009259396     
         253  -2553.7115698471675     
         254  -2655.0781821357150     
         255  -2651.4854593561686     
         256  -2608.3672554098034     
         257  -2568.3007913109718     
         258  -2640.7601569594467     
         259  -2671.7592555539563     
         260  -2603.0479623226943     
         261  -2623.1893765083801     
         262  -2645.8618141980669     
         263  -2677.1959846645013     
         264  -2667.6738618216505     
         265  -2580.6538814622545     
         266  -2595.8391241106592     
         267  -2586.6101061397835     
         268  -2648.5702115025952     
         269  -2558.8004863355250     
         270  -2584.8206896983238     
         271  -2597.1081213096732     
         272  -2557.8110113654038     
         273  -2548.9592316807903     
         274  -2561.8437081246793     
         275  -2641.7694966018025     
         276  -2594.9523738441694     
         277  -2585.8081221386415     
         278  -2599.7554416050898     
         279  -2659.9251876399421     
         280  -2584.4638388509202     
         281  -2583.4219423586887     
         282  -2604.9292426246493     
         283  -2648.9099866348256     
         284  -2567.6485702974383     
         285  -2593.2211348062542     
         286  -2587.3693873859911     
         287  -2579.9181126612316     
         288  -2656.3228556047347     
         289  -2658.3957058329224     
         290  -2638.2396005733103     
         291  -2603.2122521582296     
         292  -2612.7585545631287     
         293  -2553.9756573040554     
         294  -2590.0672555105602     
         295  -2607.0526155767052     
         296  -2550.7301191973338     
         297  -2531.1148575744210     
         298  -2590.7795904247555     
         299  -2557.1734593637011     
         300  -2597.0199507206762     
         301  -2609.6315799031354     
         302  -2585.5684864222485     
         303  -2615.4984327767115     
         304  -2625.9204716399900     
         305  -2587.8347156857903     
         306  -2595.8795242628371     
         307  -2626.9325699197284     
         308  -2644.6704207956759     
         309  -2592.0462210936162     
         310  -2554.4947313698144     
         311  -2580.2561614638194     
         312  -2618.6112512164696     
         313  -2589.1971760185961     
         314  -2624.9314208218348     
         315  -2660.3354353498889     
         316  -2602.0295342174036     
         317  -2578.0163385542264     
         318  -2619.9525814298950     
         319  -2624.0711301916899     
         320  -2617.6099930989158     
         321  -2633.4887953639268     
         322  -2547.3524401017703     
         323  -2627.8055028887406     
         324  -2570.8515400639430     
         325  -2633.6398139606085     
         326  -2687.5614937219193     
         327  -2597.0409967408050     
         328  -2578.7483838479516     
         329  -2531.0847317287335     
         330  -2571.6534998009447     
         331  -2570.6559361202185     
         332  -2568.4610231122242     
         333  -2550.0460817916760     
         334  -2552.2534681792267     
         335  -2634.8153117429692     
         336  -2577.7485494891957     
         337  -2485.1757845900775     
         338  -2517.4281223957473     
         339  -2536.2977449751643     
         340  -2569.0015037630760     
         341  -2604.7851158701169     
         342  -2590.6855892242570     
         343  -2543.5203006143797     
         344  -2548.5940236345464     
         345  -2571.3283362092070     
         346  -2553.1752067425000     
         347  -2554.0643766829453     
         348  -2560.4452259859891     
         349  -2545.2687739964590     
         350  -2550.3352309845109     
         351  -2522.1853749299721     
         352  -2508.3385276559516     
         353  -2566.1631718147223     
         354  -2568.7010600025442     
         355  -2554.1046160840447     
         356  -2603.8058960222711     
         357  -2643.1092495712246     
         358  -2605.9229953027084     
         359  -2640.3815316175301     
         360  -2617.9307450400943     
         361  -2596.7005091881679     
         362  -2615.2881989700013     
         363  -2613.5900566605451     
         364  -2650.3562891635338     
         365  -2619.6501775783699     
         366  -2591.1232075541307     
         367  -2593.7800572907686     
         368  -2583.7397218310184     
         369  -2604.7684741049579     
         370  -2524.5097967211059     
         371  -2525.8188896141050     
         372  -2556.7402492747183     
         373  -2587.2964241700188     
         374  -2561.1789422963870     
         375  -2510.3556077049566     
         376  -2536.8626950127664     
         377  -2600.7801572432741     
         378  -2605.1843206973085     
         379  -2523.5084706739581     
         380  -2589.8230350489703     
         381  -2585.5684202947368     
         382  -2592.0496022924290     
         383  -2564.5044398458376     
         384  -2501.5856965384100     
         385  -2536.0856115515903     
         386  -2558.2980653098775     
         387  -2579.5308137219340     
         388  -2530.4325881354494     
         389  -2491.9329199495069     
         390  -2562.8215992994433     
         391  -2581.8084049699073     
         392  -2587.1512774301727     
         393  -2535.0657799258338     
         394  -2556.0959229948130     
         395  -2560.6376108734780     
         396  -2575.7248344139566     
         397  -2596.7143439022029     
         398  -2623.0521627910352     
         399  -2527.6712236401650     
         400  -2525.9093632661029     
         401  -2541.1281435934225     
         402  -2577.7274577640624     
         403  -2575.5536590644506     
         404  -2579.2945253425969     
         405  -2553.2703225021460     
         406  -2546.8587502731821     
         407  -2561.3921432143056     
         408  -2664.8516067954770     
         409  -2589.0069230434833     
         410  -2621.6206086386742     
         411  -2618.9679401107292     
         412  -2595.6587259124194     
         413  -2619.5063932150342     
         414  -2625.2987023127657     
         415  -2581.3373150841107     
         416  -2630.1790125455645     
         417  -2595.3693467811963     
         418  -2648.5000882135837     
         419  -2578.0334795299646     
         420  -2577.0954039870285     
         421  -2545.6147288873226     
         422  -2670.1502746134574     
         423  -2564.5385129274823     
         424  -2537.7924630249936     
         425  -2574.1725169932356     
         426  -2612.2964196412822     
         427  -2564.7610126977343     
         428  -2585.3953321567346     
         429  -2566.3584814073351     
         430  -2564.7685412674523     
         431  -2570.9088441864310     
         432  -2623.3258172535352     
         433  -2642.6296489435945     
         434  -2569.5146474214748     
         435  -2636.6018692079815     
         436  -2653.5773154105045     
         437  -2688.5133549092634     
         438  -2661.9501190918677     
         439  -2535.8970022224012     
         440  -2501.9517964759057     
         441  -2572.0263804533456     
         442  -2576.0259637498743     
         443  -2609.9288103675603     
         444  -2576.5481796400063     
         445  -2542.0368200276530     
         446  -2579.6382599521103     
         447  -2555.2559666085817     
         448  -2620.6103952525409     
         449  -2590.7606730762323     
         450  -2560.2958843221954     
         451  -2561.0603418847204     
         452  -2556.7200915229096     
         453  -2572.6498085971189     
         454  -2603.0956189953117     
         455  -2522.2771271249530     
         456  -2589.7790183382749     
         457  -2617.3670939319318     
         458  -2579.4678295862473     
         459  -2590.4951624845867     
         460  -2572.4775756328322     
         461  -2640.2800466053741     
         462  -2576.9882778876286     
         463  -2558.0472006103637     
         464  -2572.6033038700725     
         465  -2546.8632047856754     
         466  -2541.3921052632759     
         467  -2610.2190871452867     
         468  -2615.3628446364728     
         469  -2552.3235020864049     
         470  -2556.0259867128016     
         471  -2545.1946026456012     
         472  -2517.2185265402513     
         473  -2488.4896267011072     
         474  -2549.0540788134385     
         475  -2573.1338021847318     
         476  -2525.7886537541849     
         477  -2525.8066634457077     
         478  -2596.3692416656650     
         479  -2518.5756425451473     
         480  -2593.7585288700116     
         481  -2566.9298039043219     
         482  -2542.1023123049067     
         483  -2525.5911804026618     
         484  -2510.9920388331857     
         485  -2551.0479420476868     
         486  -2493.0141077231820     
         487  -2500.8938403480315     
         488  -2478.7491124716598     
         489  -2533.9058020031716     
         490  -2531.1091769759896     
         491  -2606.9899121053099     
         492  -2558.1806480760806     
         493  -2555.3478566411245     
         494  -2552.4814341850165     
         495  -2512.1709699436824     
         496  -2604.8183724698874     
         497  -2478.3346758005055     
         498  -2475.9059523842848     
         499  -2544.1959567333056     
         500  -2559.6553914666456     
         501  -2495.8508620964863     
         502  -2540.9717220259199     
         503  -2531.6129705649978     
         504  -2488.0925750515389     
         505  -2495.3062975609955     
         506  -2509.6179393556322     
         507  -2507.9952770314480     
         508  -2506.3351176100455     
         509  -2540.9121829505457     
         510  -2516.3588913805947     
         511  -2592.9252629156131     
         512  -2550.8453311590697     
         513  -2488.6368222042956     
         514  -2582.8412060554833     
         515  -2504.2514229425842     
         516  -2532.2757555812982     
         517  -2558.9373171171483     
         518  -2487.0803831238040     
         519  -2501.0388412705147     
         520  -2586.7394286140507     
         521  -2533.8242206269247     
         522  -2536.5096788052761     
         523  -2552.7915820865014     
         524  -2503.4525384889644     
         525  -2498.1102690966177     
         526  -2541.1832172423101     
         527  -2499.8854506668636     
         528  -2451.8658305398158     
         529  -2514.6361648395441     
         530  -2527.6584624833949     
         531  -2483.1730795776925     
         532  -2511.9057228088204     
         533  -2569.3615031194768     
         534  -2488.7808136905223     
         535  -2529.4589108324035     
         536  -2555.0105034371941     
         537  -2592.3578998344278     
         538  -2537.2667395979283     
         539  -2551.3707265803796     
         540  -2515.8691056878879     
         541  -2565.5929858967943     
         542  -2579.8001343162077     
         543  -2550.8528431136106     
         544  -2524.4385485576604     
         545  -2496.2053744861037     
         546  -2503.9441181005532     
         547  -2521.4607648644132     
         548  -2502.4695860368793     
         549  -2562.4107009010254     
         550  -2525.2787530908845     
         551  -2525.0568019962093     
         552  -2488.8552388041367     
         553  -2486.1541748867976     
         554  -2552.6232430438158     
         555  -2522.0217917583009     
         556  -2547.9079639599549     
         557  -2519.6351967031437     
         558  -2528.6399104101106     
         559  -2533.9182205501174     
         560  -2644.4572938569004     
         561  -2568.5569713111840     
         562  -2581.8906923637537     
         563  -2536.5997972092964     
         564  -2548.5187028708333     
         565  -2566.1248634146127     
         566  -2600.5621222678897     
         567  -2583.2811234691817     
         568  -2587.1271577948796     
         569  -2597.5188234840848     
         570  -2589.7856371092926     
         571  -2553.2382029681416     
         572  -2517.8166864377649     
         573  -2526.7915623423892     
         574  -2500.8548093689906     
         575  -2546.7861418661982     
         576  -2485.4170403346648     
         577  -2513.4635459441374     
         578  -2536.7419313101545     
         579  -2533.2606896385623     
         580  -2583.2086479081358     
         581  -2562.0373461221961     
         582  -2504.1145487724389     
         583  -2497.9767250676955     
         584  -2507.4412886426844     
         585  -2554.4289125107466     
         586  -2559.8043398749046     
         587  -2591.7857510337340     
         588  -2609.1743653283352     
         589  -2605.6224439898451     
         590  -2521.0520637057111     
         591  -2547.1299983994190     
         592  -2546.7122814174945     
         593  -2539.2934134252027     
         594  -2461.4069548202669     
         595  -2453.7417500540496     
         596  -2471.8629115683125     
         597  -2526.8200750416827     
         598  -2565.3886876693828     
         599  -2549.5381305511492     
         600  -2612.2084772708990     
         601  -2579.8615358933353     
         602  -2646.0166881680780     
         603  -2655.0235196429635     
         604  -2590.6369007891176     
         605  -2622.5743105595848     
         606  -2528.1825025451499     
         607  -2589.1337983949170     
         608  -2551.5893709413981     
         609  -2574.8232433900107     
         610  -2551.5541889009669     
         611  -2520.9894571711752     
         612  -2632.0042962642178     
         613  -2612.9922482741772     
         614  -2531.4152405006475     
         615  -2500.4177864772428     
         616  -2560.2492401766071     
         617  -2587.4237533030955     
         618  -2586.6491877511926     
         619  -2503.9235041468664     
         620  -2501.5875252183550     
         621  -2477.4202108115887     
         622  -2589.0138266895101     
         623  -2587.6999109112307     
         624  -2570.4656037681384     
         625  -2515.0575008881488     
         626  -2572.4419355332570     
         627  -2590.4840343960313     
         628  -2513.1554369368309     
         629  -2492.2019194468630     
         630  -2564.5007777971932     
         631  -2538.9404271734497     
         632  -2527.6094253590049     
         633  -2594.5879719835393     
         634  -2624.3278825516290     
         635  -2610.7163965458753     
         636  -2586.9540965944557     
         637  -2557.4171787106329     
         638  -2537.0490515177330     
         639  -2558.6779516529382     
         640  -2569.2453412047116     
         641  -2580.6593440270849     
         642  -2520.8309372179729     
         643  -2525.9705302705011     
         644  -2567.0547741400082     
         645  -2526.7481371283106     
         646  -2540.4306676768178     
         647  -2538.9879190040533     
         648  -2550.8436472909348     
         649  -2581.0563210996879     
         650  -2592.8532004779063     
         651  -2630.4697361889739     
         652  -2622.2645667213424     
         653  -2547.5725827085244     
         654  -2516.6320496715784     
         655  -2532.4199041753623     
         656  -2585.6829925604143     
         657  -2684.0627872802334     
         658  -2661.9489598031601     
         659  -2612.0127272017803     
         660  -2585.9371131293337     
         661  -2602.6602502086153     
         662  -2526.4293491678736     
         663  -2569.3989317069281     
         664  -2618.9038588424924     
         665  -2665.0660321309169     
         666  -2674.6287455306965     
         667  -2605.7372041388262     
         668  -2613.8511813784194     
         669  -2577.7951525960234     
         670  -2589.8876582418707     
         671  -2612.3637255882918     
         672  -2578.5122089696079     
         673  -2675.4285325489700     
         674  -2602.5571774144569     
         675  -2582.1637647150087     
         676  -2654.6028642592228     
         677  -2643.3476948702805     
         678  -2635.3564021908310     
         679  -2610.6280960154827     
         680  -2589.2544300882678     
         681  -2560.3972897651297     
         682  -2561.7660780212104     
         683  -2528.9549085865169     
         684  -2545.0735241693487     
         685  -2598.5919118926950     
         686  -2594.8509915718878     
         687  -2577.0550507402272     
         688  -2602.5761120313541     
         689  -2594.7525318608932     
         690  -2641.9982265377307     
         691  -2609.1763717374265     
         692  -2539.3752836260551     
         693  -2567.4492760198614     
         694  -2567.2422572743126     
         695  -2582.7860506853494     
         696  -2603.5188768676289     
         697  -2625.2647449606479     
         698  -2569.4411488223723     
         699  -2622.9571274943619     
         700  -2658.2255375912905     
         701  -2631.5639756902656     
         702  -2606.9104946044208     
         703  -2608.4140499657387     
         704  -2627.6440457219369     
         705  -2664.1559814504963     
         706  -2632.1845635385321     
         707  -2648.1425604205569     
         708  -2642.1290764095920     
         709  -2586.4763360868610     
         710  -2571.6418391924258     
         711  -2590.8355158539807     
         712  -2543.0471734351240     
         713  -2540.8671995309332     
         714  -2545.4673327207165     
         715  -2497.0836518692904     
         716  -2595.5959487814484     
         717  -2565.2670122464428     
         718  -2533.5288467688197     
         719  -2577.6182151549019     
         720  -2598.7869847227262     
         721  -2570.4770441380792     
         722  -2562.6791170154679     
         723  -2517.8925633810659     
         724  -2511.7853860907148     
         725  -2596.6708901086863     
         726  -2516.8186498704067     
         727  -2577.4514699333963     
         728  -2569.8522892323394     
         729  -2580.7253376047997     
         730  -2557.6026617366888     
         731  -2527.3978400646970     
         732  -2557.1404323505139     
         733  -2578.8870318585232     
         734  -2544.4074661493050     
         735  -2493.2157909177404     
         736  -2513.9709726850347     
         737  -2541.5437261506372     
         738  -2432.1026132046013     
         739  -2458.2605568557851     
         740  -2465.0764330769521     
         741  -2503.9055241222759     
         742  -2536.6227572298376     
         743  -2548.9678051937790     
         744  -2628.4148969049788     
         745  -2577.1574507350065     
         746  -2588.0107975216433     
         747  -2608.7519184481393     
         748  -2634.8489921433370     
         749  -2592.3601307491949     
         750  -2584.8607103488107     
         751  -2590.2734714596040     
         752  -2549.5827820205859     
         753  -2589.1722481921856     
         754  -2540.9025007498353     
         755  -2530.5656324312404     
         756  -2518.8926577046664     
         757  -2554.3071587091881     
         758  -2555.6408737854040     
         759  -2532.5359468280462     
         760  -2572.8115384911166     
         761  -2557.4777018334512     
         762  -2583.9712521372976     
         763  -2479.8971889752174     
         764  -2541.8466234065086     
         765  -2596.7866203091371     
         766  -2575.2957739696963     
         767  -2563.6460082236945     
         768  -2625.5743503685790     
         769  -2657.5235966674509     
         770  -2570.0943479787079     
         771  -2527.5775351169618     
         772  -2529.1335254275477     
         773  -2538.6523812057249     
         774  -2530.0615624040629     
         775  -2568.7306538535800     
         776  -2520.8759884937608     
         777  -2579.7086933664327     
         778  -2566.3911918718186     
         779  -2584.9675717932901     
         780  -2567.4627878996721     
         781  -2627.9646718339968     
         782  -2618.7331064694094     
         783  -2631.0814054158018     
         784  -2628.3805247429555     
         785  -2608.3900079633877     
         786  -2610.6334321331969     
         787  -2597.7033119954440     
         788  -2584.8654174970684     
         789  -2522.0610598590442     
         790  -2551.4890841303877     
         791  -2563.3078011277580     
         792  -2608.1686045661272     
         793  -2517.7108884154131     
         794  -2514.6882781713789     
         795  -2517.7247241379191     
         796  -2564.2551109392821     
         797  -2516.6341123062402     
         798  -2580.7673377727488     
         799  -2547.0761175602092     
         800  -2575.8167913774823     
         801  -2583.9182646393092     
         802  -2558.4406414996720     
         803  -2599.0227252343348     
         804  -2582.6240493220407     
         805  -2619.4531771057145     
         806  -2625.7821492750249     
         807  -2548.8859873070624     
         808  -2578.3788193904393     
         809  -2562.9932805344260     
         810  -2595.9004073019082     
         811  -2534.6344872117634     
         812  -2511.3957416242033     
         813  -2549.2527603063550     
         814  -2573.2114984817217     
         815  -2598.7555169946368     
         816  -2581.8161598174106     
         817  -2565.1989091055420     
         818  -2562.5499407749962     
         819  -2571.1829563285282     
         820  -2599.9321997172478     
         821  -2587.2265754412856     
         822  -2559.2837646402122     
         823  -2529.8421344250023     
         824  -2499.4377108887747     
         825  -2521.4983466966569     
         826  -2513.2064573014736     
         827  -2513.1813220973813     
         828  -2514.4105500711757     
         829  -2505.3364148388723     
         830  -2507.4944986507594     
         831  -2595.9878051116530     
         832  -2523.2138877863918     
         833  -2551.8723175997534     
         834  -2543.6920251640709     
         835  -2566.9570089155163     
         836  -2604.9371276712873     
         837  -2568.7758835718573     
         838  -2454.5983328517418     
         839  -2494.8827053004461     
         840  -2514.7944888599663     
         841  -2489.5901296486636     
         842  -2495.4047752669799     
         843  -2535.7257811848572     
         844  -2577.4909836412921     
         845  -2592.8749648050557     
         846  -2585.6236549400724     
         847  -2582.1742073140863     
         848  -2566.1054595655660     
         849  -2476.2487898527693     
         850  -2508.5170846341407     
         851  -2538.3809635313028     
         852  -2573.2197440155151     
         853  -2566.7659297543851     
         854  -2605.6042961239009     
         855  -2626.6554674597805     
         856  -2551.5992905336275     
         857  -2588.4429519442569     
         858  -2515.1797729544041     
         859  -2524.9106634982572     
         860  -2567.6801600905192     
         861  -2567.3497162168969     
         862  -2569.5441608242486     
         863  -2532.5546553740251     
         864  -2557.5966604076084     
         865  -2584.5838660444456     
         866  -2613.5756816160620     
         867  -2577.5635612169890     
         868  -2600.4653963396636     
         869  -2557.1545859015714     
         870  -2525.0615397914803     
         871  -2570.7602423498711     
         872  -2547.6729846751145     
         873  -2513.6321268233946     
         874  -2570.4505546650548     
         875  -2555.2917539973269     
         876  -2571.1644331543439     
         877  -2544.9078909121426     
         878  -2495.6102968211671     
         879  -2521.9649766308262     
         880  -2506.7642566774848     
         881  -2533.8730544380637     
         882  -2573.2287510638762     
         883  -2602.7188028315577     
         884  -2557.9722974995889     
         885  -2594.5340222841487     
         886  -2621.5917881704190     
         887  -2648.2170669447514     
         888  -2602.8541582669468     
         889  -2613.9476690687075     
         890  -2617.0736526215360     
         891  -2636.1566245614740     
         892  -2551.9450230389298     
         893  -2532.6725645406132     
         894  -2563.5228810168551     
         895  -2566.0481506675278     
         896  -2554.7344340470790     
         897  -2561.9846584477032     
         898  -2579.5066077331999     
         899  -2586.5301102275621     
         900  -2659.2224332031810     
         901  -2673.9164544111709     
         902  -2662.7691267689283     
         903  -2628.5745260388303     
         904  -2630.6598005322257     
         905  -2612.2564180861468     
         906  -2607.9158136899982     
         907  -2549.6853735130549     
         908  -2565.1365076169268     
         909  -2535.8569522181315     
         910  -2585.0361047572364     
         911  -2629.8353633091551     
         912  -2574.8133076502900     
         913  -2632.1186325754966     
         914  -2559.2278537754100     
         915  -2523.4388913953580     
         916  -2534.7233446912937     
         917  -2539.5578668938551     
         918  -2554.3988383241940     
         919  -2546.0931034255564     
         920  -2578.9656006437017     
         921  -2561.8994323117404     
         922  -2579.6092118704560     
         923  -2570.0794600501522     
         924  -2566.6269854705952     
         925  -2590.0423479406641     
         926  -2610.2673102224744     
         927  -2633.1892636262505     
         928  -2618.1507552390481     
         929  -2619.9430007403985     
         930  -2587.3888950241308     
         931  -2593.2736839997392     
         932  -2591.7301361289201     
         933  -2547.0916379280020     
         934  -2576.9564793438176     
         935  -2624.4441801688081     
         936  -2665.4162738839714     
         937  -2689.1955351148799     
         938  -2675.0548752640552     
         939  -2615.0562709003243     
         940  -2570.5501777789909     
         941  -2626.9728924705837     
         942  -2625.9624061536142     
         943  -2571.5006226267792     
         944  -2607.9953638290831     
         945  -2568.6101260773885     
         946  -2577.1064066666404     
         947  -2647.3692719690935     
         948  -2527.9197747474723     
         949  -2584.3287002684870     
         950  -2574.8433745276147     
         951  -2483.1272632590335     
         952  -2517.7220832762382     
         953  -2605.6988827925143     
         954  -2526.4439316683474     
         955  -2539.2197138222241     
         956  -2559.0763329456863     
         957  -2571.2714560334330     
         958  -2616.3080586293954     
         959  -2536.2931991787318     
         960  -2515.8633989300547     
         961  -2546.8199822858064     
         962  -2592.0415361436535     
         963  -2646.0040455845756     
         964  -2663.1202228613079     
         965  -2598.0279140973093     
         966  -2610.7630419820598     
         967  -2572.0169646976469     
         968  -2557.3717903577149     
         969  -2628.0653314018509     
         970  -2552.6503665107657     
         971  -2505.0593446424027     
         972  -2506.3965696732853     
         973  -2574.7881418296693     
         974  -2576.4149648231546     
         975  -2574.2844932760127     
         976  -2552.6428018761671     
         977  -2579.7593004659748     
         978  -2566.3619486550965     
         979  -2629.8330774897468     
         980  -2627.4181483461248     
         981  -2599.9966311950589     
         982  -2549.0126726155841     
         983  -2574.3833529792582     
         984  -2608.9539757936654     
         985  -2507.8179224778073     
         986  -2570.4133432978415     
         987  -2597.5552231966963     
         988  -2517.9474234278723     
         989  -2578.7399049516985     
         990  -2558.1403150624910     
         991  -2540.5111834610339     
         992  -2602.8860859210786     
         993  -2556.3186611446026     
         994  -2557.3367691596095     
         995  -2542.4329136438505     
         996  -2572.3124149862701     
         997  -2618.6358322759156     
         998  -2565.6213166115913     
         999  -2609.0930542691876     
        1000  -2594.9568086414683     
        1001  -2569.1115787261147     
        1002  -2584.3775551157460     
        1003  -2611.1396609872859     
        1004  -2591.1227518276523     
        1005  -2570.2175858885198     
        1006  -2558.7558252261174     
        1007  -2618.5690734320397     
        1008  -2642.3272049345333     
        1009  -2639.4829821181474     
        1010  -2615.4697080459805     
        1011  -2596.6926189550413     
        1012  -2561.7937967693183     
        1013  -2674.3992661065099     
        1014  -2643.0478941809938     
        1015  -2668.1529245495290     
        1016  -2617.4441405429143     
        1017  -2627.2626409243162     
        1018  -2678.0764191724061     
        1019  -2577.1163326037386     
        1020  -2566.2948156335888     
        1021  -2677.4018773611529     
        1022  -2613.8173535926062     
        1023  -2650.3979593754907     
        1024  -2697.7413681451658     
        1025  -2645.7653533502767     
        1026  -2640.1654115004308     
        1027  -2631.6222521119034     
        1028  -2584.7149413113780     
        1029  -2627.6208614116167     
        1030  -2597.0157153788950     
        1031  -2621.0330746492896     
        1032  -2676.3545584633184     
        1033  -2644.9642690484484     
        1034  -2605.2797627723162     
        1035  -2634.0119334952997     
        1036  -2622.2495535771063     
        1037  -2606.6175046814278     
        1038  -2617.5707434058754     
        1039  -2590.9283262141967     
        1040  -2560.4130979136708     
        1041  -2655.1114633668190     
        1042  -2673.4223841520316     
        1043  -2679.9842026662832     
        1044  -2707.7457909983027     
        1045  -2683.4213559965342     
        1046  -2724.5107310947060     
        1047  -2731.1282713215001     
        1048  -2672.4022488627652     
        1049  -2590.0688376045673     
        1050  -2603.4271922652038     
        1051  -2621.4381410148158     
        1052  -2685.9218480042268     
        1053  -2678.4600690151369     
        1054  -2684.5785627289047     
        1055  -2727.0530837662732     
        1056  -2706.4417082786977     
        1057  -2620.2698407741891     
        1058  -2616.1010819244984     
        1059  -2628.1029918303284     
        1060  -2598.2139580452140     
        1061  -2607.9410202259946     
        1062  -2601.6608001765771     
        1063  -2622.7053936226544     
        1064  -2653.4916173812012     
        1065  -2545.8333516554158     
        1066  -2656.3824295036379     
        1067  -2666.8578379082915     
        1068  -2705.1846093563295     
        1069  -2652.3038817224242     
        1070  -2659.5629123802009     
        1071  -2613.9622258154905     
        1072  -2678.8570967604724     
        1073  -2690.2722327943993     
        1074  -2657.4269599821828     
        1075  -2703.1639592665674     
        1076  -2683.3099671533523     
        1077  -2643.8604588467310     
        1078  -2663.5417036513923     
        1079  -2634.8703834275389     
        1080  -2725.0116967039321     
        1081  -2689.1209797513657     
        1082  -2649.1084407920989     
        1083  -2655.5518355003878     
        1084  -2604.3555935450486     
        1085  -2636.8944562127176     
        1086  -2658.9783082013605     
        1087  -2669.7364980092952     
        1088  -2702.2811252984102     
        1089  -2700.4720989459947     
        1090  -2654.1148090905467     
        1091  -2627.6224686812311     
        1092  -2605.5095080518481     
        1093  -2672.5478983974194     
        1094  -2592.4988132202129     
        1095  -2628.2711549571900     
        1096  -2615.1015803157029     
        1097  -2654.0984439834288     
        1098  -2623.3343732859676     
        1099  -2612.4330217203888     
        1100  -2636.1000500802120     
        1101  -2681.3842488921091     
        1102  -2645.9584366839040     
        1103  -2620.7449695653522     
        1104  -2618.1080875621324     
        1105  -2606.9331364943555     
        1106  -2573.0810835744433     
        1107  -2635.0024306937830     
        1108  -2590.9147668676596     
        1109  -2614.4674154342588     
        1110  -2624.0275357279152     
        1111  -2621.4902994297440     
        1112  -2653.0308739938287     
        1113  -2608.8667408668748     
        1114  -2601.9985359200759     
        1115  -2542.1677822821757     
        1116  -2519.4821829302941     
        1117  -2496.9835585797350     
        1118  -2541.0914772870187     
        1119  -2545.0524395484531     
        1120  -2559.1799289994156     
        1121  -2575.5294447156039     
        1122  -2573.4256405528731     
        1123  -2636.2124103952028     
        1124  -2591.1019893051384     
        1125  -2586.3630428494916     
        1126  -2598.7376962397775     
        1127  -2600.7242413515983     
        1128  -2549.2237591379080     
        1129  -2609.3015929561834     
        1130  -2611.5158274476566     
        1131  -2597.9921774364520     
        1132  -2638.1702062677205     
        1133  -2626.4960750885298     
        1134  -2634.2979115658854     
        1135  -2639.8168305817580     
        1136  -2623.5904691607579     
        1137  -2629.2795447568051     
        1138  -2593.0748968763246     
        1139  -2602.0719650597612     
        1140  -2536.5074653844804     
        1141  -2538.0935388142216     
        1142  -2556.2272886458945     
        1143  -2547.6270466176115     
        1144  -2536.9863424117680     
        1145  -2521.3337551185732     
        1146  -2510.0903339159654     
        1147  -2576.9333978542732     
        1148  -2574.4950459450079     
        1149  -2590.3740545426931     
        1150  -2574.3326305310429     
        1151  -2610.8292974906058     
        1152  -2639.3904049723028     
        1153  -2621.2735381278521     
        1154  -2582.2583637518196     
        1155  -2584.9027128948005     
        1156  -2609.7496980281844     
        1157  -2590.0097441216531     
        1158  -2555.7682177879237     
        1159  -2595.3042626667720     
        1160  -2583.3264766532166     
        1161  -2636.8310492271212     
        1162  -2581.0583855938216     
        1163  -2577.2626089726032     
        1164  -2559.1974145149607     
        1165  -2624.6684474215663     
        1166  -2649.0688507942791     
        1167  -2650.9613687639262     
        1168  -2607.4014668422915     
        1169  -2542.6151683689036     
        1170  -2590.1207122492069     
        1171  -2569.1688117242529     
        1172  -2649.5652036298920     
        1173  -2620.9043480436549     
        1174  -2655.1807869508698     
        1175  -2603.9987482681277     
        1176  -2613.2896722574433     
        1177  -2612.0451939999402     
        1178  -2580.7352667140917     
        1179  -2550.6843228843654     
        1180  -2531.9001248715017     
        1181  -2609.5733897094292     
        1182  -2634.1253562873817     
        1183  -2599.8797036501992     
        1184  -2567.7264286486402     
        1185  -2561.9203069265227     
        1186  -2567.2912419032045     
        1187  -2613.3967329426077     
        1188  -2577.6476067652893     
        1189  -2641.9619064866729     
        1190  -2670.4498321885512     
        1191  -2661.2725776106531     
        1192  -2584.1535700140025     
        1193  -2637.3231272987346     
        1194  -2599.9648340590757     
        1195  -2602.8213435879184     
        1196  -2581.4404121533239     
        1197  -2689.9746760407129     
        1198  -2632.7124110551922     
        1199  -2601.2950729345480     
        1200  -2593.6099667384733     
        1201  -2628.0621608530410     
        1202  -2610.9720392566364     
        1203  -2639.5107116622489     
        1204  -2582.6966345216674     
        1205  -2565.1394838447495     
        1206  -2574.2447264598845     
        1207  -2656.3085280494524     
        1208  -2621.8562176808696     
        1209  -2600.1789116385307     
        1210  -2552.6503142925808     
        1211  -2661.7286618023954     
        1212  -2646.6200828943001     
        1213  -2616.5156268227652     
        1214  -2595.1542886022103     
        1215  -2584.9124211570042     
        1216  -2630.7715738477350     
        1217  -2566.9610541125703     
        1218  -2630.2706445324934     
        1219  -2559.6199006007269     
        1220  -2674.0694006840831     
        1221  -2666.8159273781534     
        1222  -2548.6420718696809     
        1223  -2641.3095269674518     
        1224  -2642.1110477903403     
        1225  -2652.8839014768173     
        1226  -2645.6364598869209     
        1227  -2629.0392167678569     
        1228  -2597.0494318968676     
        1229  -2660.1274984941788     
        1230  -2613.7350444658668     
        1231  -2613.8864477795541     
        1232  -2593.2587585491965     
        1233  -2611.9745723795650     
        1234  -2586.8949660096087     
        1235  -2611.6098285766657     
        1236  -2615.9582486454678     
        1237  -2665.7957949194197     
        1238  -2672.3833967162500     
        1239  -2660.5852384004229     
        1240  -2575.2704973916457     
        1241  -2607.1735043852823     
        1242  -2596.1203847437982     
        1243  -2598.3355621622372     
        1244  -2582.6155149737515     
        1245  -2616.0312446789344     
        1246  -2673.2938773897299     
        1247  -2708.5356581945962     
        1248  -2717.1521409979496     
        1249  -2676.2616420028307     
        1250  -2664.8960084174751     
        1251  -2684.9449909625041     
        1252  -2658.0490640202279     
        1253  -2627.8312772553536     
        1254  -2592.7884250747325     
        1255  -2629.8077467582380     
        1256  -2570.7596155118254     
        1257  -2663.3095333208876     
        1258  -2699.1636074172352     
        1259  -2621.4272885567752     
        1260  -2633.7012688958926     
        1261  -2603.2040289088222     
        1262  -2600.0796922685790     
        1263  -2585.7409491685562     
        1264  -2598.6900244633694     
        1265  -2611.5970978615051     
        1266  -2594.8116138798305     
        1267  -2638.8241037229227     
        1268  -2630.5826155884283     
        1269  -2619.3430494933486     
        1270  -2648.1542139793255     
        1271  -2643.6009600991488     
        1272  -2624.7566594803106     
        1273  -2644.1076136552711     
        1274  -2666.4233891931399     
        1275  -2639.4288033621201     
        1276  -2668.9180349090589     
        1277  -2691.5370468449059     
        1278  -2592.0257043563479     
        1279  -2597.5560591578096     
        1280  -2670.0721702252040     
        1281  -2682.1932282504181     
        1282  -2639.3930162388633     
        1283  -2686.9632527640706     
        1284  -2654.7339328072267     
        1285  -2580.3123915422184     
        1286  -2588.2491031514264     
        1287  -2681.8672674684040     
        1288  -2672.6208395365243     
        1289  -2668.0904829113988     
        1290  -2695.7957780078577     
        1291  -2688.9594682641855     
        1292  -2642.5409393308701     
        1293  -2609.1449946494072     
        1294  -2614.0926571093223     
        1295  -2659.0067213099110     
        1296  -2688.0826462578389     
        1297  -2628.6078514920755     
        1298  -2623.4976595071612     
        1299  -2584.4839872126222     
        1300  -2654.5477718854740     
        1301  -2646.7971071597153     
        1302  -2596.0308470116074     
        1303  -2616.3885232503644     
        1304  -2652.1259070632609     
        1305  -2694.5030054361405     
        1306  -2722.3468711495179     
        1307  -2647.9148851356081     
        1308  -2639.3273877579586     
        1309  -2595.8454977963320     
        1310  -2679.2060915822690     
        1311  -2674.8072747252868     
        1312  -2636.7098003145602     
        1313  -2647.3531860394523     
        1314  -2606.5946171170490     
        1315  -2670.2865108763581     
        1316  -2648.1619262458585     
        1317  -2667.0322073609477     
        1318  -2575.9448518823660     
        1319  -2590.3035733695519     
        1320  -2650.1717023596525     
        1321  -2613.6575444934811     
        1322  -2697.0112971238245     
        1323  -2689.4184856637808     
        1324  -2598.2911640568618     
        1325  -2690.7592890714841     
        1326  -2651.2239795373634     
        1327  -2718.3909417914633     
        1328  -2666.1177014836649     
        1329  -2615.1310071555395     
        1330  -2683.9642477658081     
        1331  -2645.5725275460154     
        1332  -2663.7829663009679     
        1333  -2619.6853271164487     
        1334  -2630.3843276988614     
        1335  -2632.5536874703171     
        1336  -2585.7884693862884     
        1337  -2635.2743513395553     
        1338  -2541.8100001890125     
        1339  -2544.6501918823010     
        1340  -2591.8640753999607     
        1341  -2609.4222127078938     
        1342  -2630.3091523249914     
        1343  -2569.3245686620094     
        1344  -2644.7525082669049     
        1345  -2569.7472390797370     
        1346  -2592.9163503229406     
        1347  -2633.9754789605358     
        1348  -2611.3782622550916     
        1349  -2585.4046563579827     
        1350  -2610.2394988310034     
        1351  -2600.1943055170350     
        1352  -2630.7966823756306     
        1353  -2614.8451903726832     
        1354  -2495.9178549553230     
        1355  -2534.6849537213288     
        1356  -2574.3926848743545     
        1357  -2612.6058440443276     
        1358  -2656.9199213327720     
        1359  -2569.0693256757945     
        1360  -2537.1270869612486     
        1361  -2612.2826062952622     
        1362  -2599.5245199735714     
        1363  -2628.3264926661541     
        1364  -2588.6131007007079     
        1365  -2596.6258413917490     
        1366  -2617.8838268834143     
        1367  -2617.7275554930184     
        1368  -2661.7379475832454     
        1369  -2646.2553551450987     
        1370  -2707.0720251835965     
        1371  -2641.0814441820580     
        1372  -2605.5958390953988     
        1373  -2662.1665416489864     
        1374  -2675.0652553829259     
        1375  -2659.8964067624092     
        1376  -2747.4307254369605     
        1377  -2701.5763790940514     
        1378  -2681.9437442658559     
        1379  -2682.0124830379277     
        1380  -2668.9203969459891     
        1381  -2715.0160373739041     
        1382  -2733.1697422867423     
        1383  -2683.6484760658154     
        1384  -2632.3092811016577     
        1385  -2700.2112407839063     
        1386  -2667.3110334462108     
        1387  -2670.1362383149199     
        1388  -2645.1623010878075     
        1389  -2650.6699197771823     
        1390  -2636.9544746494994     
        1391  -2706.2807016547449     
        1392  -2705.8809644939370     
        1393  -2591.0940128047291     
        1394  -2631.7676645238348     
        1395  -2638.7769468470451     
        1396  -2622.3674061764318     
        1397  -2642.9923589348541     
        1398  -2588.0497134753059     
        1399  -2541.7753344553357     
        1400  -2606.3504531288277     
        1401  -2588.0790066663862     
        1402  -2601.7672210435567     
        1403  -2626.5732136522556     
        1404  -2668.2304910070593     
        1405  -2629.8757277149439     
        1406  -2631.8027800711898     
        1407  -2675.2137649786555     
        1408  -2577.1581795385937     
        1409  -2617.6466209910973     
        1410  -2641.9429304664964     
        1411  -2638.8597337092460     
        1412  -2659.1341092802932     
        1413  -2568.7247094578165     
        1414  -2621.4263113785837     
        1415  -2671.9069291529954     
        1416  -2611.8570267300552     
        1417  -2604.5107060356859     
        1418  -2612.9435657688582     
        1419  -2594.5577003317912     
        1420  -2570.1509668977301     
        1421  -2571.3812382029591     
        1422  -2562.3592033833115     
        1423  -2570.7198830372477     
        1424  -2620.2965168389678     
        1425  -2636.1508436881636     
        1426  -2642.3667657446995     
        1427  -2679.3601418341768     
        1428  -2629.5725618222950     
        1429  -2561.8145303664915     
        1430  -2590.0065607181432     
        1431  -2605.1909933630513     
        1432  -2608.5014971766109     
        1433  -2628.0946966516458     
        1434  -2598.5658968429475     
        1435  -2668.6398504227664     
        1436  -2661.7452776525047     
        1437  -2545.9844353900380     
        1438  -2569.4241244564519     
        1439  -2622.1327036747289     
        1440  -2635.4428319164836     
        1441  -2700.1823176447460     
        1442  -2598.5538331800058     
        1443  -2582.8871433849922     
        1444  -2629.7254614965650     
        1445  -2639.4080388955472     
        1446  -2630.0114937781277     
        1447  -2571.5130214013843     
        1448  -2664.2438095150783     
        1449  -2679.4438362447368     
        1450  -2667.0669644312507     
        1451  -2648.5617785842696     
        1452  -2674.4247225013760     
        1453  -2611.9759093456641     
        1454  -2636.0687563793776     
        1455  -2627.4121012449859     
        1456  -2645.9108325766265     
        1457  -2644.3620154138925     
        1458  -2592.2736818602480     
        1459  -2582.3208195878360     
        1460  -2569.1758563879771     
        1461  -2582.4597706133686     
        1462  -2577.2385409980416     
        1463  -2624.6078026015248     
        1464  -2626.2452501137714     
        1465  -2599.4413672916130     
        1466  -2580.8095124228998     
        1467  -2570.2123810425342     
        1468  -2582.1246730714529     
        1469  -2568.9014248350654     
        1470  -2569.6741480847136     
        1471  -2615.7614646852571     
        1472  -2628.5962894034656     
        1473  -2654.0643449828426     
        1474  -2670.9154082457835     
        1475  -2622.8865158538874     
        1476  -2601.7020317551764     
        1477  -2607.2487469613443     
        1478  -2665.6960756525032     
        1479  -2605.2618175790894     
        1480  -2585.2449840919908     
        1481  -2528.2221385723792     
        1482  -2597.7418511772494     
        1483  -2599.0426306488366     
        1484  -2561.3775520620575     
        1485  -2554.6815100931581     
        1486  -2579.1126437667826     
        1487  -2616.2946190593684     
        1488  -2628.0367819951030     
        1489  -2625.9622336435295     
        1490  -2607.2821945721630     
        1491  -2620.5239411087646     
        1492  -2644.2464852244116     
        1493  -2609.5371400114986     
        1494  -2653.5518242276939     
        1495  -2661.7633252349233     
        1496  -2675.0142547941623     
        1497  -2674.4814939124667     
        1498  -2662.0414263788175     
        1499  -2678.1103692867650     
        1500  -2646.1004270918793     
        1501  -2592.8510648662646     
        1502  -2583.7186634497311     
        1503  -2629.1328747532716     
        1504  -2624.9084128687737     
        1505  -2640.7153042395453     
        1506  -2605.8613954701791     
        1507  -2606.3133397663346     
        1508  -2643.3656353698088     
        1509  -2619.0680061313765     
        1510  -2603.7728508273790     
        1511  -2615.3962184644142     
        1512  -2573.6046189747617     
        1513  -2592.2802488792590     
        1514  -2566.3717992263446     
        1515  -2635.0973468686102     
        1516  -2636.2302383822894     
        1517  -2675.0520538579995     
        1518  -2661.0359719423832     
        1519  -2690.6110259859770     
        1520  -2713.1935914457113     
        1521  -2613.2099206915323     
        1522  -2542.2278675912967     
        1523  -2609.9807585625772     
        1524  -2577.2511982864748     
        1525  -2604.0660295250909     
        1526  -2612.7380661045336     
        1527  -2590.5537290658917     
        1528  -2613.9702183873510     
        1529  -2617.7814205915192     
        1530  -2603.5137825457573     
        1531  -2615.2390681286624     
        1532  -2639.4532880659194     
        1533  -2606.5976986276678     
        1534  -2534.4828282938220     
        1535  -2548.7623140603882     
        1536  -2569.6979547889164     
        1537  -2622.2114146446838     
        1538  -2517.4941007020457     
        1539  -2546.0132694494932     
        1540  -2568.6305038350015     
        1541  -2567.7004753453648     
        1542  -2592.9538948980685     
        1543  -2618.3485990893782     
        1544  -2614.7366272614499     
        1545  -2595.8210694155036     
        1546  -2543.5142553008218     
        1547  -2538.3268372037460     
        1548  -2550.3193893152916     
        1549  -2587.8024551125259     
        1550  -2553.4323359321143     
        1551  -2574.2542050257366     
        1552  -2554.7051426007883     
        1553  -2573.4539977629438     
        1554  -2553.2895131267160     
        1555  -2514.7127330710910     
        1556  -2565.9234859595676     
        1557  -2572.5734166934567     
        1558  -2552.2222880129616     
        1559  -2539.6281904002562     
        1560  -2521.0248946554707     
        1561  -2502.8810745910250     
        1562  -2523.7386399049410     
        1563  -2558.4825232573608     
        1564  -2546.8002054069893     
        1565  -2569.4253998086401     
        1566  -2527.9948251040514     
        1567  -2561.5031074285571     
        1568  -2602.0275066097320     
        1569  -2578.0673488889197     
        1570  -2617.0892414900313     
        1571  -2630.7013352804561     
        1572  -2654.8649847261831     
        1573  -2657.1788337490311     
        1574  -2618.7684718997630     
        1575  -2663.9099777341376     
        1576  -2620.6354036592384     
        1577  -2572.1203944375402     
        1578  -2556.3951291071944     
        1579  -2576.4590501263087     
        1580  -2560.9354787931043     
        1581  -2509.6366453022042     
        1582  -2528.1795034344364     
        1583  -2527.7257704295789     
        1584  -2574.2976441772998     
        1585  -2562.2086055400705     
        1586  -2544.4458464948825     
        1587  -2563.6675769150097     
        1588  -2529.7048301124637     
        1589  -2555.3566055193419     
        1590  -2546.8864994451710     
        1591  -2541.4223318712279     
        1592  -2593.4853047493921     
        1593  -2586.0111778437140     
        1594  -2587.0581565285433     
        1595  -2626.8015914682910     
        1596  -2566.8454084379041     
        1597  -2558.2318454243677     
        1598  -2591.5440494554737     
        1599  -2560.4822356349778     
        1600  -2604.3737553145806     
        1601  -2593.0530025827215     
        1602  -2603.6885520856831     
        1603  -2587.5699857505892     
        1604  -2632.3028360165194     
        1605  -2654.5634951665729     
        1606  -2616.8095294100522     
        1607  -2606.7997674689850     
        1608  -2623.1967643850685     
        1609  -2675.9502058410822     
        1610  -2602.4944559191122     
        1611  -2640.8281640553037     
        1612  -2594.6088510063314     
        1613  -2579.2347427519680     
        1614  -2600.7254770771069     
        1615  -2601.3385490561755     
        1616  -2602.2951299781598     
        1617  -2615.5888109627163     
        1618  -2598.2550501596265     
        1619  -2600.0331066467465     
        1620  -2660.7551958933614     
        1621  -2567.3290988343570     
        1622  -2520.9269561856036     
        1623  -2594.2466160143822     
        1624  -2581.0777928200978     
        1625  -2608.5326988627326     
        1626  -2604.5001446864931     
        1627  -2587.9068696482473     
        1628  -2633.6289915907428     
        1629  -2585.1372048626367     
        1630  -2479.9813247543493     
        1631  -2587.0793595839268     
        1632  -2553.2241473929862     
        1633  -2638.3243115834307     
        1634  -2646.9817798273461     
        1635  -2590.0655932164900     
        1636  -2628.6738899377569     
        1637  -2594.6705479485136     
        1638  -2655.7682142850631     
        1639  -2590.1529213027002     
        1640  -2605.5136143286227     
        1641  -2675.9488535882701     
        1642  -2637.1259002785205     
        1643  -2629.8274983132524     
        1644  -2542.7533015161280     
        1645  -2501.5180418956629     
        1646  -2497.7762843936457     
        1647  -2510.4477829614711     
        1648  -2584.7225699560040     
        1649  -2608.5847435520004     
        1650  -2623.3859503618451     
        1651  -2601.4445755062061     
        1652  -2647.6965993621347     
        1653  -2554.1200386761770     
        1654  -2519.9420211547931     
        1655  -2540.2770011618995     
        1656  -2566.2922423967016     
        1657  -2605.8377245143383     
        1658  -2648.1985728866939     
        1659  -2649.7047322821309     
        1660  -2684.9967019240544     
        1661  -2650.2490767140334     
        1662  -2580.4811275292404     
        1663  -2579.1242516554157     
        1664  -2633.1514919733750     
        1665  -2623.0423285184156     
        1666  -2600.9798023146786     
        1667  -2591.3343257261558     
        1668  -2590.7903813214002     
        1669  -2626.9683597551484     
        1670  -2633.9952709225872     
        1671  -2674.7176312356264     
        1672  -2608.2101455402594     
        1673  -2637.5962389956512     
        1674  -2735.1722913978265     
        1675  -2687.6682911530447     
        1676  -2588.4975550214563     
        1677  -2662.5814104000015     
        1678  -2674.3808191276075     
        1679  -2632.9670091036646     
        1680  -2672.0721525910130     
        1681  -2639.1568960970071     
        1682  -2560.5656764020760     
        1683  -2625.7351946460626     
        1684  -2586.4176168851250     
        1685  -2601.6454292174085     
        1686  -2575.9413518447286     
        1687  -2577.9149907506303     
        1688  -2636.6341459627943     
        1689  -2592.8334319589694     
        1690  -2585.7072903547555     
        1691  -2668.6215853767198     
        1692  -2640.3505171305605     
        1693  -2694.3765130143565     
        1694  -2654.3639597758620     
        1695  -2693.5934149292029     
        1696  -2676.8769053635979     
        1697  -2700.6001660490110     
        1698  -2665.4863978127073     
        1699  -2673.8161254132742     
        1700  -2695.9051158718253     
        1701  -2665.6949946168393     
        1702  -2662.9962433427204     
        1703  -2645.7322940184454     
        1704  -2620.9400887066295     
        1705  -2589.3476295268597     
        1706  -2629.0368352106984     
        1707  -2569.9517339145650     
        1708  -2605.4397385811408     
        1709  -2583.0637791794375     
        1710  -2566.7578933672376     
        1711  -2597.8820067105294     
        1712  -2544.6308890070145     
        1713  -2567.2773564601571     
        1714  -2593.1176992979013     
        1715  -2624.4829909721407     
        1716  -2626.7174494254232     
        1717  -2646.7328279767698     
        1718  -2627.9148826641613     
        1719  -2595.6346807385321     
        1720  -2542.1785561434440     
        1721  -2512.2414984371230     
        1722  -2558.1984322255403     
        1723  -2592.8804387921609     
        1724  -2566.8594437714178     
        1725  -2593.6322756996574     
        1726  -2603.2517377007580     
        1727  -2630.5095426066850     
        1728  -2630.3545335993581     
        1729  -2644.7702776340093     
        1730  -2624.7056672465901     
        1731  -2668.0899337457936     
        1732  -2651.5237331196554     
        1733  -2629.0222831463680     
        1734  -2642.8124201164242     
        1735  -2615.9956606816513     
        1736  -2667.7841696827932     
        1737  -2625.6383044499926     
        1738  -2682.7128676105094     
        1739  -2734.1290328453679     
        1740  -2609.3493217045666     
        1741  -2594.5834424454315     
        1742  -2642.6238976370892     
        1743  -2669.0642780629069     
        1744  -2626.0539466065479     
        1745  -2596.5410523966520     
        1746  -2599.4630172571087     
        1747  -2647.5323401843611     
        1748  -2663.8052358295217     
        1749  -2675.4659895629284     
        1750  -2601.2059986467261     
        1751  -2709.1887045077483     
        1752  -2681.1798387448266     
        1753  -2677.2799944242647     
        1754  -2667.5748103068449     
        1755  -2644.4131739941936     
        1756  -2713.2851038131230     
        1757  -2689.3509176104781     
        1758  -2658.3946222743093     
        1759  -2651.1047154557759     
        1760  -2695.4396973279690     
        1761  -2710.7434549509599     
        1762  -2670.6119739010696     
        1763  -2670.3129611264649     
        1764  -2610.3950562831205     
        1765  -2612.5822506614718     
        1766  -2592.7835374411402     
        1767  -2616.4096877623801     
        1768  -2644.8603808847902     
        1769  -2573.6801036709198     
        1770  -2632.5712106853648     
        1771  -2612.0162244252215     
        1772  -2633.7314151772989     
        1773  -2637.6375994990935     
        1774  -2625.5575448839559     
        1775  -2607.9387059833684     
        1776  -2617.8304158423007     
        1777  -2555.1258988736172     
        1778  -2565.9493742627192     
        1779  -2592.6920864092408     
        1780  -2665.0538490516083     
        1781  -2641.2592613295137     
        1782  -2593.8139333931281     
        1783  -2587.0273531866728     
        1784  -2573.8393858882587     
        1785  -2599.0241291868738     
        1786  -2607.5935918453174     
        1787  -2569.1322031327177     
        1788  -2497.0925130181040     
        1789  -2505.4974235550112     
        1790  -2513.7409986210787     
        1791  -2521.4534781349703     
        1792  -2654.3202588512145     
        1793  -2620.6249583220615     
        1794  -2562.5473612788801     
        1795  -2581.2863163767588     
        1796  -2583.3581579279389     
        1797  -2582.1471869316551     
        1798  -2582.9896281753372     
        1799  -2555.8515746652884     
        1800  -2581.6046088285407     
        1801  -2559.9085110527162     
        1802  -2564.6205375877707     
        1803  -2569.2730962445826     
        1804  -2586.4529594197834     
        1805  -2603.4108209089695     
        1806  -2586.9134494259433     
        1807  -2633.5214728902520     
        1808  -2625.3299146035511     
        1809  -2602.7408369299360     
        1810  -2613.7565528895843     
        1811  -2605.4469302773864     
        1812  -2632.1081782788665     
        1813  -2633.4780629451484     
        1814  -2631.8323308447002     
        1815  -2652.9100243374351     
        1816  -2647.1964809223432     
        1817  -2591.7507938193176     
        1818  -2609.1589923330907     
        1819  -2632.4164774177957     
        1820  -2594.3420601592020     
        1821  -2605.1317108174653     
        1822  -2592.1151792376218     
        1823  -2622.4709368377721     
        1824  -2597.5595329829425     
        1825  -2672.5785476710307     
        1826  -2616.2213747155124     
        1827  -2544.1500349253188     
        1828  -2552.9450707957176     
        1829  -2587.7517822199043     
        1830  -2612.5029466255651     
        1831  -2632.9357702107391     
        1832  -2559.7443649723982     
        1833  -2626.0460180977952     
        1834  -2682.1432588342636     
        1835  -2607.6594722423629     
        1836  -2669.8364213101931     
        1837  -2695.9979137109813     
        1838  -2658.8357237152118     
        1839  -2725.4645309194448     
        1840  -2626.2173205454064     
        1841  -2631.5111276109997     
        1842  -2703.7648244123175     
        1843  -2657.2844112098355     
        1844  -2646.0995072071332     
        1845  -2556.3030501168105     
        1846  -2601.2268283393623     
        1847  -2630.7213577783004     
        1848  -2680.0222706837940     
        1849  -2661.7323266382205     
        1850  -2679.8295361176492     
        1851  -2661.7799710307377     
        1852  -2654.4778005569701     
        1853  -2688.4413927753408     
        1854  -2679.8040140626122     
        1855  -2716.2945707412468     
        1856  -2670.6860231286428     
        1857  -2623.8425370210543     
        1858  -2615.1087057402974     
        1859  -2630.4194820008761     
        1860  -2666.2358393734503     
        1861  -2712.8335329532551     
        1862  -2685.6185967935126     
        1863  -2653.8768642869936     
        1864  -2699.2876379032332     
        1865  -2675.4171534950069     
        1866  -2660.6719323721172     
        1867  -2661.9304598051758     
        1868  -2658.2916535223594     
        1869  -2590.7032874855167     
        1870  -2606.8792880647234     
        1871  -2680.8107916965791     
        1872  -2646.4477165230687     
        1873  -2661.4707562875933     
        1874  -2679.8858953185400     
        1875  -2620.0364232415072     
        1876  -2603.1760112158067     
        1877  -2611.8670938776077     
        1878  -2570.1146575763328     
        1879  -2645.0949195242824     
        1880  -2594.4706181738875     
        1881  -2573.3095002859359     
        1882  -2585.3515783813018     
        1883  -2635.4952689421175     
        1884  -2549.9464198885630     
        1885  -2584.9982414848942     
        1886  -2619.5514111536831     
        1887  -2607.5932106613095     
        1888  -2580.3394181023818     
        1889  -2612.6369222617604     
        1890  -2624.9020667364543     
        1891  -2629.7682189647662     
        1892  -2677.2278110351413     
        1893  -2693.5276497440873     
        1894  -2648.5021562317620     
        1895  -2612.2932607566077     
        1896  -2610.4960434630884     
        1897  -2589.6763018565807     
        1898  -2620.8861315207123     
        1899  -2665.7235865856451     
        1900  -2682.6510561799469     
        1901  -2624.2966229922722     
        1902  -2657.0918177163717     
        1903  -2674.6167689411536     
        1904  -2616.6373654632521     
        1905  -2578.2542117036437     
        1906  -2611.1629939698287     
        1907  -2613.2134942917410     
        1908  -2608.2018157237567     
        1909  -2683.4281094851390     
        1910  -2612.5712952480017     
        1911  -2627.5919555143369     
        1912  -2574.3896552610031     
        1913  -2643.5951185037939     
        1914  -2615.0880339181172     
        1915  -2654.1557010074821     
        1916  -2661.9349566560982     
        1917  -2635.4448268373535     
        1918  -2651.6708749892287     
        1919  -2647.3722287631522     
        1920  -2646.2558526742578     
        1921  -2588.4118318924989     
        1922  -2663.6528689609836     
        1923  -2664.9159662277184     
        1924  -2656.3169435326208     
        1925  -2638.4949404946756     
        1926  -2606.2241540609816     
        1927  -2714.7645639806024     
        1928  -2652.0720961347924     
        1929  -2624.4282689271568     
        1930  -2655.2769707179150     
        1931  -2591.7866636256854     
        1932  -2614.4062788789329     
        1933  -2608.1376219880872     
        1934  -2654.2910256531254     
        1935  -2674.4175388828662     
        1936  -2546.0978060713846     
        1937  -2599.3505554225117     
        1938  -2657.6953366652710     
        1939  -2631.1132445791322     
        1940  -2604.0764228001749     
        1941  -2660.6837924627757     
        1942  -2677.9803992576808     
        1943  -2689.3448371409977     
        1944  -2721.3290623698849     
        1945  -2728.8028280722174     
        1946  -2706.2940446362227     
        1947  -2636.8031230714614     
        1948  -2647.4785649136152     
        1949  -2629.3904853328127     
        1950  -2654.6687793356919     
        1951  -2657.7861014774508     
        1952  -2667.8695944743713     
        1953  -2675.6717764159353     
        1954  -2578.0463248125056     
        1955  -2599.9616160256705     
        1956  -2597.9016026550094     
        1957  -2700.4479549440562     
        1958  -2681.5592649473792     
        1959  -2648.4494919337835     
        1960  -2637.7220029684586     
        1961  -2628.7758045970227     
        1962  -2644.5321955852542     
        1963  -2631.0081789726341     
        1964  -2638.5425891697901     
        1965  -2673.7679180230671     
        1966  -2642.2132495065066     
        1967  -2608.7851931666078     
        1968  -2605.4367051679533     
        1969  -2658.8583890364857     
        1970  -2637.3960108571509     
        1971  -2650.7394642525783     
        1972  -2689.2792258751820     
        1973  -2675.7250957242550     
        1974  -2667.0594208674365     
        1975  -2593.2754121528742     
        1976  -2631.1061994473430     
        1977  -2604.5024863282929     
        1978  -2589.3582559229062     
        1979  -2536.8769439044081     
        1980  -2580.5236808086756     
        1981  -2576.9204417108572     
        1982  -2617.4809329968266     
        1983  -2653.4556420376880     
        1984  -2627.2257142488847     
        1985  -2598.2526944983101     
        1986  -2591.9290277853315     
        1987  -2610.2547963790234     
        1988  -2614.5780265754406     
        1989  -2614.3529769397060     
        1990  -2614.5952072980999     
        1991  -2666.3753382889481     
        1992  -2615.1718980822939     
        1993  -2624.9845476865794     
        1994  -2592.5873719934721     
        1995  -2596.1647505703008     
        1996  -2618.1113249926207     
        1997  -2584.0293837353893     
        1998  -2583.5883867331122     
        1999  -2555.5642927449508     
        2000  -2600.6534078870059     
