 SAMPLE,  ENERGY
           1  -2104.7541801382140     
           2  -2155.7933196709182     
           3  -2151.9157457294109     
           4  -2110.6375917107744     
           5  -2151.0014859535549     
           6  -2173.4769492540099     
           7  -2168.4994679093638     
           8  -2148.9124469730909     
           9  -2096.0178404305539     
          10  -2130.4173472043221     
          11  -2073.2041498941903     
          12  -2073.8356586129485     
          13  -2087.5716341236239     
          14  -2074.1988034185638     
          15  -2092.8598002791882     
          16  -2097.0100282753124     
          17  -2096.1769372268909     
          18  -2120.1765996441450     
          19  -2128.9052175344495     
          20  -2088.5024886833721     
          21  -2082.5543746044891     
          22  -2059.9656432479856     
          23  -2070.5716943165066     
          24  -2064.2140482413633     
          25  -2030.4934928440530     
          26  -2041.8880655010867     
          27  -2091.9114533356515     
          28  -2101.4669096201637     
          29  -2110.3212978838437     
          30  -2104.3417646875550     
          31  -2060.0632553248197     
          32  -2110.7995904288873     
          33  -2165.0239301568718     
          34  -2146.6891574899478     
          35  -2172.7372544640511     
          36  -2163.1460827695046     
          37  -2131.6646557130925     
          38  -2119.9186737923401     
          39  -2126.1714804306707     
          40  -2093.4196913326964     
          41  -2106.8435275460729     
          42  -2117.8887040404948     
          43  -2120.7636352710379     
          44  -2082.4278322515743     
          45  -2081.5786511094225     
          46  -2066.7258330505147     
          47  -2090.3147110737978     
          48  -2090.2276115535115     
          49  -2081.2941794517251     
          50  -2100.8985742694276     
          51  -2112.2130320515998     
          52  -2137.9348414630904     
          53  -2129.2528707655438     
          54  -2110.8910811268224     
          55  -2115.3925789636337     
          56  -2052.2736869528808     
          57  -2103.6786521335257     
          58  -2097.7478211531875     
          59  -2122.4215187593231     
          60  -2148.4953371738993     
          61  -2157.5339014707197     
          62  -2147.2315302123525     
          63  -2146.7825369374345     
          64  -2173.9074566779391     
          65  -2110.8586300863390     
          66  -2128.4324518066969     
          67  -2163.9481791510430     
          68  -2139.6031583625950     
          69  -2114.0690398269476     
          70  -2109.5116925783786     
          71  -2141.3504196784766     
          72  -2171.8356169326275     
          73  -2124.4000470925257     
          74  -2112.8985584593752     
          75  -2106.7818072447631     
          76  -2089.4989269346411     
          77  -2112.5459864521335     
          78  -2087.3034699653126     
          79  -2070.7004751191662     
          80  -2068.5391131717647     
          81  -2095.7508685732364     
          82  -2101.3775108078453     
          83  -2091.8065225451060     
          84  -2088.6620267501435     
          85  -2042.1866643832386     
          86  -2055.0603185888135     
          87  -2061.8660342449389     
          88  -2037.7926545273911     
          89  -2057.8640011436469     
          90  -2032.8677445077562     
          91  -2064.8997665263059     
          92  -2081.2684213278903     
          93  -2101.2847972836771     
          94  -2116.9698668807218     
          95  -2108.2919819537669     
          96  -2134.9778786311872     
          97  -2147.2969341066851     
          98  -2146.6810696841599     
          99  -2175.4942916731115     
         100  -2125.5675399904080     
         101  -2135.5983111705023     
         102  -2133.9000926801909     
         103  -2148.4688844443604     
         104  -2148.9457450139430     
         105  -2144.4836200783134     
         106  -2123.4725021695385     
         107  -2143.9863739531829     
         108  -2133.4900632105891     
         109  -2125.2174307519003     
         110  -2087.8579318684833     
         111  -2091.9976910815699     
         112  -2081.5224580419604     
         113  -2084.0667241681422     
         114  -2066.6724207964303     
         115  -2097.8400006960410     
         116  -2062.6992412381783     
         117  -2076.3242396867154     
         118  -2077.3189399629050     
         119  -2065.1142860556301     
         120  -2082.0065565737127     
         121  -2099.2884174828464     
         122  -2061.9972503101949     
         123  -2120.6285180179698     
         124  -2125.6043279293190     
         125  -2140.5535803660973     
         126  -2110.7244979180068     
         127  -2156.9085102007857     
         128  -2147.3739220457646     
         129  -2152.2117095548942     
         130  -2137.2261932756182     
         131  -2127.9176928796905     
         132  -2119.6943524776407     
         133  -2080.9436996257032     
         134  -2091.3675948392979     
         135  -2065.7025227703198     
         136  -2058.3336340264427     
         137  -2117.8946772470417     
         138  -2087.3136199224973     
         139  -2138.6523583711369     
         140  -2102.7995814858159     
         141  -2109.6332225227752     
         142  -2109.2504995028476     
         143  -2110.4584880325929     
         144  -2092.2251585446270     
         145  -2081.1137993702300     
         146  -2089.8721673176215     
         147  -2086.5349015784400     
         148  -2063.9045374909406     
         149  -2065.9787935376185     
         150  -2060.6961222024806     
         151  -2023.1379187704981     
         152  -2078.7087281896011     
         153  -2092.7734595742722     
         154  -2093.6988326306860     
         155  -2097.0535051190732     
         156  -2092.9426361833689     
         157  -2086.6852291430851     
         158  -2044.3566721689515     
         159  -2059.6343073276048     
         160  -2060.8988695260837     
         161  -2035.4168553543227     
         162  -2034.4957696930974     
         163  -2024.8481079010364     
         164  -2028.0827246125727     
         165  -2061.8589142780243     
         166  -2053.4699249552609     
         167  -2023.2430342667694     
         168  -2027.9753011082332     
         169  -2036.1148314261720     
         170  -2022.3950705872605     
         171  -2027.6350290253783     
         172  -2034.1431203518046     
         173  -2049.4140967473718     
         174  -2066.2706986516687     
         175  -2052.8897831537020     
         176  -2039.0233916514271     
         177  -2031.4271698211608     
         178  -2038.6018352671426     
         179  -2058.2997443510621     
         180  -2041.6826159421826     
         181  -2070.1090620840250     
         182  -2076.6464043396695     
         183  -2107.7798092188636     
         184  -2120.9280905979708     
         185  -2118.8980291790508     
         186  -2081.4156618125394     
         187  -2114.8336825521142     
         188  -2098.9509126951380     
         189  -2076.5766774621052     
         190  -2071.9393517740659     
         191  -2085.0444718397739     
         192  -2085.3260048872780     
         193  -2060.4942074906894     
         194  -2060.6552105034739     
         195  -2079.7486699391893     
         196  -2080.3894776721668     
         197  -2111.3092778028695     
         198  -2086.2564252187690     
         199  -2064.6780732129064     
         200  -2102.7680012940637     
         201  -2074.1572497484781     
         202  -2070.2514804169691     
         203  -2087.8518454259370     
         204  -2057.6915108777812     
         205  -2115.3621194749444     
         206  -2115.0812899499010     
         207  -2140.7431151042474     
         208  -2096.8308303265526     
         209  -2101.4833428992802     
         210  -2104.7965937499202     
         211  -2074.0191109629695     
         212  -2073.1664858430368     
         213  -2064.1740167138146     
         214  -2085.8487203391874     
         215  -2100.9048927024910     
         216  -2081.0439149211875     
         217  -2138.6098023704390     
         218  -2148.7910014443673     
         219  -2124.2017646476152     
         220  -2139.4059044294104     
         221  -2125.8226780044438     
         222  -2123.2602036291746     
         223  -2108.1384930320851     
         224  -2093.8930226213593     
         225  -2085.6826781389823     
         226  -2084.3762125448925     
         227  -2087.7660428360446     
         228  -2080.8427165683265     
         229  -2117.8768919459771     
         230  -2102.0234911489079     
         231  -2069.7820233321650     
         232  -2078.9883042848892     
         233  -2078.8309865905439     
         234  -2031.3886048167287     
         235  -2036.4925413489464     
         236  -2049.2168204200011     
         237  -2038.5074611193500     
         238  -2067.6065729160327     
         239  -2060.1000656238166     
         240  -2045.3151236805827     
         241  -2057.3366612238428     
         242  -2071.3439929571746     
         243  -2064.2202904778856     
         244  -2082.8341867172971     
         245  -2082.6541783308508     
         246  -2067.6713976539695     
         247  -2112.7880252073510     
         248  -2076.0776277838222     
         249  -2062.1809944568117     
         250  -2042.9082694543251     
         251  -2077.7755086714023     
         252  -2079.4665997210814     
         253  -2077.2522402886239     
         254  -2078.9097646272426     
         255  -2096.2996973734407     
         256  -2081.8749749909298     
         257  -2086.1800430757066     
         258  -2065.1474363158168     
         259  -2031.6278206975207     
         260  -2027.7355821631913     
         261  -2059.5066308416449     
         262  -2076.7819657063515     
         263  -2059.2148883899254     
         264  -2055.0513111468676     
         265  -2055.0043074084756     
         266  -2069.6484386452398     
         267  -2036.5630823986799     
         268  -2064.7853929597254     
         269  -2078.3152171988536     
         270  -2030.4314133064051     
         271  -2062.2348798827365     
         272  -2070.5961345242413     
         273  -2040.9424644094702     
         274  -2079.3727948788796     
         275  -2085.5305736493215     
         276  -2050.2853674113185     
         277  -2066.3899462152044     
         278  -2076.8304660404042     
         279  -2071.8474775147856     
         280  -2076.5987029392850     
         281  -2077.1371643606722     
         282  -2089.4773292220020     
         283  -2063.1575576499804     
         284  -2073.9720889539708     
         285  -2053.6139650688797     
         286  -2061.8481934007791     
         287  -2087.8753272948757     
         288  -2076.9084304757898     
         289  -2117.0109922849765     
         290  -2119.3526816799290     
         291  -2078.9085007739241     
         292  -2075.3438187285433     
         293  -2062.6857444388279     
         294  -2072.7738914556317     
         295  -2069.5593525327190     
         296  -2058.1732548734071     
         297  -2045.7114306903820     
         298  -2043.9316094859282     
         299  -2053.5995067465942     
         300  -2036.0117693482541     
         301  -2085.3736477925463     
         302  -2107.5794884415463     
         303  -2043.0783995292188     
         304  -2051.4450422958234     
         305  -2060.9212023377104     
         306  -2094.9735694313299     
         307  -2088.4710356820142     
         308  -2073.3835963657052     
         309  -2108.6843540528262     
         310  -2121.6009048481328     
         311  -2104.7619196045275     
         312  -2115.1596984725825     
         313  -2135.9924603151949     
         314  -2129.7065576290333     
         315  -2146.1223479550076     
         316  -2148.6951214427968     
         317  -2107.8938566474676     
         318  -2178.7387275384349     
         319  -2147.8037691253780     
         320  -2173.0824312131090     
         321  -2155.6457078057119     
         322  -2135.3423240315856     
         323  -2148.4895997393792     
         324  -2125.8425385566889     
         325  -2097.3035634820358     
         326  -2093.7367082082728     
         327  -2099.8680807875921     
         328  -2114.7082777378605     
         329  -2081.4728738966915     
         330  -2087.7909502164412     
         331  -2096.8303306057269     
         332  -2086.6698437645045     
         333  -2099.8491113909740     
         334  -2117.4201821321485     
         335  -2105.8910464254241     
         336  -2119.2201282889987     
         337  -2073.9207983743399     
         338  -2072.7014981474545     
         339  -2123.5718903070315     
         340  -2140.7758519495396     
         341  -2128.6094560783476     
         342  -2128.0052686026474     
         343  -2121.9629140364768     
         344  -2096.8729120407561     
         345  -2061.0606502681903     
         346  -2037.9168603170974     
         347  -2060.6352224060952     
         348  -2120.8830913303682     
         349  -2124.1541615848369     
         350  -2125.4770806949623     
         351  -2084.6854281107439     
         352  -2105.5807046432446     
         353  -2099.9170058837162     
         354  -2092.8332471687045     
         355  -2095.4546388965873     
         356  -2113.1085441444684     
         357  -2066.0916470366778     
         358  -2096.8452229451527     
         359  -2091.8994106488972     
         360  -2118.1901157090097     
         361  -2124.2567907368275     
         362  -2160.0755148316898     
         363  -2135.6722948997362     
         364  -2145.4534253286761     
         365  -2126.1466350558517     
         366  -2141.5982023432512     
         367  -2145.7504309035394     
         368  -2167.5565320865721     
         369  -2178.6445324099068     
         370  -2162.0669391842907     
         371  -2166.5446572699670     
         372  -2123.0899889001139     
         373  -2135.9479376591207     
         374  -2158.8827328153147     
         375  -2143.4038218281071     
         376  -2141.7767257551077     
         377  -2120.5355027909341     
         378  -2128.6448249200607     
         379  -2087.4998602362507     
         380  -2088.4466115719374     
         381  -2108.0042491607824     
         382  -2093.4102586393578     
         383  -2087.3317766980672     
         384  -2104.9629621863060     
         385  -2085.9535025673131     
         386  -2080.6733891832696     
         387  -2094.3134964960718     
         388  -2087.8263184019702     
         389  -2081.8527947536331     
         390  -2101.0585349984253     
         391  -2090.5844653475547     
         392  -2098.5552067519934     
         393  -2109.0269826364315     
         394  -2073.6782152355145     
         395  -2040.6081159552537     
         396  -2055.6273611168785     
         397  -2065.6698830973482     
         398  -2094.6763655344021     
         399  -2076.6040404485302     
         400  -2080.0656260026803     
         401  -2081.0493246681904     
         402  -2032.3551215891632     
         403  -2011.5538222753082     
         404  -2038.7023793459089     
         405  -2057.3049563531531     
         406  -2052.2942379434362     
         407  -2093.0895043461901     
         408  -2091.0921429394625     
         409  -2099.9748896986803     
         410  -2122.1385027290698     
         411  -2080.9811900705554     
         412  -2079.7255333802027     
         413  -2062.4696058144691     
         414  -2057.0578431441841     
         415  -2045.3096290275014     
         416  -2062.4778733714306     
         417  -2070.0978564353723     
         418  -2079.7974964932505     
         419  -2095.9294019181125     
         420  -2129.7124931645239     
         421  -2167.7236943049620     
         422  -2114.9303084060707     
         423  -2125.5395997858941     
         424  -2100.6426765279539     
         425  -2083.2881856968620     
         426  -2068.9350158061520     
         427  -2085.4978639424144     
         428  -2065.1518078303566     
         429  -2094.5557488553150     
         430  -2090.1354837356689     
         431  -2103.3848408436488     
         432  -2107.4117668161616     
         433  -2097.4665973983379     
         434  -2123.7297696184746     
         435  -2117.7341871874000     
         436  -2134.0679664842646     
         437  -2150.6733723009620     
         438  -2184.7230118421999     
         439  -2125.8829648505903     
         440  -2121.5881124784114     
         441  -2096.4488616556037     
         442  -2094.4867315508968     
         443  -2123.1090073953465     
         444  -2140.0249009606378     
         445  -2140.3546627094865     
         446  -2130.5382547715185     
         447  -2106.7357683554296     
         448  -2139.0172217958002     
         449  -2129.5600218053996     
         450  -2148.9576564122463     
         451  -2117.3305143279090     
         452  -2128.5659580640813     
         453  -2122.9836307508886     
         454  -2094.4757281206071     
         455  -2089.5002708732281     
         456  -2116.6588078798504     
         457  -2094.6861606752650     
         458  -2089.9681059141171     
         459  -2115.6499842114454     
         460  -2126.7844367888229     
         461  -2147.2860824369541     
         462  -2144.2687973248753     
         463  -2098.0090613051252     
         464  -2099.4429135924211     
         465  -2112.2966702960175     
         466  -2117.7718861784592     
         467  -2121.6478723369987     
         468  -2122.7386016346918     
         469  -2131.6678395983927     
         470  -2127.2234619228770     
         471  -2114.3398891396459     
         472  -2087.0367013445502     
         473  -2071.6417601036951     
         474  -2105.9583122439058     
         475  -2084.5139349578030     
         476  -2101.1683398189684     
         477  -2075.8070436496519     
         478  -2074.0672673584686     
         479  -2125.2798155270866     
         480  -2071.3643374712224     
         481  -2063.7213727046123     
         482  -2061.8480785139377     
         483  -2118.9449718006904     
         484  -2102.3346864063542     
         485  -2094.5535839185868     
         486  -2132.7832691595340     
         487  -2102.5754466594517     
         488  -2108.1251765189745     
         489  -2133.3913038260416     
         490  -2130.1383299243785     
         491  -2110.3396303773720     
         492  -2112.1486556321856     
         493  -2133.4267094661895     
         494  -2156.9188390828413     
         495  -2142.3337056359651     
         496  -2088.9784079528740     
         497  -2108.8125601818892     
         498  -2122.1560540172668     
         499  -2094.9531549993203     
         500  -2095.0018737933965     
         501  -2120.8597028083800     
         502  -2108.1623627495292     
         503  -2102.8796774029688     
         504  -2090.0439084446798     
         505  -2075.9845322790447     
         506  -2049.7788450063822     
         507  -2086.6090890543087     
         508  -2077.0793515452610     
         509  -2082.1196464708355     
         510  -2106.6784471788442     
         511  -2098.2203228108633     
         512  -2093.2210622491716     
         513  -2064.2879536820428     
         514  -2012.8768206294419     
         515  -2031.6709287730052     
         516  -2051.3803912749017     
         517  -1999.9531986600489     
         518  -1982.1362543526307     
         519  -1998.5321389369062     
         520  -1994.6044706440905     
         521  -1996.7189120522448     
         522  -1992.9440085646677     
         523  -1977.1204852448741     
         524  -1960.4008162724015     
         525  -1987.0821380344705     
         526  -1982.5022373581303     
         527  -2021.1931999325307     
         528  -2020.7117793708626     
         529  -1934.3962599584379     
         530  -1963.4993674251118     
         531  -2013.0536787890690     
         532  -1993.5530907254447     
         533  -2032.6739216804308     
         534  -1994.8128337418157     
         535  -2021.5194757852983     
         536  -2042.3677279877386     
         537  -2056.1975745236841     
         538  -2054.0778793390473     
         539  -2073.9591665974685     
         540  -2072.6296137638701     
         541  -2081.3132568086999     
         542  -2096.4601196041290     
         543  -2110.2181609423442     
         544  -2098.7252040181265     
         545  -2071.7063647657910     
         546  -2114.4654016926261     
         547  -2104.4369784039823     
         548  -2129.0930319501877     
         549  -2114.9854218004430     
         550  -2164.5191686563021     
         551  -2165.2152141129682     
         552  -2137.1050667999493     
         553  -2136.5115310960846     
         554  -2142.0214910252985     
         555  -2130.2206858196291     
         556  -2134.8650291585382     
         557  -2136.0002614827672     
         558  -2169.6535660570871     
         559  -2145.9807487323178     
         560  -2143.6729051334391     
         561  -2160.9632476447350     
         562  -2160.2705482549809     
         563  -2165.0260260228288     
         564  -2161.9512278025331     
         565  -2176.9857511714022     
         566  -2131.9401624422571     
         567  -2137.5638250996890     
         568  -2137.5334530915720     
         569  -2112.9075123077728     
         570  -2086.9652610992334     
         571  -2131.7105778079704     
         572  -2137.1418931368316     
         573  -2134.6550165905105     
         574  -2096.9817202011250     
         575  -2132.6207968320396     
         576  -2114.5475966324893     
         577  -2148.1589636919566     
         578  -2147.3132108109880     
         579  -2116.6759676986835     
         580  -2130.8947687987670     
         581  -2155.3625412884462     
         582  -2161.8612113350764     
         583  -2122.9431893541791     
         584  -2116.8048043262415     
         585  -2101.7248139174271     
         586  -2116.5904034348982     
         587  -2116.0069100383430     
         588  -2116.2184454423891     
         589  -2161.7252913843513     
         590  -2120.1890219047059     
         591  -2157.2339301669331     
         592  -2129.0650720281992     
         593  -2106.4954097430718     
         594  -2118.5899896045626     
         595  -2141.2921636856163     
         596  -2126.0257078950926     
         597  -2120.6893082347974     
         598  -2128.0660644300751     
         599  -2096.9224417531059     
         600  -2130.6164589862210     
         601  -2133.0649068795215     
         602  -2116.7635967683900     
         603  -2077.3308854214624     
         604  -2082.0239674400800     
         605  -2042.3114718375712     
         606  -2069.9477662925196     
         607  -2084.4719388518838     
         608  -2058.1931420767205     
         609  -2033.1233648893208     
         610  -2066.4864566604965     
         611  -2077.7502438350884     
         612  -2073.0440780825047     
         613  -2068.1051070110243     
         614  -2054.8336236972132     
         615  -2046.6792794099704     
         616  -2060.8560204827886     
         617  -2051.0760918677788     
         618  -2039.5280651635346     
         619  -2039.7604334578098     
         620  -2058.5926454337105     
         621  -2069.3087128269431     
         622  -2052.2007464661942     
         623  -2072.4517936881275     
         624  -2111.5500375710344     
         625  -2101.1628613520397     
         626  -2097.1137822122932     
         627  -2093.7536512441911     
         628  -2082.0885626038125     
         629  -2080.2974173434245     
         630  -2097.0359562306458     
         631  -2073.8508735145388     
         632  -2088.7517336096153     
         633  -2082.8515089689490     
         634  -2078.5561196089807     
         635  -2080.9383236044987     
         636  -2054.5319836463150     
         637  -2103.1847284939222     
         638  -2088.8379166045356     
         639  -2155.0066175940974     
         640  -2144.7531420910518     
         641  -2116.8877056883953     
         642  -2142.3646978092370     
         643  -2151.0730274985563     
         644  -2128.6137335312360     
         645  -2128.7272469873928     
         646  -2134.6101028232124     
         647  -2133.3710425662844     
         648  -2137.0877851619298     
         649  -2115.4134323369085     
         650  -2138.7676951670501     
         651  -2086.6991947900619     
         652  -2117.7412592686696     
         653  -2114.9259130166752     
         654  -2122.3323308177432     
         655  -2129.5947910601321     
         656  -2109.5751152736307     
         657  -2108.4045923440190     
         658  -2141.8207482090370     
         659  -2145.6149044143758     
         660  -2108.4358100623335     
         661  -2071.1217305241362     
         662  -2087.4736427359048     
         663  -2068.8526621752708     
         664  -2101.6714089520665     
         665  -2091.7295328849759     
         666  -2086.6603241212724     
         667  -2089.8050288193635     
         668  -2090.3872434395503     
         669  -2075.1020029392585     
         670  -2041.7835122715680     
         671  -2081.0823687970069     
         672  -2078.4069229095326     
         673  -2071.1484885308860     
         674  -2030.2026322346371     
         675  -2088.5628472756821     
         676  -2033.1301033058107     
         677  -2064.0669649634624     
         678  -2059.2545526484896     
         679  -2060.2451578760720     
         680  -2045.7382575133045     
         681  -2059.0770024791568     
         682  -2046.1544671277998     
         683  -2014.6315552733311     
         684  -2066.0283626195360     
         685  -2071.2893252439349     
         686  -2050.5277912449878     
         687  -2072.3187504939374     
         688  -2078.2141800420445     
         689  -2080.5593809062384     
         690  -2093.7093747399927     
         691  -2074.1663554227753     
         692  -2080.6422384944490     
         693  -2106.0865624437874     
         694  -2111.7074313436719     
         695  -2061.4195842382292     
         696  -2101.8666489545576     
         697  -2100.2873326065260     
         698  -2082.1105919732581     
         699  -2073.3997695495127     
         700  -2049.0183525421371     
         701  -2035.9833230556972     
         702  -2037.3606412622742     
         703  -2058.8612705815262     
         704  -2089.3952102925186     
         705  -2100.2427851995549     
         706  -2064.9626926580058     
         707  -2067.0502515274643     
         708  -2091.7821666334212     
         709  -2080.1748643642113     
         710  -2038.3640898870462     
         711  -2051.2864495959907     
         712  -2062.4536465294736     
         713  -2070.8537360381174     
         714  -2103.0546086295822     
         715  -2123.8024529125714     
         716  -2119.1813176793444     
         717  -2098.4316619282149     
         718  -2107.0399638025892     
         719  -2106.4327307807325     
         720  -2125.8504923382798     
         721  -2118.2924416804171     
         722  -2103.2271128815323     
         723  -2088.8212265294214     
         724  -2065.1066055769415     
         725  -2081.0511235683866     
         726  -2066.6535582327529     
         727  -2110.4065123725868     
         728  -2104.7971786153294     
         729  -2092.7074765005073     
         730  -2116.7474378840730     
         731  -2112.0726758188575     
         732  -2106.4113342298178     
         733  -2085.2432232755282     
         734  -2080.8318003109002     
         735  -2095.5585762438618     
         736  -2097.9456929751714     
         737  -2088.9171198894460     
         738  -2045.8080990069800     
         739  -2044.2534916014458     
         740  -2067.0356396098164     
         741  -2076.9526035452441     
         742  -2096.0815116847716     
         743  -2081.2979052701039     
         744  -2061.1850007138378     
         745  -2057.9733645408405     
         746  -2050.0530743461049     
         747  -2019.0122980715710     
         748  -2067.4291127578404     
         749  -2064.7618630559668     
         750  -2058.1531476057198     
         751  -2066.1315291138581     
         752  -2055.7937404701029     
         753  -2090.2214026376009     
         754  -2065.7017101612273     
         755  -2068.6823046766995     
         756  -2050.4005870826227     
         757  -2072.5101296006305     
         758  -2056.1600876532284     
         759  -2063.8263453764152     
         760  -2080.1101796336607     
         761  -2096.3880828795473     
         762  -2058.5917081895395     
         763  -2064.8474291729640     
         764  -2096.3119480779933     
         765  -2104.1376581297600     
         766  -2127.6914228472083     
         767  -2098.9068359327612     
         768  -2077.1156571628608     
         769  -2080.8958040979851     
         770  -2097.6795259573801     
         771  -2085.4316930607624     
         772  -2152.4292408722304     
         773  -2143.7237421054811     
         774  -2128.5002169941185     
         775  -2137.9331362193047     
         776  -2097.4423900511647     
         777  -2081.3179935595731     
         778  -2075.8848119881482     
         779  -2089.0480709802046     
         780  -2113.6966826701132     
         781  -2080.5716571544895     
         782  -2113.1147471729023     
         783  -2099.7612771062654     
         784  -2140.3013578428249     
         785  -2111.1951420400464     
         786  -2116.1689037454134     
         787  -2120.7436612958832     
         788  -2062.6299105225507     
         789  -2070.7817373537296     
         790  -2060.1587953079829     
         791  -2102.9660863988361     
         792  -2092.9869440018861     
         793  -2091.3122293309229     
         794  -2081.8417332864615     
         795  -2080.4244119211153     
         796  -2058.4707934014709     
         797  -2023.6322098987430     
         798  -2011.5407159450187     
         799  -2008.5904355997923     
         800  -2025.3829438423027     
         801  -2021.0841085232746     
         802  -2039.3117293072864     
         803  -2036.5327485631494     
         804  -2056.2154485307065     
         805  -2055.3166826543165     
         806  -2103.4470602220890     
         807  -2078.1483033051336     
         808  -2100.5042470308545     
         809  -2103.6818118609558     
         810  -2064.8808553725885     
         811  -2062.2067137249196     
         812  -2083.0456405199311     
         813  -2071.4469571396926     
         814  -2106.1733947754819     
         815  -2103.2308586019703     
         816  -2133.8268678027830     
         817  -2127.6086289602904     
         818  -2114.3403604995265     
         819  -2137.1246684029979     
         820  -2151.1658854625375     
         821  -2175.7636494153016     
         822  -2161.8645856873441     
         823  -2152.8865812288495     
         824  -2149.6991350484564     
         825  -2153.9915963668464     
         826  -2140.5470878369838     
         827  -2151.6191412638896     
         828  -2113.7922318176297     
         829  -2138.6275157957293     
         830  -2156.2853105327081     
         831  -2178.8930314862473     
         832  -2153.8555848672181     
         833  -2133.0001202000944     
         834  -2119.1190424895271     
         835  -2152.7904779858964     
         836  -2142.1439374451752     
         837  -2167.9853623702520     
         838  -2139.3661588460468     
         839  -2166.7710909658613     
         840  -2147.5853058507882     
         841  -2110.7628898060188     
         842  -2129.6656236157983     
         843  -2121.8930971111881     
         844  -2120.0216680740400     
         845  -2119.8583088178270     
         846  -2123.7804375028763     
         847  -2072.6473115063513     
         848  -2117.4537692031640     
         849  -2138.3206329568775     
         850  -2128.2703019165351     
         851  -2121.1143970021512     
         852  -2143.8176933235004     
         853  -2159.3772869737804     
         854  -2158.4575645271120     
         855  -2114.5601952686525     
         856  -2090.0527290341761     
         857  -2072.8734299238131     
         858  -2054.5460500236964     
         859  -2027.0421283719995     
         860  -2067.0200148087342     
         861  -2072.6304354922549     
         862  -2105.8633791435141     
         863  -2081.6653253421505     
         864  -2079.6919909908097     
         865  -2089.6167551737226     
         866  -2117.9485170042376     
         867  -2117.0638238339943     
         868  -2141.8525788058146     
         869  -2122.2399225227746     
         870  -2144.4101420544234     
         871  -2158.0010841496928     
         872  -2153.4797520974703     
         873  -2176.9471197330722     
         874  -2156.6220007303241     
         875  -2129.4706643845925     
         876  -2182.1499995893305     
         877  -2174.4274670249333     
         878  -2169.6613569591714     
         879  -2174.2976616053570     
         880  -2157.7191070125518     
         881  -2134.2160587785406     
         882  -2150.5992799793930     
         883  -2168.2422751533800     
         884  -2176.6587646152170     
         885  -2185.6884057844263     
         886  -2116.1680807952334     
         887  -2125.5175962738440     
         888  -2127.5673399916423     
         889  -2100.9082600480801     
         890  -2082.5973577129776     
         891  -2083.2998234021343     
         892  -2085.3956745240753     
         893  -2061.0187772793233     
         894  -2050.8388507120030     
         895  -2052.0744536833508     
         896  -2039.3382469627070     
         897  -2056.1050985529027     
         898  -2040.5680348278411     
         899  -2037.2457357077942     
         900  -2061.8647735879226     
         901  -2040.9771913792817     
         902  -2019.8602194113903     
         903  -2078.6139509563177     
         904  -2092.6841942023734     
         905  -2099.1688766366433     
         906  -2086.5546038903553     
         907  -2063.8296412207437     
         908  -2056.9196174894510     
         909  -2059.8481994054578     
         910  -2061.2696432556372     
         911  -2070.1129594918548     
         912  -2054.3412874462579     
         913  -2046.8213921185691     
         914  -2056.8475755218255     
         915  -2105.2332046226948     
         916  -2062.6656011342502     
         917  -2062.3478340883016     
         918  -2098.5879117646600     
         919  -2081.4247679915120     
         920  -2076.5235096431338     
         921  -2084.3620373926533     
         922  -2087.8649837599846     
         923  -2056.9129877716773     
         924  -2074.3563332269564     
         925  -2077.1792922473164     
         926  -2066.5675657150514     
         927  -2117.8511269700534     
         928  -2105.6630618078793     
         929  -2118.2504450428569     
         930  -2135.7046432859461     
         931  -2112.9320446063980     
         932  -2048.6559741082015     
         933  -2033.9726915208223     
         934  -2064.2541552290259     
         935  -2058.9585514394817     
         936  -2067.6117356134887     
         937  -2105.7520059102303     
         938  -2115.7700366005529     
         939  -2099.7447179227515     
         940  -2132.1536731971496     
         941  -2144.4294403361737     
         942  -2108.4870550960864     
         943  -2125.9739263074107     
         944  -2141.6190566313830     
         945  -2127.9551147062180     
         946  -2149.0758247605086     
         947  -2156.6160133079129     
         948  -2180.9191199492593     
         949  -2150.7631318923095     
         950  -2136.5217717263399     
         951  -2133.0063655392119     
         952  -2127.7079782104861     
         953  -2093.5936162425019     
         954  -2129.5167684890594     
         955  -2103.2369803909287     
         956  -2077.4889668629085     
         957  -2134.3254916604947     
         958  -2141.5650270184219     
         959  -2148.0137508813004     
         960  -2162.5698736635809     
         961  -2149.4491995099847     
         962  -2104.2287427748788     
         963  -2127.8183167721772     
         964  -2149.1276361920332     
         965  -2182.6616920352226     
         966  -2122.2441214850514     
         967  -2134.5641380073366     
         968  -2128.1705552037483     
         969  -2110.4478166941403     
         970  -2134.8714098224368     
         971  -2140.8804878135093     
         972  -2145.5219917237077     
         973  -2146.5212056511496     
         974  -2102.9689507994749     
         975  -2089.5706431385752     
         976  -2099.0641319780020     
         977  -2098.8455619866118     
         978  -2113.3349653563446     
         979  -2110.7948122290964     
         980  -2114.0342468123104     
         981  -2106.9900968644497     
         982  -2112.0593373204497     
         983  -2067.5495179350128     
         984  -2082.8076965797418     
         985  -2116.7892995998864     
         986  -2098.5889015195198     
         987  -2103.0482311850601     
         988  -2122.9902581067859     
         989  -2121.8946734686406     
         990  -2110.9652519451270     
         991  -2092.3257759005055     
         992  -2107.4909777826938     
         993  -2096.3161358324023     
         994  -2122.7565372359286     
         995  -2125.6814944543648     
         996  -2088.8184886615613     
         997  -2073.9270800867926     
         998  -2089.5424321317337     
         999  -2123.7824248746970     
        1000  -2093.2721767900998     
        1001  -2103.6157746786334     
        1002  -2069.4012889572891     
        1003  -2069.1432016148865     
        1004  -2086.2875711939259     
        1005  -2078.7323279621814     
        1006  -2067.5198131280299     
        1007  -2078.1900708689363     
        1008  -2066.3580942010453     
        1009  -2034.7483472492565     
        1010  -2089.4159152783345     
        1011  -2099.5375203410767     
        1012  -2062.2064555547859     
        1013  -2017.1495126580883     
        1014  -2051.1396434520971     
        1015  -2062.2104018980849     
        1016  -2081.3285579998369     
        1017  -2106.6880424892283     
        1018  -2112.6643287048742     
        1019  -2104.0981968717902     
        1020  -2092.6123156730059     
        1021  -2080.7304236172745     
        1022  -2079.0743631820260     
        1023  -2049.7128308247839     
        1024  -2068.8609286837445     
        1025  -2057.8278613913262     
        1026  -2034.5505465812414     
        1027  -2033.9831397070752     
        1028  -2045.3190168918477     
        1029  -2066.7584117279002     
        1030  -2031.8375680686202     
        1031  -2048.8856827320728     
        1032  -2054.4590404613814     
        1033  -2048.3250846599572     
        1034  -2053.9833393564927     
        1035  -2069.7378349789965     
        1036  -2052.3180075038285     
        1037  -2056.3574363716648     
        1038  -2064.1016361172647     
        1039  -2076.7856084665436     
        1040  -2063.9484508939527     
        1041  -2084.7815631759277     
        1042  -2053.8204747000132     
        1043  -2034.4318208288662     
        1044  -2059.2137087644701     
        1045  -2019.5144699163875     
        1046  -1989.1523218717407     
        1047  -2023.9253194000951     
        1048  -2015.0940753356697     
        1049  -2010.5492413427392     
        1050  -2041.8202402202178     
        1051  -2044.4317394214461     
        1052  -2032.0654311764006     
        1053  -2069.3135807628610     
        1054  -2049.5128610554680     
        1055  -2048.0944814417426     
        1056  -2033.3158454913548     
        1057  -2054.5502376224767     
        1058  -2076.1758759963559     
        1059  -2068.2817747686627     
        1060  -2093.6021603327486     
        1061  -2075.6614985295819     
        1062  -2061.0584318651599     
        1063  -2047.3940472746001     
        1064  -2075.6836440178217     
        1065  -2077.7055361158459     
        1066  -2047.2982584217393     
        1067  -2080.3077314177353     
        1068  -2067.0147264585071     
        1069  -2062.3916466993574     
        1070  -2082.9056868502475     
        1071  -2074.4743416552992     
        1072  -2108.3767476965163     
        1073  -2086.7732822752860     
        1074  -2060.6902576507136     
        1075  -2091.0176994318990     
        1076  -2128.3860588744233     
        1077  -2093.2642327621784     
        1078  -2123.6947912715705     
        1079  -2137.5093280529095     
        1080  -2071.8430791167179     
        1081  -2116.9587082873659     
        1082  -2167.9970711741262     
        1083  -2139.1532156655198     
        1084  -2132.0937111062403     
        1085  -2125.5876151900757     
        1086  -2129.2749862975061     
        1087  -2150.3016859398572     
        1088  -2105.8923829800347     
        1089  -2121.7480131375191     
        1090  -2101.5233122202922     
        1091  -2128.0274671699713     
        1092  -2131.5775444913793     
        1093  -2132.8377362984097     
        1094  -2153.0522119408847     
        1095  -2179.8535434291493     
        1096  -2218.7302831899201     
        1097  -2183.9291555481536     
        1098  -2160.9677299541122     
        1099  -2185.6401397747786     
        1100  -2187.9315461510328     
        1101  -2135.0225087939666     
        1102  -2157.5865663560057     
        1103  -2163.0895977999976     
        1104  -2182.6657190259698     
        1105  -2192.5390219171413     
        1106  -2179.1538260984498     
        1107  -2185.0323284856790     
        1108  -2148.1231584872157     
        1109  -2130.6042803713981     
        1110  -2108.8706078790365     
        1111  -2111.8932857725199     
        1112  -2086.3132552083330     
        1113  -2085.4092359231645     
        1114  -2080.4261408015673     
        1115  -2085.5195797917108     
        1116  -2102.6431834786508     
        1117  -2106.0936446604433     
        1118  -2092.6102606495392     
        1119  -2055.6643438845331     
        1120  -2067.1906680360171     
        1121  -2071.5625760291382     
        1122  -2078.6155867282519     
        1123  -2074.8344161842579     
        1124  -2090.0608820795474     
        1125  -2083.3965008732553     
        1126  -2109.8412187616159     
        1127  -2099.1999670825776     
        1128  -2100.1207260278875     
        1129  -2099.3833593688219     
        1130  -2078.8433147635956     
        1131  -2100.4823417339799     
        1132  -2102.0224657287713     
        1133  -2106.2411218469888     
        1134  -2075.2051248396979     
        1135  -2078.0665580434197     
        1136  -2082.3502045508671     
        1137  -2064.4936370102373     
        1138  -2060.3535958682069     
        1139  -2092.8725172162744     
        1140  -2096.8913518861896     
        1141  -2082.8442957064890     
        1142  -2077.5271715176091     
        1143  -2075.5982583152600     
        1144  -2070.9644388506067     
        1145  -2068.6166472555756     
        1146  -2118.5840522411008     
        1147  -2100.5358429615421     
        1148  -2077.4884032598757     
        1149  -2099.3829240692698     
        1150  -2099.5126885349005     
        1151  -2070.1637818551221     
        1152  -2078.0870956016065     
        1153  -2086.0781762947872     
        1154  -2091.7842707721420     
        1155  -2110.3883739470102     
        1156  -2087.7752612336312     
        1157  -2117.7740527823726     
        1158  -2134.3445254731714     
        1159  -2072.3129062240905     
        1160  -2065.5419362328244     
        1161  -2074.7294843766017     
        1162  -2084.9169019048218     
        1163  -2090.3142636758248     
        1164  -2096.2230886551961     
        1165  -2073.5217160984416     
        1166  -2065.5383224072039     
        1167  -2030.5639366099665     
        1168  -2029.0693029926672     
        1169  -2043.6879096007599     
        1170  -2028.2128375470013     
        1171  -2043.5085352069209     
        1172  -2079.6056476556828     
        1173  -2084.0821703484244     
        1174  -2091.1167567309476     
        1175  -2031.7597578729046     
        1176  -2084.6433185769647     
        1177  -2043.3884818388015     
        1178  -2035.8396030342258     
        1179  -2047.3341444936914     
        1180  -2057.2195651548673     
        1181  -2029.3454151883293     
        1182  -2037.4312937495072     
        1183  -2050.7023559665431     
        1184  -2080.0881364939250     
        1185  -2097.7689008818079     
        1186  -2100.3999822129022     
        1187  -2049.5372785305603     
        1188  -2063.0001944314135     
        1189  -2083.9387606124392     
        1190  -2085.9441388163182     
        1191  -2097.5545697292168     
        1192  -2087.6047941984866     
        1193  -2051.3688327391383     
        1194  -2096.2761403229001     
        1195  -2094.7402869731145     
        1196  -2154.2877728120261     
        1197  -2187.5102661266733     
        1198  -2187.6711193948499     
        1199  -2190.6644773168700     
        1200  -2169.0792096481514     
        1201  -2172.2553754670321     
        1202  -2179.0718076231888     
        1203  -2184.1169588443227     
        1204  -2195.3680047709086     
        1205  -2175.9758909248262     
        1206  -2171.9446405229278     
        1207  -2189.3999967994091     
        1208  -2171.1689340145904     
        1209  -2160.7335994338669     
        1210  -2168.3445280980495     
        1211  -2148.4986221496779     
        1212  -2165.2884958529244     
        1213  -2182.5006270230469     
        1214  -2170.6149482924884     
        1215  -2162.0264324190966     
        1216  -2161.3201013857151     
        1217  -2119.9921742167512     
        1218  -2148.3865747393702     
        1219  -2135.3412251082864     
        1220  -2120.5267057191963     
        1221  -2124.3327635794431     
        1222  -2185.6283590816411     
        1223  -2174.4383901806577     
        1224  -2151.8802476929559     
        1225  -2160.4193462456187     
        1226  -2175.6633668278200     
        1227  -2193.9147191693260     
        1228  -2202.2916006882751     
        1229  -2180.6458547760935     
        1230  -2202.4184004127578     
        1231  -2183.1041307225432     
        1232  -2175.8170269936218     
        1233  -2152.1154046270667     
        1234  -2171.7061046890722     
        1235  -2155.6081733870965     
        1236  -2152.5481326311951     
        1237  -2136.5647344707727     
        1238  -2117.6879563076086     
        1239  -2154.0837568033216     
        1240  -2120.3482083407098     
        1241  -2181.2259046415197     
        1242  -2183.7048332773629     
        1243  -2194.2984207550121     
        1244  -2167.8086152587093     
        1245  -2174.9717160206005     
        1246  -2178.4137971277632     
        1247  -2170.7512504571341     
        1248  -2151.0979733175482     
        1249  -2154.9758919630171     
        1250  -2183.5946499573824     
        1251  -2148.3309503603468     
        1252  -2135.4458020927200     
        1253  -2107.6325157383417     
        1254  -2116.0721120523158     
        1255  -2120.7390580333440     
        1256  -2128.3289697801988     
        1257  -2124.6117984614325     
        1258  -2142.0948736228884     
        1259  -2193.8766629154470     
        1260  -2159.9254575243231     
        1261  -2106.5743698681827     
        1262  -2115.2328627359216     
        1263  -2120.9284547330176     
        1264  -2113.0306855582635     
        1265  -2113.4259059279238     
        1266  -2097.5327456246455     
        1267  -2091.8540547196912     
        1268  -2097.2349205497685     
        1269  -2128.4752878954760     
        1270  -2115.5263692917692     
        1271  -2110.6419354580016     
        1272  -2149.9647089484324     
        1273  -2123.7434754749829     
        1274  -2125.0783341532720     
        1275  -2115.3022999621758     
        1276  -2105.0273167927407     
        1277  -2111.6655747299919     
        1278  -2074.6915656524220     
        1279  -2118.4282188517955     
        1280  -2155.2635674788407     
        1281  -2177.3104167525612     
        1282  -2148.9111011687860     
        1283  -2159.7404851584579     
        1284  -2123.6170744345718     
        1285  -2121.6530449779252     
        1286  -2142.4781446095790     
        1287  -2102.4960707119908     
        1288  -2099.2549571519107     
        1289  -2116.2904889716228     
        1290  -2137.3129046425256     
        1291  -2127.1276541991838     
        1292  -2089.8676613732455     
        1293  -2104.1543419204895     
        1294  -2132.4310565748547     
        1295  -2147.8450786641433     
        1296  -2153.2368709801171     
        1297  -2146.7166961583771     
        1298  -2160.1941841011990     
        1299  -2151.6002284783808     
        1300  -2147.3660282578335     
        1301  -2129.7415754554108     
        1302  -2135.8009482289376     
        1303  -2131.9626875440622     
        1304  -2133.0101207302032     
        1305  -2145.7697382289261     
        1306  -2122.7918129194791     
        1307  -2133.3182357707883     
        1308  -2101.7901975442419     
        1309  -2113.6475242582051     
        1310  -2098.3226471750099     
        1311  -2122.5898642040770     
        1312  -2104.5718698407086     
        1313  -2099.1659610522142     
        1314  -2086.0508072975022     
        1315  -2074.2555831773939     
        1316  -2092.0014472007024     
        1317  -2111.7306846123029     
        1318  -2086.2412587253821     
        1319  -2085.3599122592177     
        1320  -2090.1247752393610     
        1321  -2074.2832257344462     
        1322  -2110.5438366124977     
        1323  -2084.9720509275157     
        1324  -2104.5448034374313     
        1325  -2133.9850408274697     
        1326  -2134.1696408195612     
        1327  -2108.5165780940470     
        1328  -2101.6284051802700     
        1329  -2081.6933272027804     
        1330  -2097.8359337877364     
        1331  -2068.3950421801942     
        1332  -2046.4850771273052     
        1333  -2038.9995589409023     
        1334  -2067.3674633387077     
        1335  -2071.4441482280963     
        1336  -2056.8938260649552     
        1337  -2078.9851923330343     
        1338  -2033.8711626919116     
        1339  -2046.1837461650280     
        1340  -2058.1222808392363     
        1341  -2044.2700088645220     
        1342  -2014.7985393212080     
        1343  -2008.0420907133312     
        1344  -1977.9943687019609     
        1345  -2032.2161014293174     
        1346  -2008.5693868734018     
        1347  -2028.1536845530190     
        1348  -1945.9354722273902     
        1349  -1974.5881052934183     
        1350  -1959.9255032055219     
        1351  -1963.3508594835814     
        1352  -1949.5036892494493     
        1353  -1994.0960593533330     
        1354  -1982.7036990902473     
        1355  -2008.9724310787603     
        1356  -2014.5713773095968     
        1357  -2054.0753890731989     
        1358  -2055.7783033848955     
        1359  -2057.6255671843787     
        1360  -2057.9242508558991     
        1361  -2085.7369082334562     
        1362  -2093.7674695465071     
        1363  -2080.0320943813949     
        1364  -2050.4734050406942     
        1365  -2041.8456427927556     
        1366  -2052.3771499558979     
        1367  -2078.7639004997100     
        1368  -2074.8619446292141     
        1369  -2056.5351456406406     
        1370  -2041.1304193866415     
        1371  -2041.2278090044895     
        1372  -2025.1980661475502     
        1373  -2034.9369016719845     
        1374  -2050.0981941590007     
        1375  -2020.7996670924681     
        1376  -2061.0185383380249     
        1377  -2027.7235088326140     
        1378  -2037.9092703249089     
        1379  -2021.6713886772538     
        1380  -2032.7842643802562     
        1381  -2023.3261746209225     
        1382  -2036.6320396734075     
        1383  -2065.7525703268298     
        1384  -2061.1750096289320     
        1385  -2094.4995569546913     
        1386  -2109.5808985255539     
        1387  -2095.0678911069258     
        1388  -2105.6542082181422     
        1389  -2101.6362384088443     
        1390  -2103.5494006464437     
        1391  -2112.2668162362879     
        1392  -2133.2212295954569     
        1393  -2140.5531206909413     
        1394  -2095.4362818511559     
        1395  -2153.9116463983355     
        1396  -2193.6798163086801     
        1397  -2190.2342400352486     
        1398  -2191.7801493979655     
        1399  -2206.1020182101024     
        1400  -2197.4219136401075     
        1401  -2194.5634859026518     
        1402  -2199.4960929964386     
        1403  -2183.3023951523605     
        1404  -2206.7347654817795     
        1405  -2228.6961805041742     
        1406  -2232.9734739119085     
        1407  -2223.7888867290885     
        1408  -2227.7658672553857     
        1409  -2191.1035007830383     
        1410  -2193.7299453201035     
        1411  -2202.6729371841020     
        1412  -2213.3620597905078     
        1413  -2218.1192102575274     
        1414  -2268.7556304991663     
        1415  -2257.4688570989410     
        1416  -2226.2041008859555     
        1417  -2223.4778047908621     
        1418  -2233.8741774264131     
        1419  -2212.3009721164044     
        1420  -2197.7715216521992     
        1421  -2209.2561383384859     
        1422  -2237.5300220197369     
        1423  -2204.7729111778649     
        1424  -2215.0992629992329     
        1425  -2187.0872990627990     
        1426  -2197.2091707724389     
        1427  -2202.5394008458079     
        1428  -2206.5276059973457     
        1429  -2221.8075749461409     
        1430  -2236.1979619937265     
        1431  -2218.5013876534263     
        1432  -2197.2858484253152     
        1433  -2217.7137364167165     
        1434  -2210.7716769085596     
        1435  -2220.1351619549919     
        1436  -2232.2270511726397     
        1437  -2220.6234813364495     
        1438  -2213.0525672303443     
        1439  -2195.2455562362293     
        1440  -2231.1657904109702     
        1441  -2206.5592707448345     
        1442  -2233.5749726087010     
        1443  -2151.4544966302924     
        1444  -2195.3880761211622     
        1445  -2192.2396998592553     
        1446  -2220.7503703126281     
        1447  -2209.5641816515149     
        1448  -2213.1995270610169     
        1449  -2191.9275913746742     
        1450  -2188.7471051326770     
        1451  -2191.7521643007262     
        1452  -2176.0859700538854     
        1453  -2106.8264695855883     
        1454  -2093.8680431168768     
        1455  -2142.9806359757158     
        1456  -2151.3020785675799     
        1457  -2132.9362918487445     
        1458  -2118.4531507911420     
        1459  -2123.2509195853954     
        1460  -2126.5495162748903     
        1461  -2166.8853990960652     
        1462  -2133.3367978100819     
        1463  -2126.2970852524554     
        1464  -2129.1650032210082     
        1465  -2110.4980847322508     
        1466  -2134.1478906356720     
        1467  -2151.8439183890282     
        1468  -2155.8803199298832     
        1469  -2129.3085023225403     
        1470  -2127.2228939785500     
        1471  -2112.1682391021459     
        1472  -2129.9949661350138     
        1473  -2143.1633501946058     
        1474  -2152.2852703410176     
        1475  -2129.1034440596504     
        1476  -2109.2969590840135     
        1477  -2127.6472767922673     
        1478  -2125.7291067636179     
        1479  -2134.1355443066018     
        1480  -2140.3533795746289     
        1481  -2141.9898635090003     
        1482  -2153.9516514974607     
        1483  -2164.2698823588539     
        1484  -2151.1894245127905     
        1485  -2161.1052797367975     
        1486  -2190.0994099891818     
        1487  -2146.9485089852196     
        1488  -2169.4107920784586     
        1489  -2149.0367475734311     
        1490  -2167.0799666087532     
        1491  -2126.9205381475122     
        1492  -2127.0779117180246     
        1493  -2140.9678542043357     
        1494  -2137.8360319649119     
        1495  -2137.9740541355868     
        1496  -2147.2054596307612     
        1497  -2129.5595490033857     
        1498  -2112.0720620413294     
        1499  -2139.8040707785267     
        1500  -2133.0589156599258     
        1501  -2133.7244685996006     
        1502  -2125.1590757699551     
        1503  -2155.3738624140901     
        1504  -2108.5939289966859     
        1505  -2110.5513164989943     
        1506  -2150.7397914547169     
        1507  -2171.4625107319698     
        1508  -2170.7025240048001     
        1509  -2179.7126885286484     
        1510  -2160.0994980850519     
        1511  -2154.4330345757107     
        1512  -2125.5427539846673     
        1513  -2125.5338596133970     
        1514  -2083.7219618168297     
        1515  -2098.1940157575245     
        1516  -2113.8789063667991     
        1517  -2152.6492849947845     
        1518  -2139.1802752792514     
        1519  -2136.7987019197617     
        1520  -2154.0831170679162     
        1521  -2115.4166047399167     
        1522  -2103.8378568701050     
        1523  -2117.6491868546864     
        1524  -2126.8356364718052     
        1525  -2108.7515208974905     
        1526  -2111.4864797114815     
        1527  -2099.8611306283783     
        1528  -2067.4917172264813     
        1529  -2109.7163109855364     
        1530  -2133.6824188273017     
        1531  -2124.3816132748184     
        1532  -2134.4670694748129     
        1533  -2149.2259287877591     
        1534  -2149.6738706149185     
        1535  -2110.3520296970614     
        1536  -2159.1916897673741     
        1537  -2173.0833639974767     
        1538  -2207.1020904743691     
        1539  -2194.3778868510744     
        1540  -2165.2835203804625     
        1541  -2182.2736735530311     
        1542  -2182.7298594577260     
        1543  -2184.7529742418283     
        1544  -2170.7937616882791     
        1545  -2174.6263198564056     
        1546  -2143.1337812806046     
        1547  -2138.6991235850828     
        1548  -2119.2586367720533     
        1549  -2138.6576494068568     
        1550  -2140.0920914707731     
        1551  -2125.1850812633579     
        1552  -2139.5225800089183     
        1553  -2169.9160449751043     
        1554  -2161.2669755231796     
        1555  -2157.6334085228214     
        1556  -2121.2394645922118     
        1557  -2162.3701428452819     
        1558  -2164.4535022193350     
        1559  -2170.1284693566308     
        1560  -2135.2968669896159     
        1561  -2130.6174294431726     
        1562  -2128.8700060591618     
        1563  -2158.8379278240263     
        1564  -2139.6660968857705     
        1565  -2134.4568054763022     
        1566  -2136.3166044163895     
        1567  -2139.8126199622975     
        1568  -2155.1132275790328     
        1569  -2180.5826646664914     
        1570  -2161.3313614897706     
        1571  -2149.3271537317387     
        1572  -2161.1456718561994     
        1573  -2159.5912422053311     
        1574  -2143.2417109389653     
        1575  -2175.8399179769863     
        1576  -2196.4267012253613     
        1577  -2153.9091564338278     
        1578  -2154.1749912700957     
        1579  -2189.2138271199133     
        1580  -2157.0263040482027     
        1581  -2127.3497656462400     
        1582  -2111.7166557890632     
        1583  -2141.1771393837694     
        1584  -2145.6361528064908     
        1585  -2125.5127511988871     
        1586  -2147.0892794432784     
        1587  -2087.1487545854534     
        1588  -2116.5390139885617     
        1589  -2110.0148033711912     
        1590  -2150.5747679577253     
        1591  -2174.7580877114797     
        1592  -2125.5582765831518     
        1593  -2156.5164400968506     
        1594  -2177.6911880088287     
        1595  -2132.6726018424429     
        1596  -2194.6853538109967     
        1597  -2181.6692876077982     
        1598  -2183.8840954134484     
        1599  -2210.1430121862154     
        1600  -2193.9848361407539     
        1601  -2163.3230685923777     
        1602  -2193.6565093318627     
        1603  -2162.2426171451689     
        1604  -2187.9113058165722     
        1605  -2180.7225246280263     
        1606  -2212.9559727852588     
        1607  -2164.7396388441575     
        1608  -2153.5804516812959     
        1609  -2156.0167315628455     
        1610  -2158.1767208496922     
        1611  -2172.3370436462233     
        1612  -2132.4039334719400     
        1613  -2202.5319037851850     
        1614  -2186.1663199935369     
        1615  -2210.2486773936448     
        1616  -2205.1281023586052     
        1617  -2190.5517545953312     
        1618  -2163.6493867851659     
        1619  -2148.4061924771540     
        1620  -2166.4265245486035     
        1621  -2200.8827834880035     
        1622  -2215.2987114390176     
        1623  -2178.0092581851677     
        1624  -2157.3566205141260     
        1625  -2185.2726125631284     
        1626  -2139.1808834713261     
        1627  -2154.9077459261348     
        1628  -2143.2802530484032     
        1629  -2167.7586162088642     
        1630  -2202.4198073255807     
        1631  -2203.9717779528137     
        1632  -2186.4095486230012     
        1633  -2188.9505701696467     
        1634  -2187.3221562661151     
        1635  -2171.0411599766539     
        1636  -2169.7999882921986     
        1637  -2163.1390685990777     
        1638  -2167.5932023760952     
        1639  -2152.5106009793062     
        1640  -2136.1830074237359     
        1641  -2119.7450393749018     
        1642  -2124.5544937756590     
        1643  -2138.7373696481732     
        1644  -2167.1178409424429     
        1645  -2148.7938642053819     
        1646  -2193.0776958787715     
        1647  -2150.5390378301772     
        1648  -2128.8575933487032     
        1649  -2136.6924605593108     
        1650  -2134.0249329455251     
        1651  -2131.1499061852196     
        1652  -2116.7306782679325     
        1653  -2134.9480610132482     
        1654  -2140.9885464957611     
        1655  -2152.9251664498333     
        1656  -2128.3049362771180     
        1657  -2127.7173206415523     
        1658  -2136.4251242211412     
        1659  -2154.6284584990126     
        1660  -2099.5777757347882     
        1661  -2119.7570821787781     
        1662  -2145.2228566175509     
        1663  -2149.0670457293463     
        1664  -2163.0892016581893     
        1665  -2188.6859160182375     
        1666  -2145.9095607584477     
        1667  -2175.6775820243715     
        1668  -2137.0104416650456     
        1669  -2161.2588034683690     
        1670  -2132.0040690996416     
        1671  -2147.7734011318039     
        1672  -2162.2374479522118     
        1673  -2157.7436084527581     
        1674  -2162.3840981746021     
        1675  -2208.4669229123047     
        1676  -2171.9275366648503     
        1677  -2178.5028605674879     
        1678  -2217.0737180617757     
        1679  -2221.1746523938014     
        1680  -2189.1154675001922     
        1681  -2211.5532969461697     
        1682  -2232.8372854003396     
        1683  -2199.2357541664860     
        1684  -2190.6651529021019     
        1685  -2153.9773987694307     
        1686  -2145.7632047366524     
        1687  -2154.0509179454598     
        1688  -2172.1931949861719     
        1689  -2150.2138941521116     
        1690  -2162.9256600055437     
        1691  -2150.5498654436569     
        1692  -2157.9042106860074     
        1693  -2171.2600740251432     
        1694  -2180.4561333238312     
        1695  -2138.6281465698930     
        1696  -2137.1745672199627     
        1697  -2166.8099621690480     
        1698  -2183.2546280989877     
        1699  -2131.6546733455571     
        1700  -2129.1620713963498     
        1701  -2159.9356263179125     
        1702  -2189.2153023031833     
        1703  -2198.8368444416378     
        1704  -2199.2849076383641     
        1705  -2182.8434996996552     
        1706  -2196.7205001271896     
        1707  -2160.3986074012719     
        1708  -2190.2107229506714     
        1709  -2184.9663220236366     
        1710  -2202.6927934269156     
        1711  -2174.6766524607456     
        1712  -2169.8321125179041     
        1713  -2152.5037206410534     
        1714  -2149.9205436743455     
        1715  -2151.3057611487843     
        1716  -2155.4533513451643     
        1717  -2146.5341089848462     
        1718  -2140.5838734172071     
        1719  -2133.2704881573213     
        1720  -2142.2815195485728     
        1721  -2138.2206724422567     
        1722  -2168.3047264142888     
        1723  -2157.1556722923146     
        1724  -2186.2668358149422     
        1725  -2167.3336003016989     
        1726  -2132.4505010952471     
        1727  -2156.8354070846926     
        1728  -2170.8241474483902     
        1729  -2210.5822420562195     
        1730  -2200.3405582196724     
        1731  -2188.2176648809973     
        1732  -2159.5767761144975     
        1733  -2141.0953401163815     
        1734  -2111.3435171123665     
        1735  -2160.4935477925214     
        1736  -2130.4989865295352     
        1737  -2161.2364644108170     
        1738  -2161.9457345953897     
        1739  -2166.6875298855452     
        1740  -2154.9965985686326     
        1741  -2183.5769905867287     
        1742  -2184.6213480438246     
        1743  -2209.8116700734195     
        1744  -2119.6452705014249     
        1745  -2115.3168497827442     
        1746  -2165.5796600091362     
        1747  -2143.3759198087128     
        1748  -2152.1321460863342     
        1749  -2164.9733991286234     
        1750  -2153.8004503880388     
        1751  -2106.5762726320954     
        1752  -2105.5443028278060     
        1753  -2111.0789468793078     
        1754  -2100.2724925454872     
        1755  -2119.1516830956716     
        1756  -2125.2767275856468     
        1757  -2098.1245373571624     
        1758  -2105.9038100852217     
        1759  -2119.0476326430212     
        1760  -2133.1279884028822     
        1761  -2117.1561961307389     
        1762  -2105.2185755560090     
        1763  -2158.1513051473530     
        1764  -2100.4049225091344     
        1765  -2111.0000885617819     
        1766  -2108.7874031740189     
        1767  -2109.7697426410004     
        1768  -2132.1694074453626     
        1769  -2143.8827784195878     
        1770  -2177.2485311062287     
        1771  -2154.7067413297582     
        1772  -2110.0687907014826     
        1773  -2140.4807945258126     
        1774  -2129.5025112849212     
        1775  -2132.3280011126553     
        1776  -2119.2992104593914     
        1777  -2096.0661837402949     
        1778  -2102.3171395152567     
        1779  -2133.4813184212539     
        1780  -2114.5917109919483     
        1781  -2106.6175724187806     
        1782  -2157.5041918765805     
        1783  -2131.3921130675963     
        1784  -2161.8811566569107     
        1785  -2171.2361511730901     
        1786  -2198.3120259298644     
        1787  -2173.5098162908725     
        1788  -2172.1806402988514     
        1789  -2172.4445599358360     
        1790  -2175.5392491600087     
        1791  -2159.2226866286724     
        1792  -2195.5546400196381     
        1793  -2163.8567565877452     
        1794  -2190.6753376856195     
        1795  -2197.8707266150750     
        1796  -2189.2824025969585     
        1797  -2194.8437242236605     
        1798  -2188.7388101627653     
        1799  -2146.4995662598194     
        1800  -2150.5309129020457     
        1801  -2170.6735145371185     
        1802  -2215.9368209195909     
        1803  -2173.7566706372772     
        1804  -2167.7079475315904     
        1805  -2152.0138134740678     
        1806  -2152.6682952685719     
        1807  -2161.7687399564343     
        1808  -2166.1635007603863     
        1809  -2142.8930372042623     
        1810  -2141.8286466402255     
        1811  -2185.4219459943506     
        1812  -2188.9959352505521     
        1813  -2144.2261580077911     
        1814  -2146.9734812518800     
        1815  -2103.8143837279877     
        1816  -2126.4045286416499     
        1817  -2144.7797915528686     
        1818  -2157.9999344441630     
        1819  -2148.5154204642631     
        1820  -2139.0225532763529     
        1821  -2121.5804282995155     
        1822  -2137.8175521773787     
        1823  -2115.1149350255241     
        1824  -2147.6578795873861     
        1825  -2151.3115749101376     
        1826  -2166.0365353418647     
        1827  -2173.2920101839013     
        1828  -2140.0114175398398     
        1829  -2137.3520575757439     
        1830  -2181.5150228696352     
        1831  -2217.3652362429098     
        1832  -2185.9568747521980     
        1833  -2132.9004866242112     
        1834  -2156.4267921019482     
        1835  -2158.8862666573518     
        1836  -2148.2644424984487     
        1837  -2124.2731264375916     
        1838  -2141.4156464717125     
        1839  -2121.1979845765773     
        1840  -2146.4240846445859     
        1841  -2200.0498849132455     
        1842  -2193.4813088527371     
        1843  -2147.5976139228378     
        1844  -2133.4508278654885     
        1845  -2131.0201616164704     
        1846  -2108.9926950610329     
        1847  -2165.5425620164556     
        1848  -2186.5016211020734     
        1849  -2185.8540877265555     
        1850  -2175.9071916206763     
        1851  -2161.4881595555694     
        1852  -2141.5851442974476     
        1853  -2145.7299584375173     
        1854  -2145.3636775178261     
        1855  -2188.6796427607846     
        1856  -2147.2666653220513     
        1857  -2169.6957233851931     
        1858  -2164.9848170071841     
        1859  -2148.6167443780878     
        1860  -2123.3396443109959     
        1861  -2101.3634189025333     
        1862  -2130.3310910333062     
        1863  -2116.7199200022724     
        1864  -2074.4370747549788     
        1865  -2081.0339127168681     
        1866  -2102.5842083541097     
        1867  -2084.8530920221442     
        1868  -2098.5120729526943     
        1869  -2150.2852267931848     
        1870  -2102.5856864847437     
        1871  -2084.6821071858203     
        1872  -2092.5931784804147     
        1873  -2129.8911446654770     
        1874  -2127.4064263483815     
        1875  -2120.5897559367286     
        1876  -2141.0434026669786     
        1877  -2141.5196249249216     
        1878  -2120.5236067719729     
        1879  -2117.0717640767680     
        1880  -2154.6518403779951     
        1881  -2150.2885700070810     
        1882  -2140.3674268014984     
        1883  -2175.9464209772900     
        1884  -2147.1041471562021     
        1885  -2153.5406860817056     
        1886  -2103.9779761847985     
        1887  -2083.5934345718306     
        1888  -2060.9716374907007     
        1889  -2078.6574601543543     
        1890  -2122.7507540113347     
        1891  -2115.7752592752581     
        1892  -2140.2600804175659     
        1893  -2110.0363816969079     
        1894  -2119.6779832143211     
        1895  -2110.4906355637809     
        1896  -2052.3286426310506     
        1897  -2065.1304109791695     
        1898  -2048.1234283886934     
        1899  -2073.3666876831780     
        1900  -2076.7490161065316     
        1901  -2121.2824140840830     
        1902  -2085.9735548793933     
        1903  -2120.3967859485911     
        1904  -2116.8608691888458     
        1905  -2139.2391589950389     
        1906  -2127.5867973736067     
        1907  -2095.3586683358712     
        1908  -2069.1225814984891     
        1909  -2079.8729678444038     
        1910  -2072.6018763018569     
        1911  -2098.1897979140117     
        1912  -2088.7255501642903     
        1913  -2111.9078255359168     
        1914  -2122.8475668915726     
        1915  -2109.5450732027039     
        1916  -2084.5178612935069     
        1917  -2115.7195543186208     
        1918  -2112.2309125142319     
        1919  -2134.1684663306096     
        1920  -2114.6557472499767     
        1921  -2128.6888618405560     
        1922  -2104.5049193525974     
        1923  -2116.8094836700980     
        1924  -2114.5699630837862     
        1925  -2115.3853566526495     
        1926  -2126.1201899065572     
        1927  -2117.6098692739592     
        1928  -2130.2736326635359     
        1929  -2132.7208432085408     
        1930  -2106.2824083844862     
        1931  -2069.9114403200570     
        1932  -2068.0779592401041     
        1933  -2084.9485485288769     
        1934  -2078.1997792736211     
        1935  -2078.6232110716433     
        1936  -2131.6499487820493     
        1937  -2144.9325989829908     
        1938  -2095.2819451026571     
        1939  -2103.5889470144057     
        1940  -2113.1881709274107     
        1941  -2086.3605917690825     
        1942  -2102.6797616874951     
        1943  -2087.3934221220952     
        1944  -2073.3946181899596     
        1945  -2051.6388672052599     
        1946  -2053.5902432037528     
        1947  -2091.0764526765224     
        1948  -2115.7150579422600     
        1949  -2127.1608737189376     
        1950  -2102.9226040326607     
        1951  -2121.0104397850573     
        1952  -2130.0998502245493     
        1953  -2106.4411494348860     
        1954  -2107.1313848035202     
        1955  -2132.0228097463532     
        1956  -2122.5585055876008     
        1957  -2120.9956964592238     
        1958  -2132.6475606131635     
        1959  -2169.3797551850239     
        1960  -2163.9326285821871     
        1961  -2142.3240667320702     
        1962  -2138.2450120910489     
        1963  -2126.1033837573455     
        1964  -2128.2739931015235     
        1965  -2107.7447074780439     
        1966  -2135.0605543290835     
        1967  -2147.1804397395103     
        1968  -2149.4318220224486     
        1969  -2172.9887013848479     
        1970  -2159.2773923023501     
        1971  -2191.5814474473218     
        1972  -2148.3911646755682     
        1973  -2182.8770077958393     
        1974  -2165.6913379169496     
        1975  -2158.9501790475638     
        1976  -2150.4537023359908     
        1977  -2155.4360527077606     
        1978  -2160.7213556185798     
        1979  -2141.5018585717457     
        1980  -2133.2136299602284     
        1981  -2126.3204150910005     
        1982  -2122.3730061608885     
        1983  -2144.3883800526505     
        1984  -2146.9204139782046     
        1985  -2134.0735232701586     
        1986  -2127.9742577909392     
        1987  -2125.1809904150323     
        1988  -2147.7406916507857     
        1989  -2128.1430372179384     
        1990  -2130.7400128111171     
        1991  -2129.3970710096987     
        1992  -2119.3235500293745     
        1993  -2118.1503979796112     
        1994  -2113.2602098493658     
        1995  -2122.3948564006751     
        1996  -2151.4418160073997     
        1997  -2129.9971408595725     
        1998  -2102.0069163281537     
        1999  -2119.2970076147162     
        2000  -2095.3378669160811     
