 SAMPLE,  ENERGY
           1  -2547.9692733433026     
           2  -2548.1571536787451     
           3  -2574.2557885812421     
           4  -2557.2164975477940     
           5  -2554.5152173938272     
           6  -2552.3932269774414     
           7  -2518.9064260157197     
           8  -2510.6236160051494     
           9  -2540.4583462182636     
          10  -2513.9748653652096     
          11  -2510.2828634383604     
          12  -2486.0859281061175     
          13  -2511.5059843958993     
          14  -2476.5828199503521     
          15  -2526.4661492088899     
          16  -2496.5744119626265     
          17  -2494.2592607439346     
          18  -2519.6245131984633     
          19  -2473.4088210588684     
          20  -2501.7383610117681     
          21  -2455.4207910486948     
          22  -2447.2287832243792     
          23  -2423.8328253360610     
          24  -2441.3779662010165     
          25  -2444.8832185895803     
          26  -2442.0164018873038     
          27  -2446.1385313318797     
          28  -2444.1158293939570     
          29  -2447.6669312538897     
          30  -2462.3295130425504     
          31  -2464.7649407396530     
          32  -2496.8890193475268     
          33  -2487.3755700273823     
          34  -2454.3678325493797     
          35  -2487.6527256617201     
          36  -2503.8222589446291     
          37  -2477.5677135208484     
          38  -2509.4122984837372     
          39  -2534.9072940106057     
          40  -2507.6491676980404     
          41  -2502.5139170745365     
          42  -2470.2230409139797     
          43  -2487.5203111206833     
          44  -2467.2554352726083     
          45  -2471.2758620795653     
          46  -2475.8872356581360     
          47  -2494.2704064077761     
          48  -2507.8098781334479     
          49  -2528.4437350458302     
          50  -2495.0561493525356     
          51  -2504.1592579366161     
          52  -2472.1878532885357     
          53  -2490.8163963823181     
          54  -2499.2417126136056     
          55  -2449.7873581346230     
          56  -2485.3692938579134     
          57  -2517.3855221485446     
          58  -2474.4107831645424     
          59  -2473.3460791120506     
          60  -2493.4716129545286     
          61  -2507.5654704099406     
          62  -2518.0915040757100     
          63  -2524.0508847066362     
          64  -2489.8890826878446     
          65  -2518.6270885892686     
          66  -2511.6477504382460     
          67  -2488.8189765301254     
          68  -2470.7816933189338     
          69  -2493.4755171668944     
          70  -2468.9162303883636     
          71  -2456.9351249097740     
          72  -2412.2927201412654     
          73  -2490.9005855929672     
          74  -2478.7025721312170     
          75  -2502.2406207467438     
          76  -2454.7677567257388     
          77  -2458.0139550328904     
          78  -2491.2956777483309     
          79  -2475.7922326235466     
          80  -2461.1485715966423     
          81  -2425.0962555320662     
          82  -2470.4153248051039     
          83  -2458.2782181948542     
          84  -2414.3395252045066     
          85  -2482.6683461204593     
          86  -2486.7820122244111     
          87  -2455.2885216716058     
          88  -2480.4525820403310     
          89  -2468.4295338982356     
          90  -2470.7097615712578     
          91  -2478.7575511165746     
          92  -2519.2829021199600     
          93  -2511.5142571830706     
          94  -2494.3011938044560     
          95  -2518.9387637044319     
          96  -2517.0342849404578     
          97  -2497.4987867225100     
          98  -2458.1957044617116     
          99  -2470.5529815088767     
         100  -2458.3365504963022     
         101  -2452.3315854239663     
         102  -2409.7731395065534     
         103  -2409.5541117798375     
         104  -2425.4770912798826     
         105  -2432.9487304618192     
         106  -2459.8996812886617     
         107  -2487.1923972366567     
         108  -2520.3405665697323     
         109  -2511.8031790567925     
         110  -2487.4436091262728     
         111  -2435.1243438495226     
         112  -2458.1943304753654     
         113  -2410.2565053944850     
         114  -2428.8020858407635     
         115  -2408.0970326750739     
         116  -2404.7146905781133     
         117  -2389.2361248579741     
         118  -2443.7065494128919     
         119  -2406.7442498341275     
         120  -2431.1580129151725     
         121  -2443.8824321332654     
         122  -2445.9480014684168     
         123  -2477.4215012527975     
         124  -2433.8791402621828     
         125  -2380.3039017119800     
         126  -2419.8153760973391     
         127  -2389.4695207885097     
         128  -2411.6656761219615     
         129  -2437.6450307873993     
         130  -2448.3237397357616     
         131  -2495.2414836801122     
         132  -2456.9838763853886     
         133  -2457.9995867909861     
         134  -2480.1912231432789     
         135  -2489.5390220491745     
         136  -2514.8885200152545     
         137  -2451.1924599259601     
         138  -2379.6267920500190     
         139  -2359.6301355826695     
         140  -2414.7692173945688     
         141  -2392.7075066326561     
         142  -2392.0506540970582     
         143  -2422.1811687340291     
         144  -2439.7829973888847     
         145  -2420.6615527462450     
         146  -2439.0688297956331     
         147  -2393.7442570361727     
         148  -2375.0178174414086     
         149  -2389.9446381006642     
         150  -2402.0511636002384     
         151  -2409.8819850236491     
         152  -2388.6503493042123     
         153  -2386.1806955131065     
         154  -2402.5920937456567     
         155  -2379.0382759233057     
         156  -2433.2479542510723     
         157  -2443.6467468107912     
         158  -2422.7456425522655     
         159  -2378.8556880349865     
         160  -2379.3488815100341     
         161  -2442.4863162011616     
         162  -2402.6006745910408     
         163  -2377.4576071865363     
         164  -2432.8098370419339     
         165  -2451.5178453887675     
         166  -2395.9894635769951     
         167  -2443.1919180682921     
         168  -2416.7787982023206     
         169  -2477.7891482605246     
         170  -2465.7018529576249     
         171  -2456.8814993390524     
         172  -2456.5972751031695     
         173  -2495.0841049585952     
         174  -2441.1684803903336     
         175  -2423.2100766722101     
         176  -2475.0771525112173     
         177  -2467.6673324599878     
         178  -2484.0399837693999     
         179  -2498.2532016426076     
         180  -2534.5344470311452     
         181  -2545.2109129655128     
         182  -2482.4515655430127     
         183  -2488.1848730335155     
         184  -2468.7618465410669     
         185  -2469.4181008126111     
         186  -2438.0141901999486     
         187  -2409.2401789303244     
         188  -2418.8311254257919     
         189  -2424.7509694788196     
         190  -2434.9049293704520     
         191  -2423.9856293830471     
         192  -2394.1916034562205     
         193  -2447.7574070842829     
         194  -2478.1548253779670     
         195  -2512.9295032209557     
         196  -2454.8885059631170     
         197  -2444.3613497839847     
         198  -2464.0359000613134     
         199  -2459.7584269304530     
         200  -2460.4665704540075     
         201  -2475.7763779160050     
         202  -2484.0187137890339     
         203  -2397.7964829929920     
         204  -2371.4184389278716     
         205  -2379.1109414812076     
         206  -2433.6267970161134     
         207  -2399.3010444286183     
         208  -2454.8254746522871     
         209  -2456.9667438511055     
         210  -2458.6823329857530     
         211  -2415.4463780591509     
         212  -2465.4427640078825     
         213  -2449.3477576447667     
         214  -2447.3275881553723     
         215  -2447.6168099228621     
         216  -2443.6381193534107     
         217  -2453.6248026037679     
         218  -2428.0832425789158     
         219  -2447.6683465918386     
         220  -2471.0145605206731     
         221  -2495.7237749240144     
         222  -2508.9622798821115     
         223  -2498.4657809549585     
         224  -2459.8243014828176     
         225  -2486.7719150985704     
         226  -2457.4186735252074     
         227  -2493.6647942521008     
         228  -2479.7375761592484     
         229  -2497.6865043343964     
         230  -2464.8603816409277     
         231  -2423.2675133383877     
         232  -2467.7856432035833     
         233  -2487.8420721864854     
         234  -2434.8388346822512     
         235  -2485.1062108457763     
         236  -2521.5801618582896     
         237  -2495.0298473892994     
         238  -2490.5635621639003     
         239  -2460.6804726857195     
         240  -2466.0569607029124     
         241  -2444.2600665787386     
         242  -2449.3540028642910     
         243  -2489.3516082605634     
         244  -2484.5797843475552     
         245  -2518.9811479783089     
         246  -2479.9939042144297     
         247  -2465.5670858385356     
         248  -2479.8982572330328     
         249  -2444.0829648498138     
         250  -2456.3826711740580     
         251  -2454.4320282419417     
         252  -2466.4300392887008     
         253  -2439.8187736144300     
         254  -2465.2331481150532     
         255  -2452.3912869701762     
         256  -2459.5200084914668     
         257  -2452.4902560615806     
         258  -2414.9801778592146     
         259  -2446.0549793217037     
         260  -2511.0998620229661     
         261  -2531.7137343952245     
         262  -2550.6589981293332     
         263  -2521.8200473444895     
         264  -2501.3628526047573     
         265  -2470.9316879398930     
         266  -2471.4289665999786     
         267  -2485.6322189272623     
         268  -2444.5712023806836     
         269  -2435.3284633633116     
         270  -2396.9188640074999     
         271  -2423.3733785960844     
         272  -2442.5590446998226     
         273  -2468.6825333086845     
         274  -2462.7680861308781     
         275  -2519.5449594411575     
         276  -2529.0362431238450     
         277  -2519.6300839960518     
         278  -2493.4118027628278     
         279  -2483.0583808890569     
         280  -2520.3771272361355     
         281  -2467.8709228503503     
         282  -2472.3296569695012     
         283  -2473.5354221273283     
         284  -2451.6414849466182     
         285  -2480.1903958435314     
         286  -2490.6280976959843     
         287  -2513.1759213308706     
         288  -2473.8232884790445     
         289  -2489.3064796559383     
         290  -2435.5496830670695     
         291  -2426.7473924722331     
         292  -2449.1198059460171     
         293  -2426.2884973296336     
         294  -2478.5158586452403     
         295  -2457.4887088921009     
         296  -2443.4117300442704     
         297  -2379.9633724808482     
         298  -2439.1380846076390     
         299  -2373.8394770956511     
         300  -2424.2013648084157     
         301  -2410.9384563013909     
         302  -2425.3955647463486     
         303  -2483.3902413764222     
         304  -2393.9957705286329     
         305  -2404.3096342161630     
         306  -2383.5954179455866     
         307  -2410.2190187066381     
         308  -2421.6943580628531     
         309  -2400.3792037520711     
         310  -2446.6015860291436     
         311  -2464.9524946365041     
         312  -2502.5619437701421     
         313  -2459.7439072609350     
         314  -2467.6020423988016     
         315  -2468.7795059480545     
         316  -2491.8941566874796     
         317  -2508.8524911819932     
         318  -2506.0663287382868     
         319  -2499.3549830540715     
         320  -2508.4314510590484     
         321  -2473.6189136867733     
         322  -2445.1550662551058     
         323  -2436.9105289917752     
         324  -2485.9105051996844     
         325  -2509.4080891580725     
         326  -2519.4909347616563     
         327  -2515.2421297231285     
         328  -2523.0329646934829     
         329  -2507.0559061051422     
         330  -2530.2034807851123     
         331  -2481.9967114541701     
         332  -2447.1795882920078     
         333  -2441.0920610754861     
         334  -2491.5761377407980     
         335  -2488.1735989840913     
         336  -2483.4564077843129     
         337  -2418.6535863875606     
         338  -2461.1864366381292     
         339  -2478.1047838042723     
         340  -2460.5731180858038     
         341  -2477.3950552972865     
         342  -2442.4219608548201     
         343  -2451.2951496952910     
         344  -2456.7192717094972     
         345  -2468.2538658522153     
         346  -2471.8461780374273     
         347  -2472.8471145180192     
         348  -2467.4226364287451     
         349  -2453.6872514489696     
         350  -2504.0193435114656     
         351  -2517.0715679138234     
         352  -2460.3188741900303     
         353  -2464.2989916506149     
         354  -2536.8864204410311     
         355  -2543.8828966925212     
         356  -2520.5167427253696     
         357  -2524.7301643124674     
         358  -2491.4221562509952     
         359  -2504.1023724659522     
         360  -2463.7173198840501     
         361  -2463.7684694355062     
         362  -2447.3383886990555     
         363  -2457.1420102462257     
         364  -2472.3851219938483     
         365  -2494.4187007648120     
         366  -2488.5241990322852     
         367  -2435.2351431535276     
         368  -2457.7264758501265     
         369  -2501.0495937400101     
         370  -2488.5146246951917     
         371  -2491.9890003667333     
         372  -2513.6156285861798     
         373  -2486.6194625425978     
         374  -2481.7956493029724     
         375  -2475.1197956065321     
         376  -2455.3762531080502     
         377  -2452.8521597589615     
         378  -2490.9348881791498     
         379  -2469.9802765737118     
         380  -2454.8073102206663     
         381  -2450.7840663443808     
         382  -2514.3371576787299     
         383  -2494.7803040604795     
         384  -2453.2572199454453     
         385  -2442.4825292216597     
         386  -2448.8252841398039     
         387  -2458.8968582729881     
         388  -2447.7568392497142     
         389  -2513.7310621833540     
         390  -2493.8292127830800     
         391  -2483.9944146771127     
         392  -2448.9748521646957     
         393  -2424.9467982189326     
         394  -2478.5526914690004     
         395  -2473.1139706538534     
         396  -2485.2896064464526     
         397  -2485.1917863818016     
         398  -2424.0277876412742     
         399  -2405.3413182060362     
         400  -2421.8547151136750     
         401  -2452.4947854414586     
         402  -2457.9990870624092     
         403  -2489.9491247702695     
         404  -2472.9984523066319     
         405  -2471.5780062062267     
         406  -2438.3208156948463     
         407  -2439.7724212593371     
         408  -2446.0150279239429     
         409  -2442.2076115943819     
         410  -2469.0750660733866     
         411  -2496.3021189277738     
         412  -2439.7745758205638     
         413  -2420.0126019032291     
         414  -2395.3124011403752     
         415  -2357.3432716806446     
         416  -2406.5420064234077     
         417  -2428.9522141532671     
         418  -2413.5486960957437     
         419  -2452.1462379076083     
         420  -2442.8724362327980     
         421  -2412.5328184178802     
         422  -2427.3690307617512     
         423  -2407.3106502419737     
         424  -2435.8749603131751     
         425  -2442.6928391983979     
         426  -2417.8949923569730     
         427  -2431.9370489382709     
         428  -2453.8045358266972     
         429  -2456.2795274504456     
         430  -2443.1214637218154     
         431  -2388.4722991242229     
         432  -2341.1596204705711     
         433  -2398.5226621059051     
         434  -2390.2553824765482     
         435  -2430.1787122350374     
         436  -2424.9899695911290     
         437  -2473.3658220223474     
         438  -2454.0069507796275     
         439  -2459.3140070887634     
         440  -2467.3631513785003     
         441  -2454.9798360510904     
         442  -2444.4126011834142     
         443  -2484.6310829027097     
         444  -2481.1980667624739     
         445  -2517.3795716018581     
         446  -2520.1397482946932     
         447  -2429.6393225269080     
         448  -2429.8063575805759     
         449  -2478.5183024646044     
         450  -2465.8307788148200     
         451  -2470.6547060473481     
         452  -2478.2489119240231     
         453  -2460.6668071659706     
         454  -2462.6549752980254     
         455  -2486.2353358316145     
         456  -2497.9480710693665     
         457  -2507.0406550072521     
         458  -2497.2626357416607     
         459  -2486.7582433274310     
         460  -2501.3680122272262     
         461  -2499.3921282844453     
         462  -2507.8578901230421     
         463  -2491.8257708217789     
         464  -2514.9195278782631     
         465  -2479.8994886009777     
         466  -2479.9160123917413     
         467  -2446.5878609537144     
         468  -2456.8492116316093     
         469  -2502.1618529901807     
         470  -2512.2039617056043     
         471  -2502.2441716546373     
         472  -2455.8267002397674     
         473  -2487.2043728690519     
         474  -2490.4086012870061     
         475  -2510.8712213331519     
         476  -2522.0723633111688     
         477  -2492.2200838889403     
         478  -2510.7899894337102     
         479  -2462.4672625921175     
         480  -2506.1865967340232     
         481  -2517.4740068291635     
         482  -2545.5644241420291     
         483  -2517.7949172179110     
         484  -2461.4663212509818     
         485  -2462.1275444287171     
         486  -2521.3453729377529     
         487  -2498.2441462010293     
         488  -2454.2389040999760     
         489  -2457.1539355919026     
         490  -2465.0271584601796     
         491  -2458.4266215887665     
         492  -2493.4437490899663     
         493  -2474.4340486432766     
         494  -2468.0731630808627     
         495  -2468.4122407016516     
         496  -2507.2333783026297     
         497  -2517.7232754904098     
         498  -2537.8384411815605     
         499  -2497.3388581936611     
         500  -2517.4313241986424     
         501  -2519.7902970782061     
         502  -2504.9802602511681     
         503  -2492.2797306307234     
         504  -2518.0409914866855     
         505  -2519.8690719465476     
         506  -2505.3280510995532     
         507  -2510.5868908681146     
         508  -2527.3596653866316     
         509  -2452.6324701192639     
         510  -2509.9454910321538     
         511  -2531.7336178349692     
         512  -2461.7692109622699     
         513  -2449.1328227792897     
         514  -2476.4850406535134     
         515  -2453.3221028509915     
         516  -2453.3350013432346     
         517  -2469.9644752014951     
         518  -2481.9957542765583     
         519  -2442.1071196893226     
         520  -2491.6154883303388     
         521  -2493.9115032133022     
         522  -2480.1075809164445     
         523  -2458.7018947452766     
         524  -2493.2027152277028     
         525  -2514.1943429352318     
         526  -2495.1780952492782     
         527  -2527.7039457379060     
         528  -2504.2939368108273     
         529  -2500.3189563294018     
         530  -2500.5498029402493     
         531  -2460.6503907320457     
         532  -2477.8598396773068     
         533  -2497.3515393625539     
         534  -2483.9420059379258     
         535  -2457.1361577074767     
         536  -2488.1825883350730     
         537  -2499.2263414651138     
         538  -2502.3383749067148     
         539  -2465.0223975172617     
         540  -2483.4013375936411     
         541  -2483.4965553268303     
         542  -2471.3565367912247     
         543  -2471.1888875463151     
         544  -2470.0591863587174     
         545  -2489.7317782292062     
         546  -2463.9191935827680     
         547  -2482.6156643994714     
         548  -2478.7093046116338     
         549  -2508.7223089300523     
         550  -2516.5043021767069     
         551  -2519.3554903644654     
         552  -2454.8907394633711     
         553  -2432.7827031928250     
         554  -2450.4043298159181     
         555  -2431.1631879275174     
         556  -2398.5533167166632     
         557  -2397.6849689160595     
         558  -2392.1536231034365     
         559  -2466.1845538901721     
         560  -2479.8942186039480     
         561  -2513.3893494388558     
         562  -2461.5942997773304     
         563  -2446.6904697602490     
         564  -2445.1364210049373     
         565  -2483.2401381929144     
         566  -2486.0013882504068     
         567  -2488.4772424298226     
         568  -2474.2036473311646     
         569  -2430.0540628467015     
         570  -2448.2883023265135     
         571  -2408.0319929427783     
         572  -2388.3595718063580     
         573  -2426.0509352540976     
         574  -2505.7892060334898     
         575  -2486.8691773231590     
         576  -2481.6675328860147     
         577  -2467.2880696558304     
         578  -2522.6203047233880     
         579  -2514.8375100587864     
         580  -2561.5452058855631     
         581  -2491.3182995381630     
         582  -2498.5782042462019     
         583  -2554.3896520716526     
         584  -2566.1421657190526     
         585  -2532.4191182950431     
         586  -2519.1983618657587     
         587  -2512.6823192745942     
         588  -2501.7016502567249     
         589  -2530.7320184523910     
         590  -2516.1538221689780     
         591  -2494.6785299613175     
         592  -2515.0509563070987     
         593  -2523.7519489572355     
         594  -2485.0161336425735     
         595  -2506.0064886703744     
         596  -2514.4424152569868     
         597  -2426.8697880456211     
         598  -2487.8677635263493     
         599  -2475.8088140868258     
         600  -2511.3593317208688     
         601  -2484.9135255158212     
         602  -2466.0443720210624     
         603  -2435.4313351233614     
         604  -2441.1324100120019     
         605  -2437.2091044497411     
         606  -2477.1548948515428     
         607  -2485.9533066731742     
         608  -2514.0035913437564     
         609  -2483.9025364294562     
         610  -2516.9149135202365     
         611  -2559.1099969053598     
         612  -2549.3793321855260     
         613  -2507.7689854267733     
         614  -2515.8118365772489     
         615  -2526.8228290514548     
         616  -2510.4094919029726     
         617  -2492.0402812260045     
         618  -2495.0593675164650     
         619  -2481.2664690655270     
         620  -2470.1618935652114     
         621  -2491.2398518677869     
         622  -2483.5183993035043     
         623  -2514.2891996161484     
         624  -2517.7066779751385     
         625  -2495.3942038469172     
         626  -2490.2472499844657     
         627  -2495.0216164821163     
         628  -2529.8188629624328     
         629  -2518.1110078583588     
         630  -2451.1806986679226     
         631  -2472.9833013822690     
         632  -2475.2603582308434     
         633  -2474.9887997479850     
         634  -2493.0802555913992     
         635  -2496.4908877100333     
         636  -2496.8746247984482     
         637  -2504.4711128486265     
         638  -2483.6061439891000     
         639  -2525.3176497489790     
         640  -2460.7360549701780     
         641  -2455.0651369978314     
         642  -2498.3423954563959     
         643  -2503.7931168323771     
         644  -2484.4468094061963     
         645  -2441.5447716612148     
         646  -2453.9779249551862     
         647  -2479.3452810723575     
         648  -2495.1491689510085     
         649  -2474.4459112688323     
         650  -2480.8250937438961     
         651  -2498.5451498256080     
         652  -2496.9253050708808     
         653  -2493.9200838711281     
         654  -2476.1593576830028     
         655  -2503.5207004729523     
         656  -2502.6528364794708     
         657  -2500.6436019924104     
         658  -2426.7700699550305     
         659  -2405.3468423989316     
         660  -2416.0797969331766     
         661  -2474.0737138977788     
         662  -2409.9677207559898     
         663  -2428.2891887594510     
         664  -2434.9605197103942     
         665  -2408.7705117593105     
         666  -2468.6279455614490     
         667  -2467.9020979996471     
         668  -2471.3729875908916     
         669  -2457.8020688216920     
         670  -2478.4274150660208     
         671  -2525.0046445845674     
         672  -2446.5394579162726     
         673  -2491.7243879438324     
         674  -2548.7114249553470     
         675  -2460.5218855638050     
         676  -2495.5211445108671     
         677  -2538.7487842233727     
         678  -2517.5512360301168     
         679  -2523.6782263977452     
         680  -2516.1986092947250     
         681  -2509.8411503552102     
         682  -2522.0697090545341     
         683  -2477.7915372554971     
         684  -2485.9625744383275     
         685  -2546.7510129846414     
         686  -2555.6216611168893     
         687  -2498.4802766842322     
         688  -2498.3468167579063     
         689  -2535.5596689471358     
         690  -2496.3213504356509     
         691  -2501.4288825010194     
         692  -2462.5642317979587     
         693  -2440.5609597827774     
         694  -2434.5642025625466     
         695  -2457.4026196060781     
         696  -2463.2356129206423     
         697  -2487.9866942896792     
         698  -2510.3421777855142     
         699  -2472.9515320370028     
         700  -2456.5483044578059     
         701  -2492.6262736994067     
         702  -2462.4529119370591     
         703  -2418.7782037172356     
         704  -2463.9086114832180     
         705  -2474.8434542890645     
         706  -2503.1642688225188     
         707  -2468.6657173296321     
         708  -2434.6371874074562     
         709  -2440.7578841584391     
         710  -2400.0885278328310     
         711  -2402.6874016404831     
         712  -2442.2020717800174     
         713  -2471.5994603572176     
         714  -2437.2755996345277     
         715  -2427.5406066151995     
         716  -2415.4804070766731     
         717  -2416.0343695585566     
         718  -2398.2574758422393     
         719  -2431.5313631316753     
         720  -2457.7813643313311     
         721  -2480.4406780956760     
         722  -2477.6344306722517     
         723  -2398.1542348587964     
         724  -2407.8781924787363     
         725  -2427.7935559715843     
         726  -2452.9606092230642     
         727  -2459.5485739745131     
         728  -2437.7319615551701     
         729  -2478.1161877161539     
         730  -2466.7050001077419     
         731  -2480.7022534753442     
         732  -2467.9014296121413     
         733  -2452.1873547669561     
         734  -2456.3851982943520     
         735  -2476.9385008292015     
         736  -2499.2754894828099     
         737  -2481.1568951319268     
         738  -2514.1487268913238     
         739  -2494.3993781145882     
         740  -2496.5990810266608     
         741  -2505.8469987836074     
         742  -2465.5925611374782     
         743  -2507.0140048743742     
         744  -2465.2437179463905     
         745  -2488.7904404888786     
         746  -2485.4936666345957     
         747  -2473.3746952502024     
         748  -2460.4345284857336     
         749  -2471.5442483102374     
         750  -2479.3269043173982     
         751  -2454.0278503826189     
         752  -2449.3512647631405     
         753  -2500.7527632144001     
         754  -2419.9025067077482     
         755  -2528.5613449570924     
         756  -2556.5803746158713     
         757  -2494.2359176164250     
         758  -2485.4337217045718     
         759  -2505.7743306908606     
         760  -2481.7451666153070     
         761  -2492.3922330010550     
         762  -2512.5619438592789     
         763  -2520.9576184208718     
         764  -2502.8932834152520     
         765  -2462.8117027839216     
         766  -2420.1036079618966     
         767  -2460.2698492094960     
         768  -2478.1586127893406     
         769  -2463.4673651206899     
         770  -2404.1039851735400     
         771  -2434.5501303215610     
         772  -2389.3984807074016     
         773  -2429.9626133770212     
         774  -2481.9136327807041     
         775  -2449.7291308178255     
         776  -2447.9706080822643     
         777  -2457.6865305630772     
         778  -2434.7811874853469     
         779  -2425.8816399293000     
         780  -2432.5139598648866     
         781  -2418.7604210314744     
         782  -2456.2011154555876     
         783  -2413.9998905263260     
         784  -2435.5355322686642     
         785  -2431.1739944451710     
         786  -2363.1575499794749     
         787  -2380.4801829396110     
         788  -2377.5569691995865     
         789  -2369.4397925857261     
         790  -2462.6369423677625     
         791  -2444.1541231434539     
         792  -2467.4200853876814     
         793  -2424.1410312882385     
         794  -2419.7297017908218     
         795  -2440.5849218870044     
         796  -2397.0736089452598     
         797  -2406.0860127737219     
         798  -2384.3683939415996     
         799  -2367.3707372329827     
         800  -2376.9263632936463     
         801  -2420.6013458699804     
         802  -2385.0138432367512     
         803  -2394.2582834943132     
         804  -2358.0617557208852     
         805  -2373.2577779487265     
         806  -2397.3059926900655     
         807  -2367.5038737084810     
         808  -2417.3645048669732     
         809  -2431.5254696974130     
         810  -2450.9999076307058     
         811  -2349.6132869237313     
         812  -2387.8084876105390     
         813  -2422.2400902533091     
         814  -2453.5627101900445     
         815  -2443.7141902268904     
         816  -2462.4116730509986     
         817  -2486.9611430533728     
         818  -2464.6752854697870     
         819  -2504.1603855655376     
         820  -2504.2100549321995     
         821  -2484.7167769098151     
         822  -2482.0830694135698     
         823  -2460.8299835014832     
         824  -2434.0651772083343     
         825  -2476.4137701770228     
         826  -2494.4606475024921     
         827  -2512.5516754217756     
         828  -2501.7514150800112     
         829  -2488.9822734033846     
         830  -2532.1850010842877     
         831  -2520.2078745711824     
         832  -2494.9002683588310     
         833  -2520.5160551540430     
         834  -2529.9070691441248     
         835  -2532.4832944912541     
         836  -2562.2317132315884     
         837  -2566.2812725342696     
         838  -2521.1961060312028     
         839  -2494.5148267127238     
         840  -2558.7386825637691     
         841  -2486.9595621974072     
         842  -2521.5047123507361     
         843  -2538.4409233634206     
         844  -2495.3493159107334     
         845  -2499.8384626180609     
         846  -2499.3359886918493     
         847  -2476.4482909444641     
         848  -2500.4132767032870     
         849  -2526.3314529994755     
         850  -2530.2386357974683     
         851  -2451.4152045262290     
         852  -2518.5808741309556     
         853  -2507.3336050336420     
         854  -2500.0747214085122     
         855  -2522.8134970525111     
         856  -2534.6529307568726     
         857  -2489.7331774941913     
         858  -2501.4143686235207     
         859  -2498.3613957448601     
         860  -2555.7024516537094     
         861  -2570.4069382485573     
         862  -2501.9433378919803     
         863  -2498.3190392269707     
         864  -2514.1402519086832     
         865  -2537.1657159984106     
         866  -2489.1152192090631     
         867  -2465.2425577082508     
         868  -2475.4641729607142     
         869  -2521.5083656157649     
         870  -2513.3144184217645     
         871  -2464.8125367136931     
         872  -2484.8090835475987     
         873  -2442.8948961412070     
         874  -2463.1747552326456     
         875  -2485.2990046600685     
         876  -2492.3672998336438     
         877  -2474.2838938158206     
         878  -2535.6703054351083     
         879  -2459.6264729963054     
         880  -2442.2690521687332     
         881  -2469.2719654522034     
         882  -2491.4951887898960     
         883  -2489.5627320852604     
         884  -2491.2715525167700     
         885  -2504.1061109736661     
         886  -2473.6593157832867     
         887  -2476.1175290958140     
         888  -2449.1633187745038     
         889  -2492.7871306498446     
         890  -2466.2747603522271     
         891  -2524.9900624327402     
         892  -2496.4996707057931     
         893  -2509.6413510828447     
         894  -2468.6722684198035     
         895  -2459.1612056326921     
         896  -2477.6550221260441     
         897  -2451.5166533436891     
         898  -2451.4399471884258     
         899  -2454.0676830714483     
         900  -2436.7623240464477     
         901  -2462.6495498675431     
         902  -2385.1886109601469     
         903  -2395.0154556412858     
         904  -2477.7366692216638     
         905  -2528.1069098310572     
         906  -2546.6280874505933     
         907  -2506.5960409960326     
         908  -2502.2373806695300     
         909  -2535.8395972616299     
         910  -2488.0421634068030     
         911  -2446.0594662438430     
         912  -2467.5441719906357     
         913  -2443.4060567352858     
         914  -2465.8999086082763     
         915  -2489.1745806574318     
         916  -2508.2314186277690     
         917  -2475.9231149993775     
         918  -2504.0311320634933     
         919  -2525.4246559407861     
         920  -2483.1556453687399     
         921  -2491.5983927551742     
         922  -2470.9441603836090     
         923  -2389.8923179572685     
         924  -2453.8218388848300     
         925  -2489.8067760554618     
         926  -2496.6254219077468     
         927  -2450.1074826180998     
         928  -2475.0252666678011     
         929  -2481.3094512044531     
         930  -2450.5407275333159     
         931  -2449.2134591082986     
         932  -2478.2049917713748     
         933  -2512.3380879161241     
         934  -2509.3155920925633     
         935  -2505.6880349594126     
         936  -2506.5521679206208     
         937  -2477.2547716083245     
         938  -2468.0627586169085     
         939  -2441.7716589012098     
         940  -2455.2064399848500     
         941  -2478.0493021249763     
         942  -2522.6675840820485     
         943  -2485.1994744768554     
         944  -2510.2908165327849     
         945  -2482.7735629901408     
         946  -2524.5669526744405     
         947  -2496.2697066275182     
         948  -2476.0697366502100     
         949  -2547.8267890227789     
         950  -2503.3514681728184     
         951  -2483.6555403279672     
         952  -2460.0647041158904     
         953  -2477.3449529268482     
         954  -2460.5923851282878     
         955  -2429.3743910164976     
         956  -2488.9694931437571     
         957  -2471.9574188262491     
         958  -2468.7875546143655     
         959  -2449.4698201101410     
         960  -2482.8482703806662     
         961  -2454.1596529815106     
         962  -2457.5717206667423     
         963  -2429.9084348699780     
         964  -2446.3734897688514     
         965  -2477.4128174226548     
         966  -2501.1930260435133     
         967  -2497.5061571727515     
         968  -2474.3320687754976     
         969  -2454.7487354687978     
         970  -2449.2806170783806     
         971  -2472.4485856168562     
         972  -2491.6903811578304     
         973  -2475.4527467664275     
         974  -2483.8173999748824     
         975  -2507.9802984632843     
         976  -2489.6592998895908     
         977  -2498.9375751604098     
         978  -2508.7589298700427     
         979  -2474.7229693852155     
         980  -2470.0464305007495     
         981  -2501.6441373672974     
         982  -2529.7736441719449     
         983  -2482.6432752739584     
         984  -2487.0737795374553     
         985  -2483.4294061335677     
         986  -2453.3136231770391     
         987  -2439.0846732292898     
         988  -2442.4503263711686     
         989  -2443.1202405838494     
         990  -2425.4289649217812     
         991  -2451.7245785838199     
         992  -2413.6642563452365     
         993  -2400.1987660832187     
         994  -2418.2470440158668     
         995  -2401.3984368754809     
         996  -2457.4882777828348     
         997  -2471.5565423245562     
         998  -2452.1771005178011     
         999  -2463.7352637271861     
        1000  -2470.1726410395404     
        1001  -2405.6426397314567     
        1002  -2423.7415274703158     
        1003  -2431.2714335352562     
        1004  -2436.8131242213049     
        1005  -2436.4455917574096     
        1006  -2463.0509420207463     
        1007  -2417.3393921725715     
        1008  -2440.0318805748975     
        1009  -2483.3125994993366     
        1010  -2496.1092164209676     
        1011  -2494.5902453858184     
        1012  -2531.3561724670881     
        1013  -2457.1441559120512     
        1014  -2464.2145658904142     
        1015  -2438.6364479459776     
        1016  -2404.6101302351849     
        1017  -2463.3220548137679     
        1018  -2459.1435868804742     
        1019  -2437.8130591107301     
        1020  -2419.0707536065374     
        1021  -2394.1572339391396     
        1022  -2415.1616864097819     
        1023  -2420.0217472046761     
        1024  -2415.7975818103560     
        1025  -2435.2122943719583     
        1026  -2446.3466192054429     
        1027  -2478.2351360852240     
        1028  -2467.6149447433636     
        1029  -2478.5422561756263     
        1030  -2482.2510067759185     
        1031  -2447.7157093388273     
        1032  -2448.4379707484554     
        1033  -2479.2400813683171     
        1034  -2507.9415689753869     
        1035  -2476.0115692866243     
        1036  -2484.4317460235980     
        1037  -2470.5492947735156     
        1038  -2515.7000477972933     
        1039  -2483.3484524261235     
        1040  -2489.9585053656238     
        1041  -2434.8076141988277     
        1042  -2478.9631152151228     
        1043  -2454.5830606211371     
        1044  -2420.1228465559543     
        1045  -2409.8267186751859     
        1046  -2432.8621668454161     
        1047  -2482.2545292796317     
        1048  -2487.6471969398654     
        1049  -2493.2834112967698     
        1050  -2410.5311699160684     
        1051  -2385.8009997121962     
        1052  -2433.0583870182700     
        1053  -2419.3495183491023     
        1054  -2439.1585504308118     
        1055  -2438.1845643643314     
        1056  -2449.6040644569803     
        1057  -2419.4403509980525     
        1058  -2390.4439760463588     
        1059  -2432.7801901335024     
        1060  -2425.9093177288032     
        1061  -2411.8516627962003     
        1062  -2418.6709009016822     
        1063  -2432.3973371726966     
        1064  -2446.7183618566196     
        1065  -2427.9537345764902     
        1066  -2391.2283340496715     
        1067  -2395.4505343260957     
        1068  -2397.3025947810575     
        1069  -2390.4142824251130     
        1070  -2392.7572893560441     
        1071  -2425.7328698374372     
        1072  -2445.4479574812649     
        1073  -2449.6270208551587     
        1074  -2460.5056468704024     
        1075  -2418.9217636056696     
        1076  -2448.1251767774888     
        1077  -2455.8190723538082     
        1078  -2433.4834285770276     
        1079  -2435.1248510142004     
        1080  -2456.8432904047604     
        1081  -2449.2295017806641     
        1082  -2465.6279207553939     
        1083  -2493.6836760514734     
        1084  -2501.8487793684253     
        1085  -2501.8673965796111     
        1086  -2452.9412097247809     
        1087  -2442.9955409070972     
        1088  -2464.7948336221484     
        1089  -2438.7520880095431     
        1090  -2420.2691355970605     
        1091  -2433.8817250703250     
        1092  -2502.7405301910176     
        1093  -2460.3651972740845     
        1094  -2433.8601668119932     
        1095  -2490.3619160912190     
        1096  -2489.0378511017120     
        1097  -2469.2590007362496     
        1098  -2489.8546715318894     
        1099  -2458.8967789808476     
        1100  -2424.0681738199237     
        1101  -2490.2733088752825     
        1102  -2468.7777532698169     
        1103  -2455.0280011005052     
        1104  -2484.9405372106908     
        1105  -2474.4412172042125     
        1106  -2489.4563283993648     
        1107  -2472.2681038832743     
        1108  -2438.0458944509919     
        1109  -2486.5866931419187     
        1110  -2550.1410120982500     
        1111  -2514.5815015456524     
        1112  -2526.5801077127026     
        1113  -2532.1570587675242     
        1114  -2522.7865491434159     
        1115  -2532.0365421941215     
        1116  -2514.0466902822495     
        1117  -2538.8608178823943     
        1118  -2564.1221906116621     
        1119  -2534.2104116695014     
        1120  -2519.8592298131066     
        1121  -2538.7152933610178     
        1122  -2524.3019677703824     
        1123  -2487.2330568990410     
        1124  -2484.5099357848699     
        1125  -2487.6606039882840     
        1126  -2532.6791161613760     
        1127  -2475.5414214349307     
        1128  -2494.0484044937557     
        1129  -2546.2878700033421     
        1130  -2531.0918799553569     
        1131  -2524.2016672933551     
        1132  -2568.4422923083930     
        1133  -2581.5282137737572     
        1134  -2564.8393342596901     
        1135  -2545.8744642136799     
        1136  -2535.8433502298012     
        1137  -2497.8176364112396     
        1138  -2534.1931681978817     
        1139  -2485.4581986584808     
        1140  -2456.6554444351841     
        1141  -2504.8067707437713     
        1142  -2529.3356026777014     
        1143  -2549.0011285709143     
        1144  -2533.3454071306160     
        1145  -2530.9694575458257     
        1146  -2518.5060951093337     
        1147  -2512.3679694163056     
        1148  -2488.9072503161524     
        1149  -2526.9745581403340     
        1150  -2478.0813178450080     
        1151  -2461.3414720596411     
        1152  -2470.2434203627172     
        1153  -2439.5400393265600     
        1154  -2426.3697329682718     
        1155  -2441.4545897138191     
        1156  -2461.0266503420048     
        1157  -2444.1051182239648     
        1158  -2476.7989178291828     
        1159  -2471.2309718257488     
        1160  -2476.7318694860323     
        1161  -2496.5556428282866     
        1162  -2459.8490072377140     
        1163  -2482.8383358643482     
        1164  -2447.1643823702716     
        1165  -2456.9142676554247     
        1166  -2522.2732788024346     
        1167  -2474.1025593408822     
        1168  -2468.1714948774411     
        1169  -2490.9662368068807     
        1170  -2486.1036092700715     
        1171  -2445.9339028651011     
        1172  -2478.6016330061666     
        1173  -2495.1436083399440     
        1174  -2471.1329166247519     
        1175  -2490.0404245883515     
        1176  -2486.0139301678250     
        1177  -2483.4509067135641     
        1178  -2518.4127198390834     
        1179  -2487.9055723606311     
        1180  -2467.4541291042324     
        1181  -2464.1982984183906     
        1182  -2451.5760707227496     
        1183  -2463.1215428105875     
        1184  -2503.4723764090663     
        1185  -2504.8334210003372     
        1186  -2502.7472690687596     
        1187  -2499.6127566278860     
        1188  -2472.3191582911363     
        1189  -2487.5209734760269     
        1190  -2440.0004359554091     
        1191  -2429.0582595552760     
        1192  -2485.4174550461298     
        1193  -2489.8547347989470     
        1194  -2469.2023709373166     
        1195  -2502.6744344901181     
        1196  -2490.8955440933746     
        1197  -2502.0614672589209     
        1198  -2518.4474657552396     
        1199  -2461.0840364602186     
        1200  -2512.9674494523110     
        1201  -2435.9998872437409     
        1202  -2467.3690568790103     
        1203  -2511.3650687031231     
        1204  -2511.1143335210036     
        1205  -2469.2584079923049     
        1206  -2433.2992529198696     
        1207  -2493.1465849750989     
        1208  -2535.6278319016114     
        1209  -2534.7082115719704     
        1210  -2501.4186511675953     
        1211  -2464.4200032529338     
        1212  -2446.0082734082257     
        1213  -2443.5536194685610     
        1214  -2436.9193522780629     
        1215  -2448.6089670829660     
        1216  -2462.1396405719438     
        1217  -2485.5940056975351     
        1218  -2466.2323958170950     
        1219  -2477.5714929822998     
        1220  -2497.1141343673899     
        1221  -2502.4002389511643     
        1222  -2505.0671586951707     
        1223  -2527.1099808375034     
        1224  -2507.3610389912037     
        1225  -2498.0001307829948     
        1226  -2458.2362644764398     
        1227  -2473.2506787476473     
        1228  -2496.4909230973553     
        1229  -2501.8043770381482     
        1230  -2454.7025325939735     
        1231  -2454.2668040235512     
        1232  -2472.6472336895927     
        1233  -2516.1570599332908     
        1234  -2510.2508395705031     
        1235  -2531.6061139550152     
        1236  -2519.3807546839676     
        1237  -2500.4505361436172     
        1238  -2484.1538209666269     
        1239  -2484.9980395269840     
        1240  -2461.5843913690064     
        1241  -2459.0542560183403     
        1242  -2465.5823533019670     
        1243  -2444.1105441879663     
        1244  -2451.5263275499869     
        1245  -2490.3883550649898     
        1246  -2585.2076407869799     
        1247  -2556.4895309994681     
        1248  -2501.1618050790530     
        1249  -2494.0054453992725     
        1250  -2483.1240378131915     
        1251  -2499.5563708480445     
        1252  -2521.3642622565467     
        1253  -2512.4111704952702     
        1254  -2573.7879536259525     
        1255  -2498.7861854222451     
        1256  -2518.3513409451184     
        1257  -2525.7275243956619     
        1258  -2512.3466942754335     
        1259  -2468.8811071891455     
        1260  -2450.5382938008343     
        1261  -2415.3382983328197     
        1262  -2428.0163832351855     
        1263  -2415.5170322713066     
        1264  -2462.5861064660312     
        1265  -2420.2148321633404     
        1266  -2466.5115700095189     
        1267  -2460.0602980520653     
        1268  -2486.8941544313739     
        1269  -2433.9891498862949     
        1270  -2464.6552057090262     
        1271  -2493.1325176800287     
        1272  -2485.9315531106340     
        1273  -2512.0503401685019     
        1274  -2442.5345838371709     
        1275  -2415.5090965436352     
        1276  -2423.0005618160421     
        1277  -2428.0074923702286     
        1278  -2418.0687543195431     
        1279  -2455.1084869837937     
        1280  -2423.9847621741983     
        1281  -2478.1781337476887     
        1282  -2500.5541232597061     
        1283  -2443.7639098063314     
        1284  -2499.3930943820301     
        1285  -2505.9978216538952     
        1286  -2469.5138936875769     
        1287  -2445.6596595957612     
        1288  -2454.6182590424478     
        1289  -2410.6535243940943     
        1290  -2507.6454731217814     
        1291  -2508.0492290771144     
        1292  -2508.7766533334707     
        1293  -2459.2926680640912     
        1294  -2476.1678571673137     
        1295  -2514.4457537867938     
        1296  -2521.1970902169269     
        1297  -2453.1250686265312     
        1298  -2470.1781061343186     
        1299  -2478.0401536900390     
        1300  -2489.3725941932194     
        1301  -2497.5066006388529     
        1302  -2497.2940103197984     
        1303  -2520.5320797731279     
        1304  -2514.2359888175583     
        1305  -2451.2963233125774     
        1306  -2438.4736192408950     
        1307  -2486.5589299016638     
        1308  -2488.2374859358733     
        1309  -2512.1085158307292     
        1310  -2504.0788572498486     
        1311  -2548.2838064108305     
        1312  -2500.8249403540322     
        1313  -2491.6758403346025     
        1314  -2458.0958630288687     
        1315  -2444.8403034979324     
        1316  -2471.4970810376954     
        1317  -2486.7556063953180     
        1318  -2458.7626728381560     
        1319  -2496.0354734054258     
        1320  -2523.4084316796157     
        1321  -2510.2966051429103     
        1322  -2523.7586701281598     
        1323  -2498.5166113355299     
        1324  -2522.9953898438544     
        1325  -2527.6186279837962     
        1326  -2539.3967531085282     
        1327  -2518.4431006087598     
        1328  -2570.6342965698796     
        1329  -2499.5246710234455     
        1330  -2489.2200907708839     
        1331  -2474.0093530900226     
        1332  -2499.2380487361802     
        1333  -2494.2445336893238     
        1334  -2484.1466401918651     
        1335  -2505.8752247679777     
        1336  -2454.0686942715165     
        1337  -2481.6164445210484     
        1338  -2494.6034759272666     
        1339  -2463.9221341340540     
        1340  -2503.1009043575577     
        1341  -2487.8247519068150     
        1342  -2454.7750408408024     
        1343  -2464.5763199414200     
        1344  -2502.3364283215983     
        1345  -2469.1348672439808     
        1346  -2458.4053052102508     
        1347  -2479.8090225255755     
        1348  -2456.0791028035969     
        1349  -2501.4572328571721     
        1350  -2505.0245229379384     
        1351  -2506.0396481228167     
        1352  -2519.4605830682563     
        1353  -2502.3574141837012     
        1354  -2536.4195366437602     
        1355  -2480.8311396305007     
        1356  -2444.4734760061674     
        1357  -2511.9047021425558     
        1358  -2493.6345782504436     
        1359  -2455.9909876593633     
        1360  -2517.5958981118683     
        1361  -2515.8343950810877     
        1362  -2479.9210164218430     
        1363  -2504.2824827022682     
        1364  -2503.7660304177725     
        1365  -2498.1268520456688     
        1366  -2505.6728228973957     
        1367  -2483.7778717868728     
        1368  -2471.9275343493632     
        1369  -2462.1550080818288     
        1370  -2477.5348496286983     
        1371  -2480.8746654604097     
        1372  -2485.7902880655497     
        1373  -2481.6006252174702     
        1374  -2461.1427222913676     
        1375  -2471.0152132803269     
        1376  -2499.6144429661927     
        1377  -2493.5731979847751     
        1378  -2512.4127180436039     
        1379  -2474.7381241910239     
        1380  -2439.2835187698079     
        1381  -2475.3312291590605     
        1382  -2453.6392551343461     
        1383  -2490.1918794918593     
        1384  -2506.3559061926944     
        1385  -2487.8263978221303     
        1386  -2440.4381969105029     
        1387  -2459.8789835434554     
        1388  -2442.4339575356485     
        1389  -2425.4903725316926     
        1390  -2457.5263258941677     
        1391  -2465.7939268359860     
        1392  -2409.1528730978685     
        1393  -2424.7407811835878     
        1394  -2444.3569531805010     
        1395  -2397.4033937265176     
        1396  -2405.5536920582263     
        1397  -2426.4985634331420     
        1398  -2420.5234275279117     
        1399  -2461.8831923720550     
        1400  -2439.4009657452993     
        1401  -2461.0843449244094     
        1402  -2493.6729108391742     
        1403  -2487.8027934892875     
        1404  -2491.8313662084988     
        1405  -2498.8843137411200     
        1406  -2441.8314751834864     
        1407  -2496.4144445525303     
        1408  -2505.0877229271855     
        1409  -2431.6312524547629     
        1410  -2456.5480750533593     
        1411  -2447.2080070566021     
        1412  -2410.7832564461955     
        1413  -2468.9984988576975     
        1414  -2460.7904954979576     
        1415  -2448.9988990945276     
        1416  -2428.7427037012158     
        1417  -2461.1091689689665     
        1418  -2485.4915138234169     
        1419  -2476.5580863602572     
        1420  -2427.4282377736604     
        1421  -2405.0135347028277     
        1422  -2460.9045292393589     
        1423  -2459.1791196341806     
        1424  -2480.0025038898139     
        1425  -2468.8808024387672     
        1426  -2446.0663147845944     
        1427  -2448.3336043270806     
        1428  -2459.8636924775669     
        1429  -2467.2736824649005     
        1430  -2462.1782770629688     
        1431  -2452.7893159810078     
        1432  -2443.8777936535753     
        1433  -2431.2295370520219     
        1434  -2450.2100584999644     
        1435  -2401.9823613761059     
        1436  -2415.0570197408510     
        1437  -2390.4810732205246     
        1438  -2405.7008669775100     
        1439  -2416.4239185896013     
        1440  -2433.3508249104311     
        1441  -2422.0512766603597     
        1442  -2486.9144671803438     
        1443  -2454.1144349019360     
        1444  -2456.1328875066897     
        1445  -2496.0141697271060     
        1446  -2465.9428582958758     
        1447  -2507.6141903755906     
        1448  -2507.8378248994554     
        1449  -2483.2848011664810     
        1450  -2492.7209549214595     
        1451  -2520.7896526734348     
        1452  -2465.6019031284213     
        1453  -2491.4554990629322     
        1454  -2498.9675861298274     
        1455  -2491.3255190992259     
        1456  -2466.0422673918724     
        1457  -2453.2472325848157     
        1458  -2493.2065441936124     
        1459  -2470.0023873636583     
        1460  -2436.0047247463099     
        1461  -2424.3535456413688     
        1462  -2421.0139724572664     
        1463  -2488.8809986339288     
        1464  -2525.9528976716510     
        1465  -2459.9173676882474     
        1466  -2506.3075148093803     
        1467  -2479.8644256885837     
        1468  -2429.5429440143912     
        1469  -2453.4102339269411     
        1470  -2473.7446539253056     
        1471  -2447.1678893999888     
        1472  -2430.0861921378059     
        1473  -2429.2907940637783     
        1474  -2480.7920957259366     
        1475  -2464.1056557487645     
        1476  -2490.3327999539665     
        1477  -2477.6979605633142     
        1478  -2489.8331449815742     
        1479  -2504.8467886949211     
        1480  -2461.3700450506726     
        1481  -2445.9760168498265     
        1482  -2496.5455915082830     
        1483  -2450.5434431499330     
        1484  -2507.4632973005414     
        1485  -2473.3740940321181     
        1486  -2456.2797924111896     
        1487  -2456.6304223231487     
        1488  -2440.2073527460393     
        1489  -2497.8298578890181     
        1490  -2480.3601981826600     
        1491  -2439.7941446351783     
        1492  -2438.1090072253064     
        1493  -2481.8508511223495     
        1494  -2476.3406627504955     
        1495  -2450.6720978226235     
        1496  -2469.4000199213024     
        1497  -2475.0658099436309     
        1498  -2460.5279465824474     
        1499  -2455.4054204773024     
        1500  -2457.1002403254374     
        1501  -2425.0724354711710     
        1502  -2446.4477366911774     
        1503  -2433.6409652162260     
        1504  -2464.1775677635069     
        1505  -2423.6859932837801     
        1506  -2448.7355538981260     
        1507  -2457.8042307582564     
        1508  -2477.9473856001518     
        1509  -2484.6150363509223     
        1510  -2499.4482411573126     
        1511  -2485.8538406921834     
        1512  -2490.7713864045595     
        1513  -2463.8396889072733     
        1514  -2497.6333525533005     
        1515  -2450.0982671729257     
        1516  -2507.2050794055153     
        1517  -2566.4910019442750     
        1518  -2528.4167616560171     
        1519  -2489.1099147980208     
        1520  -2479.5459526943168     
        1521  -2466.4348104218084     
        1522  -2437.8407340401300     
        1523  -2491.7732005615903     
        1524  -2444.9093354016345     
        1525  -2493.3597001219387     
        1526  -2492.1483440786783     
        1527  -2478.1350331939166     
        1528  -2462.7458488138354     
        1529  -2492.5232764803718     
        1530  -2506.3305886687863     
        1531  -2491.0301493175034     
        1532  -2506.4270757413028     
        1533  -2481.1666481865304     
        1534  -2515.4350990808452     
        1535  -2476.4331846230220     
        1536  -2503.1625939309965     
        1537  -2543.0902678508705     
        1538  -2507.3793321897783     
        1539  -2507.8613227557989     
        1540  -2483.9187000619368     
        1541  -2446.4056279956972     
        1542  -2413.8432328302933     
        1543  -2413.3675441833821     
        1544  -2401.3870411710100     
        1545  -2416.1594262064073     
        1546  -2460.7676003076049     
        1547  -2468.0321279088998     
        1548  -2419.4980367229959     
        1549  -2424.5017587339275     
        1550  -2428.1487018296698     
        1551  -2431.7677588338861     
        1552  -2436.8085232550025     
        1553  -2423.5083089217351     
        1554  -2441.4248201657092     
        1555  -2421.8390372945755     
        1556  -2388.8017757859475     
        1557  -2351.0787786291485     
        1558  -2359.8564030446969     
        1559  -2323.1790377564062     
        1560  -2385.9454425389426     
        1561  -2380.7011209438638     
        1562  -2375.9130443190047     
        1563  -2426.3545534401765     
        1564  -2478.1227465929887     
        1565  -2514.9963055885519     
        1566  -2545.1670849881061     
        1567  -2442.4869446799994     
        1568  -2427.6515319588289     
        1569  -2450.5527209087491     
        1570  -2451.0483492104754     
        1571  -2476.6054623469745     
        1572  -2479.0219025784809     
        1573  -2485.4239707809052     
        1574  -2500.2473938026314     
        1575  -2529.1648568931446     
        1576  -2497.7729924840492     
        1577  -2448.5249719402673     
        1578  -2457.3465077057444     
        1579  -2455.0704915883398     
        1580  -2477.3734684911460     
        1581  -2464.3903801770834     
        1582  -2468.6592712065985     
        1583  -2476.1855364068388     
        1584  -2433.6592907216495     
        1585  -2461.5762511448984     
        1586  -2435.8842053623889     
        1587  -2437.9531201209638     
        1588  -2429.9953046253859     
        1589  -2443.5723833256561     
        1590  -2458.8371406113620     
        1591  -2421.8001532241556     
        1592  -2383.4646105825650     
        1593  -2460.7132533270574     
        1594  -2451.4520641354911     
        1595  -2452.9653198292572     
        1596  -2434.0209687529969     
        1597  -2442.0961643003216     
        1598  -2451.7016387480980     
        1599  -2461.1264555217167     
        1600  -2462.2870425347473     
        1601  -2457.7270930314021     
        1602  -2408.1638076734639     
        1603  -2444.2706274294364     
        1604  -2365.7367411177747     
        1605  -2392.1853498167911     
        1606  -2375.9049700039031     
        1607  -2395.1773330708043     
        1608  -2424.5689544687461     
        1609  -2405.2441056452176     
        1610  -2408.3239584477137     
        1611  -2450.4512819085453     
        1612  -2402.7767802975386     
        1613  -2420.2997742140183     
        1614  -2498.5421251605371     
        1615  -2486.6058239515824     
        1616  -2463.6232892124945     
        1617  -2470.6146037173271     
        1618  -2460.2966558837338     
        1619  -2488.7609503662584     
        1620  -2477.4653601290815     
        1621  -2465.4819683170663     
        1622  -2465.0196239834977     
        1623  -2445.0452003464234     
        1624  -2466.7104220823862     
        1625  -2426.5792756597743     
        1626  -2411.0981213238497     
        1627  -2408.1338982349757     
        1628  -2437.9543409504190     
        1629  -2416.7773359794355     
        1630  -2472.7449773826611     
        1631  -2460.9447637627850     
        1632  -2515.6238116162513     
        1633  -2459.8803691257117     
        1634  -2465.9318011399032     
        1635  -2475.4967522237766     
        1636  -2483.6420678260820     
        1637  -2469.7630266759993     
        1638  -2422.5517079438464     
        1639  -2449.0921877877840     
        1640  -2415.6425856195015     
        1641  -2434.7982409472033     
        1642  -2433.0424201194837     
        1643  -2443.3395214323768     
        1644  -2416.2991629048720     
        1645  -2481.9645373294275     
        1646  -2473.3624418004802     
        1647  -2424.1243586669648     
        1648  -2437.3789361376703     
        1649  -2463.0275054655508     
        1650  -2520.2640732232021     
        1651  -2538.9781746814315     
        1652  -2473.7376065819280     
        1653  -2488.0491008241956     
        1654  -2472.2602226564691     
        1655  -2461.5412993440532     
        1656  -2428.8812716051325     
        1657  -2488.9769127026962     
        1658  -2466.2573574799494     
        1659  -2450.9712629649430     
        1660  -2466.4710014679204     
        1661  -2520.6325844039493     
        1662  -2498.3096378379996     
        1663  -2499.0671456794266     
        1664  -2507.7771994699638     
        1665  -2489.1279879516414     
        1666  -2456.6971888494886     
        1667  -2500.4430335140819     
        1668  -2519.9112555003830     
        1669  -2471.1127692357404     
        1670  -2483.5820429448931     
        1671  -2487.9554309196665     
        1672  -2561.5009510250738     
        1673  -2521.8380171746862     
        1674  -2494.3324217248392     
        1675  -2476.5152119127315     
        1676  -2462.4077725573716     
        1677  -2469.9916274838088     
        1678  -2495.9565402950279     
        1679  -2513.7598009449325     
        1680  -2488.4942834343610     
        1681  -2504.2659615671482     
        1682  -2482.0978659506804     
        1683  -2481.9982116499914     
        1684  -2481.1605462908360     
        1685  -2509.8154153136625     
        1686  -2515.3221659563687     
        1687  -2465.5901695525890     
        1688  -2484.5418491475511     
        1689  -2525.9943035168608     
        1690  -2509.9572804298341     
        1691  -2480.2080198412477     
        1692  -2464.0142996911377     
        1693  -2454.8304268768161     
        1694  -2440.0788860699772     
        1695  -2453.4330322638943     
        1696  -2495.7747664560325     
        1697  -2486.3025746298326     
        1698  -2475.5560998802293     
        1699  -2498.3623601630629     
        1700  -2518.3886100853451     
        1701  -2507.8775191176051     
        1702  -2492.4439100303402     
        1703  -2466.2918509608644     
        1704  -2487.8599952692916     
        1705  -2523.8618579157055     
        1706  -2539.0775965775920     
        1707  -2556.3902473734679     
        1708  -2492.1321582756659     
        1709  -2489.5844584680813     
        1710  -2473.8466177783157     
        1711  -2485.4404089088257     
        1712  -2455.7888906946305     
        1713  -2460.2407306699938     
        1714  -2437.7326585652022     
        1715  -2493.6215570689001     
        1716  -2512.1141192775376     
        1717  -2486.5998573853244     
        1718  -2497.0405078828344     
        1719  -2501.0356996125861     
        1720  -2504.8189322066205     
        1721  -2515.6967724741789     
        1722  -2521.0458988384344     
        1723  -2518.5796644763750     
        1724  -2507.6694492796892     
        1725  -2481.0961685393108     
        1726  -2432.4549152760296     
        1727  -2418.6814459365642     
        1728  -2450.2345357214444     
        1729  -2465.7827527602685     
        1730  -2436.8106339157762     
        1731  -2438.3314195078469     
        1732  -2419.4292356646265     
        1733  -2420.6796210137868     
        1734  -2414.7500115368211     
        1735  -2475.3256815984350     
        1736  -2481.4895476643965     
        1737  -2475.9147168336394     
        1738  -2496.7081921727508     
        1739  -2498.8888783998627     
        1740  -2528.6462423826592     
        1741  -2567.7936839231652     
        1742  -2561.5227876990098     
        1743  -2560.2994189251817     
        1744  -2517.1549710836184     
        1745  -2506.2290171418545     
        1746  -2464.1528890310456     
        1747  -2430.6114762954371     
        1748  -2428.4050653700701     
        1749  -2431.3920700653343     
        1750  -2485.8332525398591     
        1751  -2489.8745234664757     
        1752  -2489.8655650251749     
        1753  -2476.6354548511472     
        1754  -2443.1435547109568     
        1755  -2457.4097946841443     
        1756  -2492.8143131648972     
        1757  -2463.4645629500560     
        1758  -2465.4656853953920     
        1759  -2488.8466064781060     
        1760  -2500.0198678909783     
        1761  -2469.2075977126301     
        1762  -2502.8421445280537     
        1763  -2485.3111097576684     
        1764  -2474.2185721090250     
        1765  -2491.6826618626355     
        1766  -2460.2316304623509     
        1767  -2463.0270899108950     
        1768  -2477.9637322891099     
        1769  -2463.0066689499095     
        1770  -2443.7878193893980     
        1771  -2459.3103053894629     
        1772  -2484.8807742367394     
        1773  -2475.7742856364575     
        1774  -2494.1036589695459     
        1775  -2441.2183489386380     
        1776  -2415.7746693041681     
        1777  -2444.1140745544485     
        1778  -2470.0690904999801     
        1779  -2451.5292621353924     
        1780  -2448.6761450899558     
        1781  -2434.2989581157080     
        1782  -2456.8795143744269     
        1783  -2492.0033412346252     
        1784  -2527.9543592089735     
        1785  -2510.8474566008163     
        1786  -2493.4127245234213     
        1787  -2470.7353129517187     
        1788  -2465.3524678163826     
        1789  -2432.3031828600833     
        1790  -2454.9926940120845     
        1791  -2469.3343304605241     
        1792  -2511.5472463033134     
        1793  -2507.7502658311128     
        1794  -2439.6477044710437     
        1795  -2445.7356049673208     
        1796  -2465.0093177819590     
        1797  -2460.7306870048660     
        1798  -2459.9540825873369     
        1799  -2487.4095768783322     
        1800  -2464.3014561031323     
        1801  -2477.3156424282756     
        1802  -2513.4278373578263     
        1803  -2507.3678468496441     
        1804  -2475.4080053517446     
        1805  -2470.6831446069864     
        1806  -2487.5783287607328     
        1807  -2468.8431218235582     
        1808  -2493.4124487578451     
        1809  -2469.2956365065806     
        1810  -2484.4276600854182     
        1811  -2503.4471819320338     
        1812  -2522.3443112582013     
        1813  -2507.1994987412554     
        1814  -2516.6792112364897     
        1815  -2475.7283265716942     
        1816  -2493.2636496061141     
        1817  -2449.2495589447367     
        1818  -2428.3935749366597     
        1819  -2460.9982866000942     
        1820  -2502.1477366024210     
        1821  -2465.9916266960586     
        1822  -2448.0842047461488     
        1823  -2477.2172594702820     
        1824  -2496.6587612770663     
        1825  -2472.2968868490602     
        1826  -2415.9926110035808     
        1827  -2418.1970697273432     
        1828  -2430.9333289079977     
        1829  -2473.4044107273935     
        1830  -2450.6013477642327     
        1831  -2441.2599326206600     
        1832  -2398.1573204480624     
        1833  -2446.4741338802946     
        1834  -2435.4371557219702     
        1835  -2437.4691513730554     
        1836  -2460.1330576914893     
        1837  -2452.9598475206371     
        1838  -2467.0608825793852     
        1839  -2485.1486691069995     
        1840  -2462.6001220838330     
        1841  -2481.2746542982131     
        1842  -2517.4041791862783     
        1843  -2505.7072984076804     
        1844  -2500.5081516915102     
        1845  -2504.5165321513109     
        1846  -2469.7729806521652     
        1847  -2466.3751084774713     
        1848  -2484.0535856230886     
        1849  -2481.8985276728245     
        1850  -2487.4046037657176     
        1851  -2481.4439384183943     
        1852  -2505.3869540490282     
        1853  -2496.1347617811443     
        1854  -2503.7189720939209     
        1855  -2459.6108577164227     
        1856  -2497.1536073779807     
        1857  -2452.0772047983755     
        1858  -2473.5321281518172     
        1859  -2503.8090401705249     
        1860  -2453.9712612555595     
        1861  -2468.2978456382561     
        1862  -2517.0498960810651     
        1863  -2495.3869256696375     
        1864  -2542.8200300308849     
        1865  -2579.3091008615679     
        1866  -2574.7459391575903     
        1867  -2557.6392569354462     
        1868  -2518.7556324110037     
        1869  -2499.9927288690360     
        1870  -2502.7388879856462     
        1871  -2506.9674267604792     
        1872  -2518.7076412292404     
        1873  -2548.0200586504538     
        1874  -2544.7793907452533     
        1875  -2514.8215573626408     
        1876  -2519.2355636775769     
        1877  -2462.0365928350211     
        1878  -2511.0049230733189     
        1879  -2533.4417047903985     
        1880  -2515.0180117442701     
        1881  -2536.7606392150592     
        1882  -2565.2235737690889     
        1883  -2524.2726458506536     
        1884  -2535.4671733080172     
        1885  -2512.5553606550870     
        1886  -2506.6226467147985     
        1887  -2509.0805939584611     
        1888  -2468.0992784130244     
        1889  -2519.0185485565512     
        1890  -2506.0942430678456     
        1891  -2501.8076151232749     
        1892  -2500.1998301353069     
        1893  -2545.9835287468172     
        1894  -2491.5476090096868     
        1895  -2529.2269546930215     
        1896  -2499.2426117455843     
        1897  -2444.7987720672581     
        1898  -2483.4600935206090     
        1899  -2509.4945920813889     
        1900  -2519.8726248644020     
        1901  -2537.3213826914084     
        1902  -2517.2544321764417     
        1903  -2525.3134492065660     
        1904  -2484.9043613511822     
        1905  -2497.9711020390400     
        1906  -2521.9131031688653     
        1907  -2521.2128924404101     
        1908  -2558.4683918169353     
        1909  -2536.1167631244243     
        1910  -2494.0604497110389     
        1911  -2508.2956002397086     
        1912  -2525.5630525782840     
        1913  -2470.9872113746205     
        1914  -2498.1459128449528     
        1915  -2482.6971224932263     
        1916  -2469.8559768943455     
        1917  -2453.6176114454738     
        1918  -2444.9149217518107     
        1919  -2402.7432458147432     
        1920  -2443.6275381241944     
        1921  -2444.1923527228591     
        1922  -2446.4180994596290     
        1923  -2447.8809239664702     
        1924  -2495.5956834430162     
        1925  -2521.8272666813559     
        1926  -2474.5063006672672     
        1927  -2456.5782498038707     
        1928  -2439.5780455931485     
        1929  -2452.3033895757167     
        1930  -2477.7104726594453     
        1931  -2439.0902804963303     
        1932  -2446.5038583137211     
        1933  -2448.9487778975331     
        1934  -2459.2726402948524     
        1935  -2473.0706388654794     
        1936  -2473.3382396268935     
        1937  -2517.5443877411667     
        1938  -2520.1502081838103     
        1939  -2527.1049166844768     
        1940  -2498.7313478031224     
        1941  -2560.9032355402087     
        1942  -2551.0015969272113     
        1943  -2530.7749084418324     
        1944  -2514.8240722023361     
        1945  -2493.0755225205962     
        1946  -2546.1205045055858     
        1947  -2545.9944664102504     
        1948  -2529.3228222376897     
        1949  -2564.1278229065611     
        1950  -2563.0332639596213     
        1951  -2569.7952989375094     
        1952  -2499.9464316819094     
        1953  -2458.1887412165961     
        1954  -2473.7334759031323     
        1955  -2505.5034905932571     
        1956  -2470.7926953039841     
        1957  -2540.3684782167002     
        1958  -2550.3704478661298     
        1959  -2582.9023933926915     
        1960  -2569.1069441841501     
        1961  -2565.8697445283456     
        1962  -2553.7783180036727     
        1963  -2503.1891879466370     
        1964  -2525.2101320235133     
        1965  -2540.2319045711911     
        1966  -2514.4148923895536     
        1967  -2493.9818197410546     
        1968  -2546.1474327999849     
        1969  -2533.1912547866941     
        1970  -2514.6533412623517     
        1971  -2549.8851182461549     
        1972  -2558.9382223756552     
        1973  -2528.6596234903122     
        1974  -2500.9712364806032     
        1975  -2514.7799016980657     
        1976  -2598.3451616506268     
        1977  -2593.7515211128889     
        1978  -2572.6558395845759     
        1979  -2569.9720889016189     
        1980  -2536.3294572863060     
        1981  -2522.2052139018283     
        1982  -2535.4008914122196     
        1983  -2522.1372187508887     
        1984  -2497.3789013899736     
        1985  -2516.1144007621169     
        1986  -2513.3362876766814     
        1987  -2503.7911350716845     
        1988  -2507.1530988043510     
        1989  -2546.4415955110517     
        1990  -2546.7853814292516     
        1991  -2562.1985482748901     
        1992  -2546.1603860472846     
        1993  -2546.7397124034514     
        1994  -2556.7111863165615     
        1995  -2568.5535174538427     
        1996  -2567.9817446668421     
        1997  -2514.6322877852590     
        1998  -2540.0771099679664     
        1999  -2570.1156327275930     
        2000  -2565.8345335252829     
