 SAMPLE,  ENERGY
           1  -2526.3120137199762     
           2  -2584.9861391386671     
           3  -2615.8884399240224     
           4  -2609.9622335967360     
           5  -2541.1295430883442     
           6  -2505.1442534773291     
           7  -2554.3302092784161     
           8  -2590.8396926679911     
           9  -2593.1253306336848     
          10  -2569.8174402803675     
          11  -2539.4683491787305     
          12  -2497.0259975028539     
          13  -2503.4077294293852     
          14  -2470.0955563117818     
          15  -2525.3768442272949     
          16  -2540.4453590473645     
          17  -2517.4642683964494     
          18  -2526.1212786274305     
          19  -2512.4007507780643     
          20  -2535.5491676173801     
          21  -2562.4215083113522     
          22  -2506.9110711662302     
          23  -2514.6401983350665     
          24  -2511.8510974155365     
          25  -2505.0834343760303     
          26  -2567.3080075919993     
          27  -2580.2834482100347     
          28  -2461.2137746048588     
          29  -2442.9945133465494     
          30  -2490.5683023184442     
          31  -2543.1158760737071     
          32  -2576.7620159627436     
          33  -2537.9553782290382     
          34  -2542.6538872002311     
          35  -2564.2394102918452     
          36  -2536.7358771335721     
          37  -2621.6199066132003     
          38  -2589.1730512142822     
          39  -2581.1417932607023     
          40  -2497.6523729152077     
          41  -2535.5726762088789     
          42  -2533.4641540072080     
          43  -2569.3544239616099     
          44  -2557.9406171060664     
          45  -2561.0697962121912     
          46  -2586.4132735902072     
          47  -2577.1150245328931     
          48  -2626.6759682777169     
          49  -2615.7058378715383     
          50  -2599.0356185669893     
          51  -2605.7964704156907     
          52  -2564.7921182997284     
          53  -2570.8896828503343     
          54  -2578.2773751315999     
          55  -2549.9398332906248     
          56  -2530.1060696917598     
          57  -2548.7970713126961     
          58  -2585.5935397415437     
          59  -2545.4873393538701     
          60  -2614.5193340732408     
          61  -2603.4771988273892     
          62  -2570.5677109852859     
          63  -2598.2081697992826     
          64  -2542.2469792218799     
          65  -2560.1686078664306     
          66  -2543.6976814172176     
          67  -2566.8745211089094     
          68  -2555.4927935334067     
          69  -2564.2114056140786     
          70  -2567.5939764937916     
          71  -2579.5936235951349     
          72  -2582.8213652498284     
          73  -2606.7703780525417     
          74  -2546.8360792272929     
          75  -2570.2067010801275     
          76  -2545.3703127751905     
          77  -2560.4799648032422     
          78  -2619.1212388449117     
          79  -2601.3023061532626     
          80  -2596.7270396139429     
          81  -2603.3776399690182     
          82  -2628.4007366331780     
          83  -2604.8750679465420     
          84  -2557.9007191808737     
          85  -2559.9947443363390     
          86  -2580.1217279522448     
          87  -2592.2398219406100     
          88  -2642.7297103695778     
          89  -2664.2857211391488     
          90  -2615.0609696900810     
          91  -2598.4513812862824     
          92  -2580.6021045225175     
          93  -2554.7232397512048     
          94  -2546.8764281464728     
          95  -2551.9867638764376     
          96  -2587.0437150172042     
          97  -2646.9508835722340     
          98  -2632.2897956772608     
          99  -2647.0747437051764     
         100  -2618.2956773155738     
         101  -2623.6096808939806     
         102  -2572.2400306784916     
         103  -2573.5872069084435     
         104  -2539.2324095881272     
         105  -2597.3398639647176     
         106  -2618.5237596361312     
         107  -2640.6152108218917     
         108  -2534.0155488675700     
         109  -2494.0717776929446     
         110  -2505.0651490973255     
         111  -2497.5034967041197     
         112  -2634.6930874308350     
         113  -2667.0135097285020     
         114  -2617.7205898621373     
         115  -2587.9675752490816     
         116  -2612.0606496067153     
         117  -2602.1223923936100     
         118  -2581.3017542620833     
         119  -2581.3476623697325     
         120  -2647.9394206710613     
         121  -2682.6706326908184     
         122  -2647.9214432767326     
         123  -2629.1309850190187     
         124  -2645.5517788858806     
         125  -2616.3496080983150     
         126  -2591.3412012081071     
         127  -2597.1633607173712     
         128  -2613.3710567359117     
         129  -2657.6714187679822     
         130  -2576.0404082636755     
         131  -2612.7361267793235     
         132  -2583.4268440945634     
         133  -2591.5453982514464     
         134  -2590.4630544355496     
         135  -2567.8828089484969     
         136  -2592.4719786858022     
         137  -2586.1711821620092     
         138  -2601.6070004877820     
         139  -2569.2813130955237     
         140  -2657.9411525859373     
         141  -2608.5743559172815     
         142  -2639.8170904931221     
         143  -2588.8920039382529     
         144  -2598.4796847324469     
         145  -2611.2823885650982     
         146  -2606.7910476237021     
         147  -2574.8408825897232     
         148  -2559.5960419593798     
         149  -2541.1973580319623     
         150  -2546.6784178715234     
         151  -2554.2714151417731     
         152  -2557.1476983242692     
         153  -2551.7324070872228     
         154  -2547.4496326903154     
         155  -2574.7563757657845     
         156  -2550.7909922756735     
         157  -2518.0249724737373     
         158  -2601.4739514407916     
         159  -2649.2732073890265     
         160  -2620.1440545945470     
         161  -2681.8737696333606     
         162  -2647.7435590693158     
         163  -2670.6825064849018     
         164  -2667.2210703199912     
         165  -2659.5014188177502     
         166  -2633.6766277763604     
         167  -2584.6361844655880     
         168  -2599.3142195383953     
         169  -2611.1832580925561     
         170  -2585.9803475155600     
         171  -2612.8825922844389     
         172  -2593.5120123552369     
         173  -2618.4505049611294     
         174  -2573.5168894188819     
         175  -2568.9359621361909     
         176  -2587.2501109346113     
         177  -2634.1265194542921     
         178  -2648.6272271117327     
         179  -2661.9473605865628     
         180  -2631.0820775517846     
         181  -2679.8983701128200     
         182  -2666.4728416000398     
         183  -2617.8550604056240     
         184  -2606.4187990208288     
         185  -2633.8393566971149     
         186  -2624.4088196507109     
         187  -2606.0911253019817     
         188  -2669.9830189919953     
         189  -2665.8646299624497     
         190  -2595.9171010032960     
         191  -2635.7040398777613     
         192  -2633.1565316963638     
         193  -2612.5600803807392     
         194  -2627.1201766746249     
         195  -2615.4160397548881     
         196  -2641.5686257246912     
         197  -2611.9549792832854     
         198  -2626.1251137745439     
         199  -2606.2060749372918     
         200  -2603.1664897651444     
         201  -2600.0830148092759     
         202  -2599.6777639000215     
         203  -2581.7746360097931     
         204  -2576.9240423010788     
         205  -2593.3246897742179     
         206  -2548.6672443655698     
         207  -2528.8177203387149     
         208  -2592.8865751165417     
         209  -2588.8745658553030     
         210  -2574.2253039908524     
         211  -2636.1359215250027     
         212  -2655.4665891983927     
         213  -2635.4384319196911     
         214  -2630.4392634504325     
         215  -2617.6671737323181     
         216  -2603.5342366385462     
         217  -2599.8648546778450     
         218  -2612.7690580254102     
         219  -2603.2525363334212     
         220  -2585.6267965694337     
         221  -2567.2153133297916     
         222  -2626.9123597370763     
         223  -2619.6546143487662     
         224  -2663.3111721022883     
         225  -2696.5396714815943     
         226  -2730.8335850468720     
         227  -2682.3937778513405     
         228  -2554.7025796709113     
         229  -2570.2515533829333     
         230  -2552.3563801799560     
         231  -2577.5464957954568     
         232  -2588.9322733624540     
         233  -2602.8045219605033     
         234  -2554.9416736352150     
         235  -2595.3312204234235     
         236  -2590.2070876686025     
         237  -2564.3982802401201     
         238  -2619.4311417297758     
         239  -2566.9576670849492     
         240  -2608.1456096639217     
         241  -2653.0836094666320     
         242  -2603.6894381666225     
         243  -2557.5215871516011     
         244  -2617.5500897920829     
         245  -2599.7971028055927     
         246  -2541.8627164851491     
         247  -2572.5915665036268     
         248  -2598.3110996039113     
         249  -2519.0337700151135     
         250  -2541.5009065942954     
         251  -2593.9850797181934     
         252  -2549.9408090420475     
         253  -2642.8385425747806     
         254  -2587.2798911425480     
         255  -2572.5592312681447     
         256  -2605.2992473306872     
         257  -2616.5405076755428     
         258  -2547.0125496110259     
         259  -2536.5909843082732     
         260  -2593.0752766335977     
         261  -2592.5785915158435     
         262  -2588.4267986816767     
         263  -2630.8353415727347     
         264  -2586.1524056604171     
         265  -2586.5847959068105     
         266  -2573.2992800099641     
         267  -2574.8843111662036     
         268  -2585.0840197260100     
         269  -2624.6141834002647     
         270  -2693.1193867559559     
         271  -2662.6938618878817     
         272  -2631.8968433231457     
         273  -2615.9798439710357     
         274  -2606.1064599779838     
         275  -2601.8553750408887     
         276  -2617.1980248466339     
         277  -2598.1501878573504     
         278  -2620.9324835615375     
         279  -2627.4904930151356     
         280  -2574.1245751726728     
         281  -2607.9639310375146     
         282  -2599.8922764248459     
         283  -2547.6969395938140     
         284  -2613.7243303878731     
         285  -2575.3952253067287     
         286  -2650.8744148149035     
         287  -2619.5331555027933     
         288  -2634.3138265249172     
         289  -2610.8243157030342     
         290  -2582.7127754510852     
         291  -2546.9869812993147     
         292  -2564.7009716660828     
         293  -2544.9172874817887     
         294  -2611.5852359128430     
         295  -2577.0946316858990     
         296  -2561.8535686273008     
         297  -2621.4741208494529     
         298  -2601.9998006488918     
         299  -2643.7486300543433     
         300  -2584.8703204002395     
         301  -2579.5850254581792     
         302  -2611.9808982567433     
         303  -2639.7249272718987     
         304  -2601.0149598720650     
         305  -2591.5253609418892     
         306  -2612.7995406080422     
         307  -2662.5396752001479     
         308  -2640.2758953044972     
         309  -2621.9566294337701     
         310  -2632.4502566476181     
         311  -2616.6105850667805     
         312  -2601.8808937336726     
         313  -2607.1146229963770     
         314  -2580.1883048801592     
         315  -2584.3349030630802     
         316  -2601.3534602208551     
         317  -2600.8531897319845     
         318  -2573.6870776940491     
         319  -2641.7483960242025     
         320  -2643.4296691460959     
         321  -2606.8641708105265     
         322  -2550.4403451574603     
         323  -2650.3143962216609     
         324  -2605.1799013945579     
         325  -2588.1388498575079     
         326  -2579.0488946784985     
         327  -2537.1710030933523     
         328  -2522.2950702662470     
         329  -2541.2042205497287     
         330  -2511.6874477041724     
         331  -2588.7482937976979     
         332  -2632.4156458445523     
         333  -2608.0465888981544     
         334  -2584.1357876060320     
         335  -2552.0865223442411     
         336  -2620.1041596641035     
         337  -2628.4757800507987     
         338  -2599.4335244979784     
         339  -2567.1786503444987     
         340  -2630.2403207420675     
         341  -2564.8879146769668     
         342  -2589.6833156232365     
         343  -2525.1431658756519     
         344  -2595.8736186698980     
         345  -2590.2382418453744     
         346  -2603.1020594529155     
         347  -2589.7624548932827     
         348  -2576.4261188440214     
         349  -2537.4288401894346     
         350  -2506.8301408644770     
         351  -2524.3203400225802     
         352  -2548.8175192970475     
         353  -2595.6907012813035     
         354  -2590.1650279647565     
         355  -2596.9315193078837     
         356  -2597.4953002422153     
         357  -2541.3594151258944     
         358  -2566.2761873145610     
         359  -2535.5958085855245     
         360  -2555.3809585281479     
         361  -2545.2004708008794     
         362  -2563.9931082095873     
         363  -2602.9689426505684     
         364  -2552.4392907056204     
         365  -2569.5511817645206     
         366  -2515.2664445721075     
         367  -2610.0255785398899     
         368  -2613.0979570610612     
         369  -2605.8980157932328     
         370  -2598.1554820380079     
         371  -2596.9741006532840     
         372  -2533.3891414799655     
         373  -2541.6837758726701     
         374  -2542.8846476658960     
         375  -2625.4378385260611     
         376  -2636.3355761387393     
         377  -2602.8285557054255     
         378  -2590.2278057306376     
         379  -2591.2671090139261     
         380  -2580.3521272328981     
         381  -2566.4901415769245     
         382  -2558.9029930968181     
         383  -2591.5076695768166     
         384  -2596.5362532464501     
         385  -2604.9298228613306     
         386  -2615.1928743583303     
         387  -2628.9150598327319     
         388  -2607.8586234221380     
         389  -2612.1123234776942     
         390  -2549.7682661705039     
         391  -2578.9949157782285     
         392  -2601.4158310320631     
         393  -2604.0916938756691     
         394  -2571.8717927716216     
         395  -2595.8138504505282     
         396  -2582.5508508769781     
         397  -2612.0051818718198     
         398  -2583.3497679296261     
         399  -2584.8299535955471     
         400  -2605.5000419885305     
         401  -2614.6393472550740     
         402  -2638.3746611461911     
         403  -2638.6306047331668     
         404  -2610.3657352860905     
         405  -2583.4271072628453     
         406  -2602.3731433817861     
         407  -2568.2150681557841     
         408  -2525.3374878872814     
         409  -2518.3260798985798     
         410  -2568.5742855054727     
         411  -2578.2928841367548     
         412  -2578.9336195173883     
         413  -2576.7284048847860     
         414  -2562.5547166474216     
         415  -2485.4120789296162     
         416  -2520.5162533472503     
         417  -2532.0499375711393     
         418  -2550.6008579167519     
         419  -2504.2592132873592     
         420  -2522.7108800157557     
         421  -2468.7047388463193     
         422  -2560.0490813696756     
         423  -2631.1832607100819     
         424  -2591.7232035199413     
         425  -2610.1029497022678     
         426  -2581.2932671333151     
         427  -2580.8374792256413     
         428  -2583.0524589419879     
         429  -2613.6055251706111     
         430  -2621.7592695157609     
         431  -2636.1265538312159     
         432  -2605.9468555298599     
         433  -2633.8579918590817     
         434  -2632.7813998837005     
         435  -2583.4776098837501     
         436  -2619.5307946462854     
         437  -2610.1921143766353     
         438  -2579.1745946303572     
         439  -2608.6274610666019     
         440  -2637.8533042432455     
         441  -2570.6652653934216     
         442  -2637.2567672615164     
         443  -2685.9997495464836     
         444  -2661.5850435588768     
         445  -2677.4132789680211     
         446  -2592.6599840862991     
         447  -2591.6947264976566     
         448  -2577.0410804997427     
         449  -2602.0807156524638     
         450  -2596.0117372326654     
         451  -2540.6360782789611     
         452  -2630.4664725160496     
         453  -2634.7944490895793     
         454  -2585.2150487506783     
         455  -2598.2046994834404     
         456  -2621.5890674904731     
         457  -2661.2828602401405     
         458  -2660.8789785481840     
         459  -2621.8453796289386     
         460  -2619.5257729079867     
         461  -2600.2639675301448     
         462  -2636.1556210862132     
         463  -2621.9364469469479     
         464  -2629.6975046875041     
         465  -2662.5585658425657     
         466  -2629.0569652494387     
         467  -2621.9399958733779     
         468  -2590.7830721209648     
         469  -2613.8220368253747     
         470  -2665.9610767141971     
         471  -2667.2525375443511     
         472  -2662.1074202564369     
         473  -2643.8334020254410     
         474  -2614.9094346494448     
         475  -2595.9339963877178     
         476  -2573.6250576191405     
         477  -2611.8081640101877     
         478  -2689.3626877901156     
         479  -2646.3294535005284     
         480  -2663.2126008562950     
         481  -2610.0855317630499     
         482  -2593.7337942410200     
         483  -2595.2757213969985     
         484  -2542.2296005522376     
         485  -2520.1824733887538     
         486  -2591.6611534184485     
         487  -2576.7870599252410     
         488  -2614.8814678430449     
         489  -2550.4454013846580     
         490  -2625.1631542746522     
         491  -2538.0956635082302     
         492  -2528.7297208548807     
         493  -2548.8615720349744     
         494  -2604.3846674466972     
         495  -2535.2962211082913     
         496  -2576.1681804060004     
         497  -2592.4169101944399     
         498  -2564.7048970501096     
         499  -2570.3159894564528     
         500  -2567.6576908849001     
         501  -2566.5916693586828     
         502  -2559.0838677177940     
         503  -2542.2839447185193     
         504  -2554.7207206633534     
         505  -2620.3396422514961     
         506  -2611.5056929153807     
         507  -2604.9012771931943     
         508  -2586.3133040138791     
         509  -2576.8328359529200     
         510  -2630.7624710469831     
         511  -2596.9801826670378     
         512  -2624.1855647449338     
         513  -2606.4184675692450     
         514  -2587.0635252889574     
         515  -2597.4651097353935     
         516  -2578.9067112876282     
         517  -2606.5672379104071     
         518  -2632.2943324843964     
         519  -2562.7309532261620     
         520  -2577.1854447459759     
         521  -2544.5361606386768     
         522  -2539.5347354851997     
         523  -2542.8468686331526     
         524  -2546.3877467397178     
         525  -2537.6131882336495     
         526  -2540.3877512213344     
         527  -2516.0938500461129     
         528  -2530.3323195374801     
         529  -2493.3771218956326     
         530  -2549.7015445108627     
         531  -2542.9989071049195     
         532  -2540.0047689622006     
         533  -2500.7374871478060     
         534  -2533.7944067370304     
         535  -2552.7630339245507     
         536  -2585.4896054399464     
         537  -2645.1948928083730     
         538  -2603.0626286661554     
         539  -2593.8902553100679     
         540  -2581.8924897632173     
         541  -2573.9699673395967     
         542  -2558.3695075205155     
         543  -2590.2810157863291     
         544  -2570.0878155047635     
         545  -2511.8158648732174     
         546  -2522.1719498694993     
         547  -2562.5648464551168     
         548  -2577.9338790099764     
         549  -2586.1407629113733     
         550  -2594.9198329535875     
         551  -2574.5408573072232     
         552  -2506.1732973770568     
         553  -2515.9573798404722     
         554  -2540.9880488478675     
         555  -2571.7787885675934     
         556  -2564.3956119325935     
         557  -2560.6653041289492     
         558  -2559.9435454249547     
         559  -2584.6225485546070     
         560  -2541.4806586571435     
         561  -2564.2904875161198     
         562  -2587.2329969463817     
         563  -2596.9412056664614     
         564  -2590.1984033955109     
         565  -2584.8441300665395     
         566  -2549.5504256321410     
         567  -2546.9070326789242     
         568  -2615.6649720589066     
         569  -2604.3031189295034     
         570  -2608.8611124566892     
         571  -2564.7830795635400     
         572  -2541.5061591925019     
         573  -2516.5238286465551     
         574  -2566.3217722711438     
         575  -2568.9408262948127     
         576  -2546.9489162891850     
         577  -2607.8599951671099     
         578  -2502.9217276763443     
         579  -2577.6131191631744     
         580  -2601.1029921409136     
         581  -2626.4016303881785     
         582  -2625.7992095214599     
         583  -2592.3574691512722     
         584  -2585.0654464344302     
         585  -2546.4671899359541     
         586  -2568.8722418000821     
         587  -2516.6794638429528     
         588  -2526.3589059138612     
         589  -2504.3484906319577     
         590  -2533.3952001221983     
         591  -2488.7385074577046     
         592  -2511.3881267777779     
         593  -2578.7711360888325     
         594  -2558.5042378604785     
         595  -2520.1436868875862     
         596  -2563.6879748501856     
         597  -2575.2457108269032     
         598  -2507.0811936984746     
         599  -2555.1887238519644     
         600  -2544.9598078244044     
         601  -2548.1085449679404     
         602  -2569.0638942429246     
         603  -2592.0765299935219     
         604  -2539.2970484204934     
         605  -2548.6990686352483     
         606  -2531.8126788836198     
         607  -2508.9493395643544     
         608  -2512.2466787481821     
         609  -2566.6799359276079     
         610  -2533.3218368819880     
         611  -2493.7157046233210     
         612  -2522.8150723975459     
         613  -2529.8596231354340     
         614  -2548.3690754771774     
         615  -2522.1411587392408     
         616  -2503.3795563795711     
         617  -2537.0230183044232     
         618  -2597.6727164249896     
         619  -2625.5273847167841     
         620  -2620.9757406468029     
         621  -2593.4517544602991     
         622  -2604.4335688891356     
         623  -2590.1645175368544     
         624  -2547.7854142877763     
         625  -2496.0158819048020     
         626  -2531.9032322042631     
         627  -2554.8820124685571     
         628  -2539.8972995606259     
         629  -2573.4679661712967     
         630  -2545.8784423308352     
         631  -2598.7783983189192     
         632  -2547.2502479534342     
         633  -2600.1108266494402     
         634  -2586.5521893600835     
         635  -2555.7603020807919     
         636  -2606.8924616771415     
         637  -2633.4703736155166     
         638  -2594.6865048374848     
         639  -2536.9411264533519     
         640  -2500.8695788420468     
         641  -2580.1690471518300     
         642  -2571.0782621628364     
         643  -2603.2150095626753     
         644  -2658.5465848213016     
         645  -2648.4209054201538     
         646  -2608.1114979024674     
         647  -2584.6530230402454     
         648  -2587.4384290704038     
         649  -2594.4060233742371     
         650  -2566.1514146098893     
         651  -2549.9871450346659     
         652  -2545.0861330128346     
         653  -2517.3043697142784     
         654  -2594.0684615723644     
         655  -2538.7433036855073     
         656  -2535.1274170940360     
         657  -2540.5473513967399     
         658  -2608.0989526780013     
         659  -2560.5058624878307     
         660  -2554.2405880172455     
         661  -2560.1141108015649     
         662  -2581.2942820932135     
         663  -2531.8349124869887     
         664  -2521.2471833264394     
         665  -2642.4253215806084     
         666  -2632.2054636151843     
         667  -2666.5888141093751     
         668  -2683.9783468676828     
         669  -2691.5727956693290     
         670  -2660.3212759295534     
         671  -2603.3816789540815     
         672  -2612.6373493721835     
         673  -2598.5312001068160     
         674  -2611.6048936746993     
         675  -2591.0064126164489     
         676  -2629.2424437099585     
         677  -2619.7335644632326     
         678  -2622.4302541816787     
         679  -2601.9408591914380     
         680  -2659.2750669669717     
         681  -2622.7587670324160     
         682  -2584.4304785404015     
         683  -2547.1101613681772     
         684  -2504.3128311192027     
         685  -2569.0904448470797     
         686  -2587.0645186212055     
         687  -2553.0917911184824     
         688  -2571.9595069819734     
         689  -2551.9475241874843     
         690  -2537.4900108718307     
         691  -2596.0182231612384     
         692  -2600.0179920142436     
         693  -2555.1013563203724     
         694  -2611.1289732081082     
         695  -2512.1205676741711     
         696  -2521.7848065688522     
         697  -2517.4428319894414     
         698  -2546.7625114675811     
         699  -2544.9632361993599     
         700  -2595.7624315393905     
         701  -2604.4903361264851     
         702  -2580.0787843746411     
         703  -2587.7309271354711     
         704  -2549.1710502287365     
         705  -2549.9216134482299     
         706  -2510.4051168289566     
         707  -2532.9081470236911     
         708  -2553.4266641875543     
         709  -2596.6711037206069     
         710  -2593.0312539165543     
         711  -2620.2346058988351     
         712  -2605.7594577667614     
         713  -2569.7528266548916     
         714  -2570.4871262966585     
         715  -2594.6215454078329     
         716  -2639.6034481449501     
         717  -2591.4716556957674     
         718  -2605.8059802694056     
         719  -2603.7583905645256     
         720  -2606.2535785871733     
         721  -2569.1004456340670     
         722  -2601.3701007060440     
         723  -2624.1748202715203     
         724  -2579.3817939853193     
         725  -2515.8475635393406     
         726  -2546.8999634915085     
         727  -2541.8596830377110     
         728  -2547.7710656628897     
         729  -2526.7475395326546     
         730  -2581.8303617768079     
         731  -2616.2506439603899     
         732  -2600.9836532451613     
         733  -2617.8491904824205     
         734  -2609.5465392296619     
         735  -2557.0375497112327     
         736  -2510.8811807293182     
         737  -2583.5238780479235     
         738  -2529.4139079618112     
         739  -2535.2939649015002     
         740  -2578.2574496320199     
         741  -2618.0863328960927     
         742  -2561.5584776109904     
         743  -2571.5936336954533     
         744  -2604.5831007317852     
         745  -2549.1894287512255     
         746  -2587.0686558892371     
         747  -2575.3184288359653     
         748  -2574.9913135959509     
         749  -2609.9829430848195     
         750  -2567.6065819178093     
         751  -2541.6474829624622     
         752  -2579.4274697944570     
         753  -2542.2297626010409     
         754  -2568.7138332994273     
         755  -2559.6397904423216     
         756  -2593.7445202542294     
         757  -2571.9322089755501     
         758  -2558.5937484894998     
         759  -2535.7743755337069     
         760  -2534.0358712059597     
         761  -2558.3516626415685     
         762  -2561.7284688107757     
         763  -2495.2312546200847     
         764  -2554.4333647246808     
         765  -2542.6222775415963     
         766  -2573.7994989338918     
         767  -2584.0625256792764     
         768  -2560.1697634582615     
         769  -2666.6596439637583     
         770  -2640.7862737392938     
         771  -2625.1936792115848     
         772  -2627.7661628932133     
         773  -2593.1326181816244     
         774  -2587.6747250866092     
         775  -2552.3498393424252     
         776  -2581.5763964147882     
         777  -2595.4712750852714     
         778  -2570.8936785669516     
         779  -2593.8645920243539     
         780  -2575.1623399700643     
         781  -2552.1887430242359     
         782  -2529.4784536231832     
         783  -2552.0465918755558     
         784  -2530.9481429368434     
         785  -2568.9934945765967     
         786  -2543.2198701163102     
         787  -2580.3967020947189     
         788  -2543.9895869829534     
         789  -2517.1972158118128     
         790  -2515.4737131860520     
         791  -2578.1827669629074     
         792  -2569.3891765637395     
         793  -2607.8036271561386     
         794  -2609.6750925967181     
         795  -2549.9285950814178     
         796  -2527.3663662078275     
         797  -2637.1860036618655     
         798  -2594.8395269242155     
         799  -2607.7493772311113     
         800  -2581.9323360237058     
         801  -2557.5097060822036     
         802  -2534.8483691931351     
         803  -2556.1575394380689     
         804  -2576.3106017867008     
         805  -2526.8450699855125     
         806  -2630.2588573311295     
         807  -2689.4474344030027     
         808  -2647.1860928277520     
         809  -2596.7515599131684     
         810  -2600.7543340543912     
         811  -2559.4178493107352     
         812  -2578.9834896061479     
         813  -2599.7551745274791     
         814  -2569.3938147277149     
         815  -2561.9260354073936     
         816  -2546.9639709607350     
         817  -2575.2140412171098     
         818  -2579.9002589731735     
         819  -2561.2982160344018     
         820  -2573.1216921702694     
         821  -2532.2771161610731     
         822  -2504.2331874293391     
         823  -2542.3429378899236     
         824  -2495.2568240703636     
         825  -2486.4827709875226     
         826  -2504.9642687171972     
         827  -2533.2792875136497     
         828  -2516.1191759962403     
         829  -2512.4571370435829     
         830  -2569.7675015791228     
         831  -2564.3818600618324     
         832  -2492.8274892305053     
         833  -2550.3151528613789     
         834  -2540.0596149356365     
         835  -2562.1103609868373     
         836  -2530.7783158977586     
         837  -2548.3879813999265     
         838  -2573.9596904933055     
         839  -2557.0179623613349     
         840  -2559.1593494631134     
         841  -2594.0338391534360     
         842  -2561.0913288390320     
         843  -2590.5108507587061     
         844  -2593.6634727430301     
         845  -2592.0154540484773     
         846  -2578.4356018946532     
         847  -2561.8448027398695     
         848  -2494.2848441647593     
         849  -2480.5267312847104     
         850  -2457.4390850868044     
         851  -2503.0923333590072     
         852  -2487.3475704464513     
         853  -2511.3889809840589     
         854  -2527.1142641917750     
         855  -2525.6970179886944     
         856  -2513.8135485368007     
         857  -2536.2873690444990     
         858  -2576.4669606434645     
         859  -2550.8149759806097     
         860  -2591.0587464587425     
         861  -2535.0540423915722     
         862  -2528.9471203679122     
         863  -2553.8294225177815     
         864  -2570.5341513475605     
         865  -2600.9424154304970     
         866  -2583.3870798827852     
         867  -2564.3576506717604     
         868  -2578.6007628978746     
         869  -2602.1657428908220     
         870  -2557.7326566258207     
         871  -2559.1496087437686     
         872  -2527.4382333680887     
         873  -2562.0378426303982     
         874  -2582.3052570649143     
         875  -2505.4794714504146     
         876  -2548.3538157611329     
         877  -2588.1871907901791     
         878  -2551.0859769557474     
         879  -2560.4623915603897     
         880  -2532.1547730162779     
         881  -2577.2517194748339     
         882  -2562.6879527750061     
         883  -2501.9862460803270     
         884  -2548.1740861907724     
         885  -2521.0117960028501     
         886  -2524.2365934793102     
         887  -2536.1071450679005     
         888  -2558.0684468765403     
         889  -2515.3516013744611     
         890  -2540.3945024595250     
         891  -2509.6185830210375     
         892  -2521.3137715222397     
         893  -2582.9567415477181     
         894  -2538.4997955321646     
         895  -2521.4136515938139     
         896  -2553.4891970035337     
         897  -2480.4822912108989     
         898  -2510.8443260165600     
         899  -2574.9561038405477     
         900  -2540.0718208147759     
         901  -2600.4388781889957     
         902  -2600.6995479861339     
         903  -2546.0449328194868     
         904  -2538.3484303336636     
         905  -2519.5128022556214     
         906  -2553.2141865521130     
         907  -2518.0581420665731     
         908  -2484.0322422515537     
         909  -2534.0363603005349     
         910  -2544.6652002582414     
         911  -2549.7376477507783     
         912  -2520.1756447789753     
         913  -2466.4481877123371     
         914  -2474.7937583365824     
         915  -2506.2416808269304     
         916  -2525.0401863198440     
         917  -2535.7700714604002     
         918  -2540.2607573499135     
         919  -2525.7477044760608     
         920  -2511.3406868048819     
         921  -2520.2774299543694     
         922  -2516.0769470203068     
         923  -2509.5317735716235     
         924  -2567.6616428853908     
         925  -2511.9210714538644     
         926  -2520.3030854526160     
         927  -2542.6344371084306     
         928  -2551.0283896779247     
         929  -2530.8720534439854     
         930  -2508.5580818377716     
         931  -2511.4250439268776     
         932  -2520.8905363795461     
         933  -2563.1306086317354     
         934  -2574.5179608589556     
         935  -2539.7359321607632     
         936  -2507.4775588350999     
         937  -2570.8044667615281     
         938  -2585.4569750249034     
         939  -2594.8565565352219     
         940  -2647.7281867575539     
         941  -2609.3112289704804     
         942  -2614.7781607128613     
         943  -2562.4895533835488     
         944  -2564.1898680593517     
         945  -2598.8137836875717     
         946  -2558.9272033969009     
         947  -2547.7122874972506     
         948  -2587.9786243829126     
         949  -2574.7879701014872     
         950  -2551.2670848885491     
         951  -2548.3298428157536     
         952  -2597.3895279027570     
         953  -2575.6377084412056     
         954  -2620.9306838052971     
         955  -2595.8342470114621     
         956  -2518.0006886280848     
         957  -2519.9594001525256     
         958  -2623.6458197724805     
         959  -2614.9156273264466     
         960  -2705.0601766451528     
         961  -2570.4358459570335     
         962  -2612.7517510836733     
         963  -2625.2481339979586     
         964  -2595.2805450371748     
         965  -2590.2136641627990     
         966  -2574.5742394448353     
         967  -2587.2521428550667     
         968  -2560.0420512660912     
         969  -2620.3601429606688     
         970  -2598.5750964730619     
         971  -2657.6353412127883     
         972  -2592.5071913780512     
         973  -2595.6341484505347     
         974  -2582.3548910125301     
         975  -2587.4690155057242     
         976  -2565.4979764190912     
         977  -2590.2657182796988     
         978  -2537.6166427079866     
         979  -2561.8194051815817     
         980  -2572.3218986284619     
         981  -2569.4479321593576     
         982  -2613.0982247258121     
         983  -2650.3389432987306     
         984  -2638.0832428164854     
         985  -2617.7046369623345     
         986  -2603.9470644466651     
         987  -2585.1865447214532     
         988  -2597.0847755207610     
         989  -2611.4837382538117     
         990  -2569.5606802827087     
         991  -2596.7923273189513     
         992  -2579.4715451010320     
         993  -2598.7078880684253     
         994  -2555.0170863942044     
         995  -2558.4321659159896     
         996  -2530.7254035830751     
         997  -2494.3207771785501     
         998  -2600.0927589495791     
         999  -2598.2667984977606     
        1000  -2603.7448314032199     
        1001  -2589.8264007269313     
        1002  -2579.2633612905670     
        1003  -2571.4358664806900     
        1004  -2555.9896268894486     
        1005  -2543.9836329061823     
        1006  -2516.1908013664652     
        1007  -2540.5776182764962     
        1008  -2529.0652274643157     
        1009  -2511.8376777606759     
        1010  -2543.8191973597682     
        1011  -2545.0844977268157     
        1012  -2549.2838748470344     
        1013  -2607.6794182556541     
        1014  -2600.8482328610285     
        1015  -2595.0756542191903     
        1016  -2577.4943414413615     
        1017  -2553.5334017564551     
        1018  -2586.9077871571558     
        1019  -2548.1208812508653     
        1020  -2600.7638554967843     
        1021  -2548.0595245627369     
        1022  -2572.1398490122874     
        1023  -2571.0959316381891     
        1024  -2594.4735620224224     
        1025  -2540.7976787765770     
        1026  -2562.3026383666261     
        1027  -2610.0495626397542     
        1028  -2525.8160508871565     
        1029  -2566.6107578329256     
        1030  -2571.5674630260660     
        1031  -2538.7385687112719     
        1032  -2540.6204540945828     
        1033  -2607.6251211971894     
        1034  -2611.3211915005954     
        1035  -2592.6708634910874     
        1036  -2607.4073042464152     
        1037  -2568.5784573567785     
        1038  -2599.4506318964627     
        1039  -2564.6719757014330     
        1040  -2578.6322523447511     
        1041  -2577.5537541905187     
        1042  -2508.0688471768431     
        1043  -2510.0060523127868     
        1044  -2565.8254554666660     
        1045  -2532.2282705272951     
        1046  -2548.5231761881805     
        1047  -2597.4919156803708     
        1048  -2591.8699616035560     
        1049  -2585.7156572511699     
        1050  -2583.4399258208232     
        1051  -2553.5472074867025     
        1052  -2537.5215079402633     
        1053  -2569.2963993121471     
        1054  -2620.5443724650299     
        1055  -2603.5145478465683     
        1056  -2610.2542633882595     
        1057  -2595.9551603627106     
        1058  -2587.6465120550215     
        1059  -2580.4597092979911     
        1060  -2511.7828682476497     
        1061  -2569.7630702282918     
        1062  -2640.9994521759295     
        1063  -2627.4502855327369     
        1064  -2582.6166872747754     
        1065  -2595.5669367833893     
        1066  -2551.3933675206044     
        1067  -2583.8506778133087     
        1068  -2558.3212432665932     
        1069  -2644.8842790675822     
        1070  -2606.9060682362242     
        1071  -2570.5949327015451     
        1072  -2604.7992774623631     
        1073  -2550.9722877559984     
        1074  -2574.8223003586022     
        1075  -2559.2762835471935     
        1076  -2560.6026341300021     
        1077  -2576.2124422579113     
        1078  -2558.3152351627227     
        1079  -2546.9487320504450     
        1080  -2563.9472122649504     
        1081  -2552.7267958302127     
        1082  -2524.9982171020133     
        1083  -2568.8137722250453     
        1084  -2526.7021996391618     
        1085  -2572.2633909379720     
        1086  -2568.9602959178978     
        1087  -2592.0121603041493     
        1088  -2573.0541422463493     
        1089  -2608.7427384631524     
        1090  -2585.2575931265178     
        1091  -2604.4750231413564     
        1092  -2532.5831567072787     
        1093  -2514.3150085085254     
        1094  -2476.8023982585901     
        1095  -2482.1422452193688     
        1096  -2535.3589774686748     
        1097  -2569.4915945453381     
        1098  -2586.9482914630676     
        1099  -2539.2078354788268     
        1100  -2561.5791894040676     
        1101  -2590.7342819583910     
        1102  -2562.6601589040897     
        1103  -2577.1849274558308     
        1104  -2557.2039105438630     
        1105  -2599.3035668889597     
        1106  -2640.9108571168204     
        1107  -2588.3409922859087     
        1108  -2602.2761776420243     
        1109  -2590.2807245477952     
        1110  -2563.6713866545301     
        1111  -2520.1062189088793     
        1112  -2527.8625367277950     
        1113  -2546.2125615434552     
        1114  -2548.6529231404493     
        1115  -2564.4258662701891     
        1116  -2590.8302147866157     
        1117  -2608.7352860828282     
        1118  -2616.1237809654704     
        1119  -2583.3061912162452     
        1120  -2556.3014706172739     
        1121  -2550.8111382100747     
        1122  -2528.6231910455399     
        1123  -2513.5841499142625     
        1124  -2548.4948629951668     
        1125  -2612.8134372504205     
        1126  -2549.8881292442097     
        1127  -2527.5882857829301     
        1128  -2584.0245222529888     
        1129  -2561.1170275065851     
        1130  -2593.0645194940216     
        1131  -2571.7137476213184     
        1132  -2566.9215446135227     
        1133  -2572.0385019503155     
        1134  -2618.3496534131573     
        1135  -2589.8299091375461     
        1136  -2588.6302325247912     
        1137  -2546.7793691477914     
        1138  -2544.0835750151264     
        1139  -2531.9083579020685     
        1140  -2565.6545401982476     
        1141  -2603.0859045662091     
        1142  -2628.9979916086581     
        1143  -2554.5503934051558     
        1144  -2599.6071743753896     
        1145  -2593.5068067102593     
        1146  -2565.0267638708829     
        1147  -2615.1619019087198     
        1148  -2577.2702854558638     
        1149  -2565.3824755193268     
        1150  -2581.1680859763933     
        1151  -2524.1469870646019     
        1152  -2536.1192128046791     
        1153  -2559.6565580343922     
        1154  -2612.3920663978402     
        1155  -2590.8537399279639     
        1156  -2521.7181176478916     
        1157  -2486.8652886372406     
        1158  -2473.7886709003560     
        1159  -2595.6321593686148     
        1160  -2586.7524039691084     
        1161  -2605.4432428298423     
        1162  -2599.3886230686217     
        1163  -2617.0781339387568     
        1164  -2541.3913328235849     
        1165  -2565.5196198445951     
        1166  -2472.9427286223022     
        1167  -2534.8719130611189     
        1168  -2590.4715719644100     
        1169  -2572.6688944239640     
        1170  -2588.7252267012473     
        1171  -2574.4216207273071     
        1172  -2629.1585561585348     
        1173  -2605.1532409280130     
        1174  -2574.8226193852406     
        1175  -2579.3584444370663     
        1176  -2569.4011580861352     
        1177  -2604.0004033358400     
        1178  -2597.1237237556534     
        1179  -2578.6295569114482     
        1180  -2570.4243764604103     
        1181  -2600.2020337567396     
        1182  -2591.9017294443674     
        1183  -2591.3455645899389     
        1184  -2559.4180648424799     
        1185  -2574.6687839790839     
        1186  -2563.5990055974762     
        1187  -2605.6616113285081     
        1188  -2605.0311768245269     
        1189  -2586.2055022692412     
        1190  -2565.9697437595264     
        1191  -2561.7335858202673     
        1192  -2617.5553855261360     
        1193  -2659.7786296272825     
        1194  -2628.5127457978319     
        1195  -2617.8370468195008     
        1196  -2638.2298092460060     
        1197  -2630.0674835888894     
        1198  -2621.6751392156798     
        1199  -2550.9429023921070     
        1200  -2532.7903249900264     
        1201  -2631.9170154680005     
        1202  -2569.0488747236573     
        1203  -2533.7368564001799     
        1204  -2566.4276240849827     
        1205  -2563.1025940741602     
        1206  -2538.7412262080557     
        1207  -2519.1346091545092     
        1208  -2539.9384408543360     
        1209  -2541.4076735345147     
        1210  -2575.5416209249033     
        1211  -2583.0873692079931     
        1212  -2561.6616154325347     
        1213  -2604.5516164488313     
        1214  -2558.7576742154042     
        1215  -2583.3423376327059     
        1216  -2590.4708924503216     
        1217  -2561.1176608617611     
        1218  -2649.8677428858991     
        1219  -2598.3946157419150     
        1220  -2574.6189887994155     
        1221  -2530.2788132923779     
        1222  -2538.4861569146888     
        1223  -2572.9129691872395     
        1224  -2565.8425075456371     
        1225  -2593.0735319328146     
        1226  -2561.4670509669368     
        1227  -2533.7749876331318     
        1228  -2576.0146971786680     
        1229  -2576.5452521921811     
        1230  -2591.1048259583954     
        1231  -2562.6206698178667     
        1232  -2602.7059125502856     
        1233  -2626.8412328492891     
        1234  -2626.1934003318584     
        1235  -2664.7545188599615     
        1236  -2642.7892465054306     
        1237  -2597.3703341574915     
        1238  -2579.7254911816717     
        1239  -2543.7676464732926     
        1240  -2564.5048210595069     
        1241  -2568.1727865622943     
        1242  -2526.2516690333714     
        1243  -2579.1899196789977     
        1244  -2624.8573064350448     
        1245  -2616.9701871809098     
        1246  -2598.8123965169543     
        1247  -2647.6418459332699     
        1248  -2562.7489122663201     
        1249  -2559.5074365963255     
        1250  -2501.9997289878361     
        1251  -2528.5934702354411     
        1252  -2526.3196671897458     
        1253  -2562.1162353671743     
        1254  -2588.3598889991040     
        1255  -2625.1853792013417     
        1256  -2543.1799296509403     
        1257  -2579.0387192619000     
        1258  -2583.0358920245403     
        1259  -2598.2061617379218     
        1260  -2566.5425785497901     
        1261  -2607.4436060860926     
        1262  -2606.6033200783236     
        1263  -2573.7489932174249     
        1264  -2560.3186284623998     
        1265  -2561.2019897016162     
        1266  -2582.9320583964559     
        1267  -2584.7208176671365     
        1268  -2588.4648670725960     
        1269  -2598.8115595548052     
        1270  -2627.8847764533721     
        1271  -2630.8186320731602     
        1272  -2597.8419393912823     
        1273  -2600.0093968501983     
        1274  -2575.5889884436860     
        1275  -2584.2612504681574     
        1276  -2555.0848282255502     
        1277  -2602.9175575075369     
        1278  -2614.7329066662664     
        1279  -2651.4119870502732     
        1280  -2616.3510855761328     
        1281  -2548.1696577578505     
        1282  -2618.7405046714025     
        1283  -2629.7288770110422     
        1284  -2554.0883155474044     
        1285  -2575.0560646828535     
        1286  -2626.4968222565944     
        1287  -2605.6543667353103     
        1288  -2615.3731167901537     
        1289  -2557.5371115576618     
        1290  -2600.4500711528271     
        1291  -2577.8910860152823     
        1292  -2587.3331638882928     
        1293  -2566.8072170459805     
        1294  -2570.8338783922836     
        1295  -2569.0169279740176     
        1296  -2624.0234062790291     
        1297  -2536.9273792620052     
        1298  -2582.3618602653114     
        1299  -2574.0493213298701     
        1300  -2524.9913585410013     
        1301  -2552.4761684076702     
        1302  -2578.8244517519856     
        1303  -2557.8276677261515     
        1304  -2560.1249139189113     
        1305  -2534.5413465996039     
        1306  -2563.3983633825765     
        1307  -2598.6774642048108     
        1308  -2579.1505707217457     
        1309  -2527.5936991904332     
        1310  -2556.6902041518033     
        1311  -2565.4823136841637     
        1312  -2562.8556810225286     
        1313  -2562.3389959339797     
        1314  -2592.3784378724172     
        1315  -2550.0673419852960     
        1316  -2599.8487530721377     
        1317  -2599.4943763622009     
        1318  -2533.3314458988793     
        1319  -2584.9153724945263     
        1320  -2593.9444036599298     
        1321  -2594.7565473259097     
        1322  -2616.8278777508231     
        1323  -2581.7391069332393     
        1324  -2573.1104899254015     
        1325  -2593.5938772874601     
        1326  -2569.2567438909678     
        1327  -2539.7375140256304     
        1328  -2498.6960981029474     
        1329  -2549.8874683721251     
        1330  -2543.6985697204868     
        1331  -2534.9350958808054     
        1332  -2650.8286810769641     
        1333  -2530.0880055810057     
        1334  -2493.5971925093845     
        1335  -2546.0618193373366     
        1336  -2510.8189099989968     
        1337  -2478.6811157745792     
        1338  -2560.8169206983930     
        1339  -2579.2159260724939     
        1340  -2590.0190480487940     
        1341  -2611.6659840788611     
        1342  -2638.8696715471210     
        1343  -2612.6915942542873     
        1344  -2580.2135631608085     
        1345  -2550.9147633275966     
        1346  -2534.9114802977915     
        1347  -2513.6849487466711     
        1348  -2554.5222297948412     
        1349  -2510.3014278851169     
        1350  -2533.6495399093724     
        1351  -2610.8251497632914     
        1352  -2594.6342733823967     
        1353  -2564.2749990335583     
        1354  -2558.7375305093328     
        1355  -2513.4862278027417     
        1356  -2542.5902938690247     
        1357  -2563.1310951989840     
        1358  -2542.7610478330703     
        1359  -2525.4909103347791     
        1360  -2526.3325729740222     
        1361  -2579.3794597464112     
        1362  -2544.5659248054294     
        1363  -2561.7651363430518     
        1364  -2580.4394402409480     
        1365  -2522.7610680411772     
        1366  -2560.1308521861101     
        1367  -2572.2495902587198     
        1368  -2516.2643912184672     
        1369  -2574.3877800259797     
        1370  -2571.5976356629885     
        1371  -2553.2943720299581     
        1372  -2572.8325038975368     
        1373  -2569.6382619321025     
        1374  -2561.8304699202317     
        1375  -2606.3786535977429     
        1376  -2617.3982949605620     
        1377  -2619.5484423395910     
        1378  -2617.8487664738641     
        1379  -2621.3149676935709     
        1380  -2626.5700834615186     
        1381  -2602.8899773529415     
        1382  -2596.7567317301632     
        1383  -2556.2906880374621     
        1384  -2575.4968265004932     
        1385  -2577.7205955845475     
        1386  -2541.8640734658675     
        1387  -2503.3258184078391     
        1388  -2501.3194911919763     
        1389  -2596.0845987923572     
        1390  -2550.3713890898812     
        1391  -2597.4294491593309     
        1392  -2572.9720249319143     
        1393  -2588.8648250289134     
        1394  -2543.8787413844648     
        1395  -2479.8100872070850     
        1396  -2554.1434356431919     
        1397  -2570.4906390204210     
        1398  -2609.0500222377600     
        1399  -2643.8372590421391     
        1400  -2579.1857087968306     
        1401  -2567.4528850536440     
        1402  -2574.0136152929035     
        1403  -2556.7021399278524     
        1404  -2500.4823386061889     
        1405  -2554.6707457588486     
        1406  -2580.8846273971826     
        1407  -2623.4841052137508     
        1408  -2585.8000669687185     
        1409  -2594.3720531963495     
        1410  -2594.6344104171230     
        1411  -2605.3709807685609     
        1412  -2634.9441967719908     
        1413  -2617.1923415610499     
        1414  -2552.5250501635833     
        1415  -2575.5534921074741     
        1416  -2558.6376220280481     
        1417  -2619.2213714208583     
        1418  -2645.3216493997838     
        1419  -2583.0077472031012     
        1420  -2575.3355272970616     
        1421  -2617.8058122313710     
        1422  -2610.1720542895409     
        1423  -2580.9382684129232     
        1424  -2586.6641390438604     
        1425  -2599.9057993781289     
        1426  -2564.4991360642339     
        1427  -2601.4090569450623     
        1428  -2583.6107477597475     
        1429  -2656.6004936851341     
        1430  -2669.9415447473539     
        1431  -2630.0456112011816     
        1432  -2638.2640925694659     
        1433  -2602.5155807509918     
        1434  -2621.2656744090750     
        1435  -2603.6848530277134     
        1436  -2673.0933044291278     
        1437  -2682.6370728217985     
        1438  -2691.2558199539080     
        1439  -2660.3315355017639     
        1440  -2577.5319762946924     
        1441  -2630.3579153424844     
        1442  -2657.6921583496319     
        1443  -2665.6359828268014     
        1444  -2672.7523957729536     
        1445  -2670.0358075090876     
        1446  -2582.3960333083924     
        1447  -2637.8599150977470     
        1448  -2598.3826318407073     
        1449  -2615.2849928510527     
        1450  -2613.6893649508070     
        1451  -2569.6469056506330     
        1452  -2608.5394762855735     
        1453  -2622.0361513962080     
        1454  -2596.6367225999325     
        1455  -2640.5459017800667     
        1456  -2653.6516586169359     
        1457  -2646.3296040714536     
        1458  -2609.5289113876547     
        1459  -2624.3676597779777     
        1460  -2565.6575556687862     
        1461  -2579.0900627620813     
        1462  -2585.7473956033837     
        1463  -2648.2680483565809     
        1464  -2666.8238415278261     
        1465  -2637.9360934760175     
        1466  -2594.7709826959745     
        1467  -2605.9604566772318     
        1468  -2583.9834241040144     
        1469  -2585.6975626721651     
        1470  -2623.6370822440003     
        1471  -2643.7028704703516     
        1472  -2597.5721035322431     
        1473  -2652.8167914459741     
        1474  -2722.1869827345345     
        1475  -2692.5378012685878     
        1476  -2675.0333914739649     
        1477  -2709.8823574053308     
        1478  -2658.2576354184948     
        1479  -2645.8427025176311     
        1480  -2666.7488272585665     
        1481  -2659.4411942889951     
        1482  -2673.8701359700954     
        1483  -2696.7937284648187     
        1484  -2696.3409069931272     
        1485  -2638.0758638353500     
        1486  -2669.1695133855715     
        1487  -2690.8380179708724     
        1488  -2680.6337843682231     
        1489  -2594.7573801501894     
        1490  -2565.7224839410637     
        1491  -2616.3848813901541     
        1492  -2629.0849822341102     
        1493  -2656.5909797754775     
        1494  -2652.8257289228573     
        1495  -2662.5295050545710     
        1496  -2603.5531130556292     
        1497  -2618.5576910919526     
        1498  -2618.8483054241760     
        1499  -2620.1232421602635     
        1500  -2593.6676597584083     
        1501  -2640.5729855520349     
        1502  -2645.9913485078741     
        1503  -2626.3711180710520     
        1504  -2607.6212323233444     
        1505  -2649.4260409988610     
        1506  -2628.5277313909319     
        1507  -2595.9251063375323     
        1508  -2589.8021460842447     
        1509  -2618.0898130615915     
        1510  -2631.9401019024567     
        1511  -2662.0433248421100     
        1512  -2629.4635225231964     
        1513  -2622.5643777955943     
        1514  -2610.9496853738769     
        1515  -2605.3001434032471     
        1516  -2629.6542987920920     
        1517  -2692.8321133679933     
        1518  -2682.5993242600421     
        1519  -2639.3280519825585     
        1520  -2682.6005215522196     
        1521  -2675.2873066083025     
        1522  -2637.0251962985894     
        1523  -2611.6866158420389     
        1524  -2633.1439793821396     
        1525  -2607.1712638545914     
        1526  -2630.6266974560881     
        1527  -2587.7817724785191     
        1528  -2620.0093296270416     
        1529  -2566.9292289424375     
        1530  -2593.4319208751785     
        1531  -2617.4856485234832     
        1532  -2574.9310849017693     
        1533  -2588.6935775344768     
        1534  -2589.6506430387572     
        1535  -2646.2450137232040     
        1536  -2628.5351899115662     
        1537  -2588.8783835481177     
        1538  -2580.3279804403965     
        1539  -2607.7941610690737     
        1540  -2515.7562443518614     
        1541  -2525.7716177648763     
        1542  -2604.3603184482890     
        1543  -2585.4612272053791     
        1544  -2588.3855962979665     
        1545  -2550.4083611511037     
        1546  -2618.9064987007805     
        1547  -2596.4124324435174     
        1548  -2556.9287092203635     
        1549  -2559.8333805905258     
        1550  -2547.0064539045297     
        1551  -2601.4969870175023     
        1552  -2622.5307670865395     
        1553  -2663.6566182697497     
        1554  -2659.8016212547705     
        1555  -2671.9263131812172     
        1556  -2659.1496211553913     
        1557  -2655.5431579829133     
        1558  -2622.8660906458031     
        1559  -2624.6451855925980     
        1560  -2590.7767862913524     
        1561  -2595.6134942331387     
        1562  -2610.8591706962184     
        1563  -2593.7465858703167     
        1564  -2572.4458659543629     
        1565  -2600.4726549820398     
        1566  -2641.4822724372220     
        1567  -2638.9703509741043     
        1568  -2629.1196677962803     
        1569  -2559.7743904357940     
        1570  -2540.1516905737208     
        1571  -2500.1414739137904     
        1572  -2563.2380251593850     
        1573  -2568.0298544592220     
        1574  -2575.3237495678895     
        1575  -2561.2813896063517     
        1576  -2539.0202749907971     
        1577  -2587.0013967173309     
        1578  -2531.1312802774050     
        1579  -2503.9034480879322     
        1580  -2547.3157343862449     
        1581  -2614.8347699944220     
        1582  -2589.1442617576004     
        1583  -2548.9310850544539     
        1584  -2597.5986238135106     
        1585  -2600.5726732382086     
        1586  -2607.6034262996450     
        1587  -2538.6188785509817     
        1588  -2582.6451005877107     
        1589  -2590.3456019824812     
        1590  -2570.4405922742799     
        1591  -2562.8432562643929     
        1592  -2586.1041764109204     
        1593  -2619.5186513069011     
        1594  -2643.0656447273273     
        1595  -2598.0842434742640     
        1596  -2647.0260138804397     
        1597  -2656.4007208502999     
        1598  -2648.2663564654476     
        1599  -2648.7281077907646     
        1600  -2633.4826203192565     
        1601  -2579.0298669182616     
        1602  -2593.9833069089668     
        1603  -2573.3679013871829     
        1604  -2617.9336883629862     
        1605  -2612.0564911162223     
        1606  -2604.6841673174472     
        1607  -2602.4542081431568     
        1608  -2574.9556516200932     
        1609  -2594.2366356758534     
        1610  -2601.4612648498687     
        1611  -2599.1830382875173     
        1612  -2582.1261238371817     
        1613  -2611.3268741472280     
        1614  -2631.3167100977139     
        1615  -2650.6026361759227     
        1616  -2619.5641271621603     
        1617  -2669.5523067563581     
        1618  -2657.3394320994603     
        1619  -2652.2573327494829     
        1620  -2637.9457047656742     
        1621  -2650.3216737174448     
        1622  -2601.8836324670870     
        1623  -2619.6903284155087     
        1624  -2666.4008270534250     
        1625  -2655.3238763823979     
        1626  -2611.3711211330765     
        1627  -2524.6960956982971     
        1628  -2578.0151441644098     
        1629  -2587.4779927860441     
        1630  -2661.6695579270199     
        1631  -2627.4528056642384     
        1632  -2585.0037495368060     
        1633  -2578.3952491947075     
        1634  -2580.7318383019619     
        1635  -2580.4533312336912     
        1636  -2565.5084282371481     
        1637  -2527.8719453996582     
        1638  -2564.8129052129793     
        1639  -2586.8552504882805     
        1640  -2636.7797783294368     
        1641  -2591.4623584355295     
        1642  -2635.1923917345316     
        1643  -2626.0983805597361     
        1644  -2620.8362349755816     
        1645  -2594.4194288407052     
        1646  -2553.8865072465378     
        1647  -2578.3153180097793     
        1648  -2598.5526419329449     
        1649  -2616.4444253930892     
        1650  -2559.0494536483588     
        1651  -2542.1974810712800     
        1652  -2569.2870271762408     
        1653  -2548.1067778969000     
        1654  -2598.2487103641870     
        1655  -2605.7536894175510     
        1656  -2612.7686629003406     
        1657  -2562.8256070272441     
        1658  -2640.3896591579482     
        1659  -2609.3066215805206     
        1660  -2570.8806715682667     
        1661  -2565.1225687151464     
        1662  -2558.1738184444407     
        1663  -2579.2837202079145     
        1664  -2557.7486892588172     
        1665  -2530.9679386984399     
        1666  -2558.3602627214800     
        1667  -2546.4504026198738     
        1668  -2594.1085825810796     
        1669  -2567.6059293217431     
        1670  -2554.1804541693937     
        1671  -2579.5155107714654     
        1672  -2565.3849762422683     
        1673  -2576.2161307142519     
        1674  -2564.5775811710864     
        1675  -2548.2473879600784     
        1676  -2578.0814788121907     
        1677  -2624.2397105167197     
        1678  -2594.6606112362401     
        1679  -2627.1701701898942     
        1680  -2604.5217352754853     
        1681  -2608.6117137814726     
        1682  -2566.3658038724134     
        1683  -2513.8215143123862     
        1684  -2547.2980381686552     
        1685  -2557.9688823031697     
        1686  -2603.1991832838862     
        1687  -2585.6124308482667     
        1688  -2587.4182528640995     
        1689  -2568.6673993209029     
        1690  -2599.8274697324364     
        1691  -2636.2587372496996     
        1692  -2601.5041758466932     
        1693  -2612.3092423136777     
        1694  -2622.0077796841992     
        1695  -2604.0127033484137     
        1696  -2597.9593377743772     
        1697  -2591.1608581879645     
        1698  -2564.4352348118241     
        1699  -2562.1151850071178     
        1700  -2608.8488910237979     
        1701  -2641.6967662613829     
        1702  -2666.9051309741567     
        1703  -2694.9800153424330     
        1704  -2634.2291824937274     
        1705  -2605.9700603547440     
        1706  -2557.1346810957752     
        1707  -2567.5385847705757     
        1708  -2606.1315094335023     
        1709  -2614.4232719519682     
        1710  -2597.7268780535073     
        1711  -2552.2691271873914     
        1712  -2501.2122061102714     
        1713  -2531.1394483914137     
        1714  -2617.2046131944153     
        1715  -2615.8104831718551     
        1716  -2593.3401715006135     
        1717  -2582.7130839189545     
        1718  -2570.4173398617513     
        1719  -2575.6231749549056     
        1720  -2517.8299512156905     
        1721  -2586.3603132696803     
        1722  -2567.2346954696054     
        1723  -2545.4215240398280     
        1724  -2567.4063130208037     
        1725  -2550.3870459603640     
        1726  -2530.5101448776813     
        1727  -2580.3737351910186     
        1728  -2538.1224903644261     
        1729  -2602.0476509455725     
        1730  -2590.6077492118779     
        1731  -2592.5513748094518     
        1732  -2633.3091955265336     
        1733  -2646.3091259365997     
        1734  -2612.9997639958765     
        1735  -2607.0360364875810     
        1736  -2582.8893746297686     
        1737  -2596.5370408351873     
        1738  -2585.7132583361699     
        1739  -2570.0298862812442     
        1740  -2552.8768423309916     
        1741  -2538.8087465545227     
        1742  -2592.8144412162633     
        1743  -2554.1056211250943     
        1744  -2585.3820534754213     
        1745  -2576.8713957861232     
        1746  -2557.4938296005539     
        1747  -2566.9526933241636     
        1748  -2524.8583767965488     
        1749  -2546.8754151885037     
        1750  -2563.1677760889584     
        1751  -2596.1131859383154     
        1752  -2589.7548990482865     
        1753  -2612.6481746380955     
        1754  -2594.3933073031167     
        1755  -2557.3693081010533     
        1756  -2526.3606823492078     
        1757  -2535.2998477107367     
        1758  -2627.7588585327180     
        1759  -2535.5422923182023     
        1760  -2540.8453757157363     
        1761  -2617.6572753613054     
        1762  -2584.0839637365748     
        1763  -2617.2658807174666     
        1764  -2619.3982136172285     
        1765  -2655.0071098008680     
        1766  -2645.4073462372735     
        1767  -2668.0310903170453     
        1768  -2601.3575465549684     
        1769  -2694.8979366670092     
        1770  -2669.2205249927379     
        1771  -2617.1832958471718     
        1772  -2655.7219236901592     
        1773  -2605.5832307537489     
        1774  -2567.9195390227605     
        1775  -2659.4830587627580     
        1776  -2623.0929972199497     
        1777  -2617.8516948288934     
        1778  -2596.0718383810236     
        1779  -2620.9358196795824     
        1780  -2623.3417113807436     
        1781  -2646.0318314885626     
        1782  -2638.8811554296417     
        1783  -2632.8920777110229     
        1784  -2619.1030428396789     
        1785  -2615.1180465072716     
        1786  -2638.2862109062776     
        1787  -2628.1807488938416     
        1788  -2639.6700171853854     
        1789  -2609.5283596794129     
        1790  -2632.4332390776276     
        1791  -2598.3156561817623     
        1792  -2643.1246177189464     
        1793  -2621.6740628951006     
        1794  -2597.1845710301545     
        1795  -2649.2370884576385     
        1796  -2690.2533623789591     
        1797  -2686.2732290274512     
        1798  -2684.2727119593624     
        1799  -2677.7190771486967     
        1800  -2648.0849765456801     
        1801  -2648.8830792293961     
        1802  -2644.1198197434333     
        1803  -2598.8452462492633     
        1804  -2645.5381269766422     
        1805  -2633.4817819671434     
        1806  -2653.6986485049192     
        1807  -2674.2407729839911     
        1808  -2629.0767566253076     
        1809  -2560.8978954013151     
        1810  -2613.7725605858727     
        1811  -2607.2076543926514     
        1812  -2623.1124206042068     
        1813  -2660.9478403749272     
        1814  -2650.8436987465157     
        1815  -2616.3740771303542     
        1816  -2640.2246349741931     
        1817  -2601.0821974935261     
        1818  -2575.1141324776277     
        1819  -2548.8977189974366     
        1820  -2552.2738655584035     
        1821  -2590.6262543920175     
        1822  -2509.7876455406094     
        1823  -2536.2463735243141     
        1824  -2554.8296978073367     
        1825  -2562.0159889341235     
        1826  -2557.9559247103625     
        1827  -2598.1546645262661     
        1828  -2584.4584024848455     
        1829  -2572.1909658032969     
        1830  -2590.7043786092618     
        1831  -2630.9766409741637     
        1832  -2604.1285167457418     
        1833  -2588.6813759020361     
        1834  -2576.1616663302170     
        1835  -2552.4242589857090     
        1836  -2580.0045486945828     
        1837  -2639.2396792498739     
        1838  -2554.0800625490524     
        1839  -2567.4317612948312     
        1840  -2577.4623268197784     
        1841  -2601.1372595436587     
        1842  -2602.7971212156826     
        1843  -2588.1866710634231     
        1844  -2581.4275774351490     
        1845  -2529.5070757922194     
        1846  -2592.0858616172154     
        1847  -2613.9001198000137     
        1848  -2590.5454761390320     
        1849  -2619.7063751144256     
        1850  -2591.2106283843618     
        1851  -2581.9019309114042     
        1852  -2554.1997710267137     
        1853  -2609.4355318647654     
        1854  -2650.2602247013319     
        1855  -2587.6683357720203     
        1856  -2590.2498913360168     
        1857  -2593.9221974040793     
        1858  -2614.3375321214598     
        1859  -2576.7553967131994     
        1860  -2588.3371565112302     
        1861  -2596.9900305114857     
        1862  -2560.4658069050201     
        1863  -2584.0065984828725     
        1864  -2588.5437836334841     
        1865  -2586.2144588095794     
        1866  -2567.7088627865173     
        1867  -2537.0628621102592     
        1868  -2576.4765806360365     
        1869  -2576.7431833330661     
        1870  -2639.2532466767861     
        1871  -2562.1041718885376     
        1872  -2562.8208521932447     
        1873  -2564.6192814784044     
        1874  -2611.4433346921155     
        1875  -2551.0546654321570     
        1876  -2570.2429259434680     
        1877  -2595.0253898767050     
        1878  -2576.6150473383123     
        1879  -2604.6037588404652     
        1880  -2578.1082426108292     
        1881  -2541.4949574976499     
        1882  -2508.2942555714835     
        1883  -2462.2219181957876     
        1884  -2443.1892565359840     
        1885  -2508.7059894830659     
        1886  -2504.8699886083050     
        1887  -2543.5460480563529     
        1888  -2562.8118413305810     
        1889  -2552.1574741673321     
        1890  -2615.1660024670596     
        1891  -2631.0887685560538     
        1892  -2612.7724309834584     
        1893  -2608.2362341615344     
        1894  -2584.4297450575455     
        1895  -2570.7113279857481     
        1896  -2586.9007636852652     
        1897  -2573.2410666113401     
        1898  -2602.2848880196229     
        1899  -2554.4084543555405     
        1900  -2600.0141542053289     
        1901  -2587.8975844162405     
        1902  -2602.0588105455845     
        1903  -2634.1697935476404     
        1904  -2625.6592814472865     
        1905  -2618.3109535768576     
        1906  -2621.5911777538531     
        1907  -2598.4414345126602     
        1908  -2585.4177593521094     
        1909  -2598.6991753775615     
        1910  -2624.6356046816313     
        1911  -2597.7615806794315     
        1912  -2565.2507651144679     
        1913  -2599.0951011553061     
        1914  -2582.6050974621221     
        1915  -2623.7337528510216     
        1916  -2616.4732191375333     
        1917  -2566.0433385087617     
        1918  -2611.1765358927628     
        1919  -2615.8665141876108     
        1920  -2567.7760435786031     
        1921  -2596.4399981391666     
        1922  -2580.9415064080013     
        1923  -2559.8096653396515     
        1924  -2601.9402539921657     
        1925  -2588.5232295809583     
        1926  -2583.4276140782908     
        1927  -2569.9248518431882     
        1928  -2561.4241999668561     
        1929  -2610.9569638489183     
        1930  -2609.9040739140805     
        1931  -2618.7853879348668     
        1932  -2616.3954665164979     
        1933  -2574.7220495846932     
        1934  -2567.9295686435867     
        1935  -2616.1034448734090     
        1936  -2626.3561263243801     
        1937  -2593.3858857979667     
        1938  -2615.1800470324924     
        1939  -2568.9681870562449     
        1940  -2608.0395296071274     
        1941  -2614.4200515270445     
        1942  -2601.7231095622938     
        1943  -2617.3486202652152     
        1944  -2590.5994280813366     
        1945  -2607.4639596973520     
        1946  -2596.0235032238206     
        1947  -2623.9049669395945     
        1948  -2568.1058683950487     
        1949  -2610.5229264859372     
        1950  -2626.0563834566697     
        1951  -2609.2975495196984     
        1952  -2639.4222946181349     
        1953  -2598.6696711246896     
        1954  -2599.7089993757450     
        1955  -2617.7480099752224     
        1956  -2567.5064695202118     
        1957  -2607.7089743515894     
        1958  -2554.4479551944451     
        1959  -2579.1710173742936     
        1960  -2618.7284076999395     
        1961  -2548.0192134751069     
        1962  -2561.2721840173526     
        1963  -2543.7103914418603     
        1964  -2646.7160495779267     
        1965  -2613.5996960727134     
        1966  -2672.2446816239317     
        1967  -2626.4656533704015     
        1968  -2646.6147437733102     
        1969  -2640.4603050201872     
        1970  -2630.5323753192556     
        1971  -2624.0832137172079     
        1972  -2576.2572372568056     
        1973  -2619.0796679489858     
        1974  -2581.8290351222499     
        1975  -2600.9202888712907     
        1976  -2608.7322431231109     
        1977  -2606.1387661377507     
        1978  -2610.5396542846788     
        1979  -2618.9545758961995     
        1980  -2626.5412985432217     
        1981  -2577.9015924073415     
        1982  -2611.3920753156231     
        1983  -2600.2206067143297     
        1984  -2565.5833566801984     
        1985  -2617.1005902498250     
        1986  -2654.7602454663270     
        1987  -2574.6732614139923     
        1988  -2622.9218734829897     
        1989  -2605.5366046674626     
        1990  -2631.9041069562031     
        1991  -2639.9485121371649     
        1992  -2620.1406407794370     
        1993  -2599.1029719488752     
        1994  -2593.0558396815827     
        1995  -2676.3583446312646     
        1996  -2620.2755014453587     
        1997  -2661.1387419977959     
        1998  -2641.3243421533034     
        1999  -2656.7060674717736     
        2000  -2647.9330959481445     
