 SAMPLE,  ENERGY
           1  -2585.1838059529782     
           2  -2574.3907453213478     
           3  -2606.6609540434079     
           4  -2606.9142009945003     
           5  -2614.9829326827489     
           6  -2549.4968781345265     
           7  -2563.3021955757231     
           8  -2593.1756123005848     
           9  -2623.4331625209002     
          10  -2630.3187544192433     
          11  -2611.0751179883323     
          12  -2633.6792799903324     
          13  -2619.1265449741800     
          14  -2586.0111530052841     
          15  -2557.3228018519389     
          16  -2622.7952122322504     
          17  -2609.8653183576453     
          18  -2618.8302590078956     
          19  -2594.8431666359616     
          20  -2584.1955372651337     
          21  -2609.3757461665123     
          22  -2603.2997404441026     
          23  -2564.1943022638470     
          24  -2611.2646915978721     
          25  -2626.6049816126983     
          26  -2576.0003329889314     
          27  -2603.9310484906055     
          28  -2542.0014978469512     
          29  -2549.7776950821358     
          30  -2577.5311425415648     
          31  -2620.8728273675515     
          32  -2619.1515356451414     
          33  -2598.5392202727576     
          34  -2594.8511074190587     
          35  -2614.6045444018500     
          36  -2604.9707344364479     
          37  -2566.9040624737372     
          38  -2545.6495403124127     
          39  -2518.8593030349971     
          40  -2557.1237045985604     
          41  -2541.8120211835585     
          42  -2531.1168815089436     
          43  -2560.2910287345694     
          44  -2589.0490777633381     
          45  -2609.1446067004622     
          46  -2582.2226321862231     
          47  -2522.6910308266411     
          48  -2577.0675224121660     
          49  -2534.6210669713455     
          50  -2541.8056935260838     
          51  -2529.2824432771572     
          52  -2567.8120296395682     
          53  -2546.8802603341937     
          54  -2597.3161611827536     
          55  -2610.7141880969270     
          56  -2611.9239146415753     
          57  -2546.0598899126921     
          58  -2588.1179666965013     
          59  -2535.5636158084371     
          60  -2541.1617075127215     
          61  -2580.9934529956781     
          62  -2528.5215710195430     
          63  -2523.8769470137354     
          64  -2533.8690205291850     
          65  -2595.8180225001402     
          66  -2633.0493003791671     
          67  -2626.8120059741118     
          68  -2613.9661653172302     
          69  -2520.2976788894275     
          70  -2526.4414578523019     
          71  -2566.7132398113376     
          72  -2597.8169961862163     
          73  -2622.0255453143222     
          74  -2635.7177871447179     
          75  -2665.5905482327767     
          76  -2641.6171665845413     
          77  -2648.5764050082066     
          78  -2637.1276512704435     
          79  -2615.3365750057733     
          80  -2632.9498736770756     
          81  -2604.4968092183844     
          82  -2616.6197647611339     
          83  -2600.0058099682465     
          84  -2632.5230570751869     
          85  -2646.4464787773036     
          86  -2605.1967091227311     
          87  -2615.4274597103376     
          88  -2530.6767134578054     
          89  -2600.4945692804868     
          90  -2623.7469957214162     
          91  -2586.8400345159589     
          92  -2639.1908471545057     
          93  -2633.3802097384360     
          94  -2594.8120640749221     
          95  -2598.0215317374063     
          96  -2580.4531101739058     
          97  -2604.9413366506960     
          98  -2646.6704145328672     
          99  -2602.2563271669237     
         100  -2616.3759253446756     
         101  -2671.0710514644225     
         102  -2631.9020450869612     
         103  -2635.8823823187317     
         104  -2645.1844912060387     
         105  -2643.4998576439934     
         106  -2641.0113623831053     
         107  -2629.5655462864797     
         108  -2661.1264780239458     
         109  -2681.8145507115701     
         110  -2649.6233492272404     
         111  -2610.6722962732379     
         112  -2556.8026315338193     
         113  -2652.2761938447711     
         114  -2650.0411328775149     
         115  -2611.2269769142895     
         116  -2586.2478502584709     
         117  -2574.1468554516973     
         118  -2651.5706505834246     
         119  -2656.3983000921075     
         120  -2678.5772124113141     
         121  -2674.2648768152699     
         122  -2620.2625242238973     
         123  -2584.5121628947923     
         124  -2573.2609771442594     
         125  -2589.6122706252013     
         126  -2584.4589509051293     
         127  -2573.0179944492893     
         128  -2658.6798454488221     
         129  -2601.8943793838052     
         130  -2649.8329165332707     
         131  -2651.1507413842537     
         132  -2635.1930793556621     
         133  -2619.3109078833036     
         134  -2646.6559746011385     
         135  -2630.9365733492523     
         136  -2639.5998009903797     
         137  -2607.9244218826525     
         138  -2596.7319560971450     
         139  -2616.5048612872338     
         140  -2663.3103970480179     
         141  -2695.6827940068256     
         142  -2651.7866582724314     
         143  -2640.8469085028732     
         144  -2694.8792755989425     
         145  -2660.9207654903089     
         146  -2628.3570920019883     
         147  -2605.5795099950797     
         148  -2613.8273752871401     
         149  -2632.4901417029214     
         150  -2649.7951369836860     
         151  -2643.0632375971259     
         152  -2628.8652063830973     
         153  -2648.3423849382179     
         154  -2603.4730450363586     
         155  -2597.3432617857688     
         156  -2569.4552330695469     
         157  -2660.9057911196187     
         158  -2647.5019040368907     
         159  -2636.3304872038448     
         160  -2617.6580812879151     
         161  -2629.4570369564049     
         162  -2601.0471839530542     
         163  -2616.7910948243994     
         164  -2619.1171684544979     
         165  -2614.3030483094049     
         166  -2656.6761077568362     
         167  -2625.6068509783754     
         168  -2616.1951380279252     
         169  -2578.0063343416923     
         170  -2624.4392696536224     
         171  -2611.5200782126308     
         172  -2650.0552986086991     
         173  -2629.6431441821810     
         174  -2542.2694751048712     
         175  -2549.2712363320870     
         176  -2564.9877261261645     
         177  -2578.0319294447472     
         178  -2597.4851351980083     
         179  -2558.2066709376058     
         180  -2616.5434304375513     
         181  -2634.3072379031514     
         182  -2632.7470902484633     
         183  -2563.0174559724005     
         184  -2614.1677769396538     
         185  -2654.9986333260072     
         186  -2630.5121054833189     
         187  -2673.8319453522467     
         188  -2656.6296681121426     
         189  -2573.6099272721667     
         190  -2618.3633222175235     
         191  -2610.6848324261323     
         192  -2586.6041989492669     
         193  -2593.4324781322930     
         194  -2560.6983015616238     
         195  -2608.8180479664516     
         196  -2576.0242729346028     
         197  -2571.5685058422032     
         198  -2576.9424431621237     
         199  -2569.3826281100705     
         200  -2584.3581485875425     
         201  -2609.8212303776454     
         202  -2612.3818849057429     
         203  -2685.0233663379304     
         204  -2667.6410653517169     
         205  -2590.2983395679971     
         206  -2542.4294158726993     
         207  -2557.0657460684379     
         208  -2582.8870478238182     
         209  -2560.1447247545320     
         210  -2605.0759649212678     
         211  -2549.9303566372005     
         212  -2612.5321490901442     
         213  -2592.3213366034602     
         214  -2614.3174911098040     
         215  -2568.7157820932225     
         216  -2583.1153795422811     
         217  -2643.3811784743498     
         218  -2675.5287901447859     
         219  -2690.8362858764881     
         220  -2680.8528871343092     
         221  -2718.7079164783149     
         222  -2648.1472774298527     
         223  -2601.9625181341116     
         224  -2603.5387425252593     
         225  -2569.5846136307268     
         226  -2601.4800757520238     
         227  -2569.6594292156024     
         228  -2604.8079481040427     
         229  -2623.4032260618546     
         230  -2685.7816416148457     
         231  -2705.1097925263589     
         232  -2701.1402987996503     
         233  -2688.4919246000254     
         234  -2674.2832333222354     
         235  -2655.1086491768078     
         236  -2627.3564227533966     
         237  -2657.0663510392465     
         238  -2671.1509832823390     
         239  -2576.5963850080052     
         240  -2567.5037326986512     
         241  -2601.7152072084764     
         242  -2593.3081674796399     
         243  -2558.9831936365968     
         244  -2571.0197341431167     
         245  -2592.8326879510892     
         246  -2596.2746390123157     
         247  -2573.1043420685110     
         248  -2648.5272158809194     
         249  -2632.3908501097599     
         250  -2632.2788589353099     
         251  -2543.4316380765226     
         252  -2588.7059248428191     
         253  -2613.8516738658186     
         254  -2606.8361836290351     
         255  -2581.4691439428502     
         256  -2631.2526649687798     
         257  -2570.1617799613914     
         258  -2537.8899791847366     
         259  -2561.0984625580068     
         260  -2635.9672100304183     
         261  -2571.1642491287530     
         262  -2548.5216285098427     
         263  -2551.6485052098674     
         264  -2580.0533544303335     
         265  -2618.2629544796209     
         266  -2637.0374760610071     
         267  -2570.1544506184077     
         268  -2562.0425937887126     
         269  -2563.1155307942513     
         270  -2559.4614874651679     
         271  -2581.2678999015011     
         272  -2589.2582216264605     
         273  -2543.5877055122105     
         274  -2530.6649585160708     
         275  -2582.7715724237755     
         276  -2589.9230348350302     
         277  -2579.3637675551777     
         278  -2538.2267957359340     
         279  -2545.4030242568238     
         280  -2524.7679517140964     
         281  -2538.3140870722000     
         282  -2521.5352437636388     
         283  -2612.2958960524988     
         284  -2564.2959081332933     
         285  -2620.7085053873143     
         286  -2641.4430492411198     
         287  -2612.2554302778176     
         288  -2609.2532538751548     
         289  -2597.5332724514033     
         290  -2590.7229244536234     
         291  -2636.6358394089757     
         292  -2611.9847484458992     
         293  -2608.2461377165118     
         294  -2567.7682515623947     
         295  -2559.2705126971614     
         296  -2546.1743101596935     
         297  -2534.9755784154463     
         298  -2568.0565873764749     
         299  -2667.9998354417262     
         300  -2654.1746942177697     
         301  -2650.2305072388740     
         302  -2608.9601980466068     
         303  -2696.4357022800041     
         304  -2715.4540825980675     
         305  -2629.3503626423412     
         306  -2586.7700503167694     
         307  -2576.7121721900166     
         308  -2555.2256769401015     
         309  -2604.8672163471324     
         310  -2586.3353438638942     
         311  -2556.0124624866885     
         312  -2619.3256043014680     
         313  -2557.4642611597055     
         314  -2607.0340617450925     
         315  -2646.8880937714366     
         316  -2623.4050585336404     
         317  -2584.7673220768506     
         318  -2603.7450760335951     
         319  -2569.6359651468629     
         320  -2552.6054437095199     
         321  -2556.6587104447967     
         322  -2586.3728532669525     
         323  -2593.9321019848453     
         324  -2583.5635274761894     
         325  -2502.1658972551527     
         326  -2556.6849067839657     
         327  -2556.2712406327437     
         328  -2608.8234588947153     
         329  -2618.6987679292033     
         330  -2618.0183610928325     
         331  -2634.9297490038166     
         332  -2608.1295633646032     
         333  -2592.3882856373561     
         334  -2615.3210205186297     
         335  -2598.5468042292505     
         336  -2646.5106753878849     
         337  -2630.8614853051199     
         338  -2622.8132745818402     
         339  -2625.2614499486385     
         340  -2646.0778631152207     
         341  -2578.7680997401926     
         342  -2585.7825254973741     
         343  -2603.4613522979098     
         344  -2633.7366843135751     
         345  -2596.1877964024529     
         346  -2601.8453940558229     
         347  -2574.6576066125936     
         348  -2576.4630736400445     
         349  -2576.8199353370337     
         350  -2580.9739733099809     
         351  -2583.0282745332606     
         352  -2616.5908013716717     
         353  -2565.6701286693883     
         354  -2604.9731231330516     
         355  -2586.4245786306319     
         356  -2562.2059759142535     
         357  -2559.4267498908252     
         358  -2608.6846712086667     
         359  -2583.0447775956532     
         360  -2593.0267442219256     
         361  -2620.9850139839209     
         362  -2602.8842407298980     
         363  -2587.6316404178779     
         364  -2559.9636857879300     
         365  -2597.7725307312653     
         366  -2590.9522155712048     
         367  -2589.9318966649680     
         368  -2626.5377403775083     
         369  -2612.2191983998177     
         370  -2587.6862372356700     
         371  -2584.9331516034936     
         372  -2594.6117507826120     
         373  -2591.1908853952905     
         374  -2636.7774504756248     
         375  -2594.9446878304789     
         376  -2646.3130180076923     
         377  -2615.1591060578135     
         378  -2591.6563548961312     
         379  -2621.3661376592190     
         380  -2644.1680366327769     
         381  -2645.5688779851339     
         382  -2568.1459243043723     
         383  -2598.1781226778412     
         384  -2601.1507077351530     
         385  -2624.8523230670176     
         386  -2592.5810887092734     
         387  -2621.4957603271309     
         388  -2651.0774754035738     
         389  -2672.1747470370810     
         390  -2628.8055990080770     
         391  -2578.6797295500328     
         392  -2514.7010064052938     
         393  -2559.1159915724438     
         394  -2608.3959592941173     
         395  -2583.3428761640130     
         396  -2537.7944870277283     
         397  -2617.1250028835348     
         398  -2520.1213623713343     
         399  -2581.4455350891044     
         400  -2555.6183680916706     
         401  -2601.1153665333377     
         402  -2536.5751141096985     
         403  -2557.9255082067498     
         404  -2601.3121693834246     
         405  -2570.8322629982713     
         406  -2546.5719320227195     
         407  -2600.4091456614447     
         408  -2597.1152379012397     
         409  -2616.7894582883655     
         410  -2593.9508732887307     
         411  -2589.4316702917004     
         412  -2615.0822527156392     
         413  -2627.5605434961553     
         414  -2602.5321434979523     
         415  -2543.7853150741980     
         416  -2598.6014137697775     
         417  -2578.6904496888351     
         418  -2553.9340757776754     
         419  -2539.6893636662053     
         420  -2548.8509164049256     
         421  -2612.8016153356257     
         422  -2638.0854284672942     
         423  -2562.4188599392510     
         424  -2559.9105712260989     
         425  -2627.2349460436062     
         426  -2608.0385992028464     
         427  -2560.3753292600531     
         428  -2567.3691029200704     
         429  -2575.8637342835982     
         430  -2611.9040877679727     
         431  -2584.5894329790176     
         432  -2524.1345720298709     
         433  -2516.2657613343495     
         434  -2565.6848321346679     
         435  -2573.7717284103460     
         436  -2590.5311923994968     
         437  -2622.8088419014998     
         438  -2624.6536737397710     
         439  -2586.1562043760573     
         440  -2586.8008913265908     
         441  -2564.8486452542961     
         442  -2602.3396859187269     
         443  -2608.8217343678116     
         444  -2641.1388449179394     
         445  -2572.9046652656698     
         446  -2630.6780287514393     
         447  -2642.0025436007932     
         448  -2659.9574017991581     
         449  -2629.4610972733476     
         450  -2652.2811660583634     
         451  -2665.0340024675570     
         452  -2673.0846157002516     
         453  -2688.1287581463521     
         454  -2657.4459555729986     
         455  -2637.7477575769854     
         456  -2541.4495972664963     
         457  -2585.0809732671178     
         458  -2636.3735986637571     
         459  -2657.4285416139169     
         460  -2612.5421458299566     
         461  -2588.7855404942438     
         462  -2638.9843761070224     
         463  -2597.2475901202160     
         464  -2600.1922981758930     
         465  -2624.7054114013326     
         466  -2657.2855357170156     
         467  -2589.3930452052900     
         468  -2532.5101159692417     
         469  -2528.8227104162529     
         470  -2580.7670972849833     
         471  -2603.5746480035759     
         472  -2634.6148132716571     
         473  -2632.2824397874406     
         474  -2676.9013818591525     
         475  -2670.7772146439179     
         476  -2637.4912505834768     
         477  -2629.7848621898520     
         478  -2625.9145497473742     
         479  -2561.3014960165960     
         480  -2588.9287623995192     
         481  -2588.8309909641980     
         482  -2601.3890308629620     
         483  -2589.9912152151041     
         484  -2561.2778590229168     
         485  -2596.8344911568333     
         486  -2556.4500931277303     
         487  -2554.5538303391054     
         488  -2675.8396357403708     
         489  -2683.8705026597781     
         490  -2664.4296013655248     
         491  -2632.5339677379870     
         492  -2600.0909403277810     
         493  -2649.4780087593276     
         494  -2595.4657224546645     
         495  -2612.9045294543307     
         496  -2598.0584281685601     
         497  -2611.7012775290059     
         498  -2587.2885756347468     
         499  -2640.4324155456402     
         500  -2546.0253915703520     
         501  -2542.3887535729191     
         502  -2573.0137160252129     
         503  -2617.2794092742574     
         504  -2623.3814044892970     
         505  -2612.2815318053758     
         506  -2624.0451851548960     
         507  -2662.4638557237690     
         508  -2573.4153755896241     
         509  -2603.7310838849921     
         510  -2591.4332732146113     
         511  -2564.3496472861189     
         512  -2585.6625353672057     
         513  -2604.1079476040336     
         514  -2652.6818014134715     
         515  -2590.3897359010662     
         516  -2621.6345788428293     
         517  -2599.2069459014224     
         518  -2598.7395693526223     
         519  -2601.3846198341971     
         520  -2624.2373538284178     
         521  -2586.6611810070490     
         522  -2530.7413410557665     
         523  -2580.0331117835094     
         524  -2578.2933513067396     
         525  -2618.8127519829204     
         526  -2625.8743223245988     
         527  -2624.2700117762829     
         528  -2619.6537563783545     
         529  -2591.0353533874268     
         530  -2582.4343797988045     
         531  -2586.7620155510372     
         532  -2568.0138545468976     
         533  -2610.6880465196427     
         534  -2632.2086021793903     
         535  -2600.5143652308598     
         536  -2553.5082698782171     
         537  -2578.1638215485000     
         538  -2613.6062587696806     
         539  -2651.5901971490084     
         540  -2569.0977596758703     
         541  -2620.2623603168181     
         542  -2579.5953000807890     
         543  -2621.7252833466514     
         544  -2606.9706640794388     
         545  -2627.7125996673390     
         546  -2582.1717408303048     
         547  -2606.1641849138100     
         548  -2511.9701571687010     
         549  -2516.2905187640381     
         550  -2603.7681494347594     
         551  -2589.4841433676570     
         552  -2597.4631990670869     
         553  -2616.9620177960887     
         554  -2610.9545004796196     
         555  -2627.8446409190242     
         556  -2616.3140655789421     
         557  -2618.0860908750310     
         558  -2640.1902280931513     
         559  -2645.2531664478470     
         560  -2661.1908659168521     
         561  -2622.0346159287587     
         562  -2688.9084364193841     
         563  -2708.9053967298596     
         564  -2672.6796138507598     
         565  -2696.4595842948142     
         566  -2659.1071613739418     
         567  -2715.1949896284300     
         568  -2704.9500597588476     
         569  -2698.6492074471835     
         570  -2700.8270583316266     
         571  -2662.9972706615931     
         572  -2689.6227722902927     
         573  -2647.6365126823875     
         574  -2641.5137717827920     
         575  -2613.0893739519684     
         576  -2600.9571970503243     
         577  -2632.9464617686976     
         578  -2624.6908735527363     
         579  -2647.8499711520599     
         580  -2651.8773431644577     
         581  -2585.2304640723601     
         582  -2612.3738850103382     
         583  -2570.3463944961518     
         584  -2567.1011786235672     
         585  -2560.0971647445999     
         586  -2560.8103779208227     
         587  -2562.7431010054279     
         588  -2603.5492134413657     
         589  -2656.9714246664562     
         590  -2638.2540982548571     
         591  -2628.4361103875472     
         592  -2607.6543876079731     
         593  -2617.8636647243043     
         594  -2610.5522650097414     
         595  -2545.1989908812957     
         596  -2628.9565101559770     
         597  -2598.4868646374266     
         598  -2652.6142447996895     
         599  -2631.1215930999961     
         600  -2657.0476042217210     
         601  -2653.8077214216814     
         602  -2599.2962594164669     
         603  -2586.0251386387622     
         604  -2545.6687940419092     
         605  -2552.8014173542656     
         606  -2587.1632664653362     
         607  -2599.5626796988381     
         608  -2639.4651330130482     
         609  -2585.7278847979251     
         610  -2598.5717578236631     
         611  -2574.4438813959141     
         612  -2527.1860138296638     
         613  -2498.9832791814920     
         614  -2617.6524218482068     
         615  -2626.5545996833230     
         616  -2606.1196780841269     
         617  -2557.5145626382428     
         618  -2568.0833311435281     
         619  -2634.7781725318118     
         620  -2684.7344002941909     
         621  -2695.9281548620738     
         622  -2640.1363204417535     
         623  -2624.1879693793394     
         624  -2647.5485514658908     
         625  -2684.7615539572830     
         626  -2562.5688821581321     
         627  -2541.0679011164098     
         628  -2505.0149061244665     
         629  -2524.7223479216873     
         630  -2609.8763313692352     
         631  -2606.4951865993426     
         632  -2621.3696819031484     
         633  -2623.3654834788631     
         634  -2558.5420758243877     
         635  -2616.0991541111143     
         636  -2581.3082305119551     
         637  -2576.0256316561076     
         638  -2637.4446823913759     
         639  -2630.4914899887158     
         640  -2620.2536121393059     
         641  -2624.0472622718817     
         642  -2621.2721401722442     
         643  -2621.8811288758429     
         644  -2605.8151592754116     
         645  -2691.7925365411584     
         646  -2639.5586546876830     
         647  -2676.2375193655826     
         648  -2633.9166791879015     
         649  -2625.9636315254997     
         650  -2644.2664865548418     
         651  -2673.3213869742049     
         652  -2648.0468914689791     
         653  -2670.9899664495233     
         654  -2665.1144351997236     
         655  -2613.2315701562475     
         656  -2599.7155788962768     
         657  -2568.7155186057425     
         658  -2628.5881488232271     
         659  -2634.4945635082950     
         660  -2633.1722080734035     
         661  -2578.5320862206431     
         662  -2580.8895621186621     
         663  -2660.7703175972019     
         664  -2572.0236511202665     
         665  -2645.6144882212157     
         666  -2621.4703082077535     
         667  -2607.2529366752842     
         668  -2605.5892607276628     
         669  -2621.8972844428349     
         670  -2609.7791409160964     
         671  -2608.2815723757976     
         672  -2624.2315789584877     
         673  -2614.3985973351728     
         674  -2581.2518861565559     
         675  -2614.6055584704641     
         676  -2614.7694105963969     
         677  -2600.5266110004172     
         678  -2631.0218663298810     
         679  -2569.9119003325782     
         680  -2623.2941994939220     
         681  -2671.4772203914604     
         682  -2701.4542047570130     
         683  -2596.3248324160381     
         684  -2601.2310217929248     
         685  -2645.5569590758673     
         686  -2673.9404365465175     
         687  -2669.5749714162243     
         688  -2611.1582595909267     
         689  -2624.9617131779000     
         690  -2611.2212141042687     
         691  -2656.0078929237802     
         692  -2616.7128699722421     
         693  -2735.9395430758100     
         694  -2713.8882989130061     
         695  -2717.6922000311652     
         696  -2705.7356090794833     
         697  -2644.6532642833945     
         698  -2621.3531468961955     
         699  -2638.6651403828623     
         700  -2661.1377875729595     
         701  -2621.1661005915598     
         702  -2665.4507399681715     
         703  -2693.4399334730142     
         704  -2641.9595676596696     
         705  -2636.9433861323073     
         706  -2660.5632864442196     
         707  -2630.8493181795357     
         708  -2639.9165560943284     
         709  -2637.6188614608786     
         710  -2655.9934000114977     
         711  -2671.9421215987340     
         712  -2610.3998434911491     
         713  -2620.7465775325977     
         714  -2587.1862379154841     
         715  -2598.6849614830767     
         716  -2549.1315383938786     
         717  -2611.3564818915788     
         718  -2598.9317820012752     
         719  -2595.4574765598859     
         720  -2543.8348949217325     
         721  -2592.7076728211368     
         722  -2550.6609082704340     
         723  -2552.9240997886855     
         724  -2537.7391674077730     
         725  -2620.8954556624235     
         726  -2575.7882729704716     
         727  -2582.3593295553660     
         728  -2638.3508255902298     
         729  -2592.5208408569442     
         730  -2560.1093046315004     
         731  -2536.0486879784371     
         732  -2626.5015197133075     
         733  -2604.7171513705707     
         734  -2575.6864170368185     
         735  -2585.9389255545493     
         736  -2586.9925647704331     
         737  -2555.2372699531093     
         738  -2562.7747289950739     
         739  -2651.1128050326552     
         740  -2608.5927692825003     
         741  -2594.3766106907042     
         742  -2621.3727898589536     
         743  -2635.8603045548280     
         744  -2545.0749387497231     
         745  -2564.7849116776606     
         746  -2585.2952025438185     
         747  -2593.6625160405069     
         748  -2558.7587641071077     
         749  -2561.4216905758449     
         750  -2528.8949910424112     
         751  -2572.3192086964777     
         752  -2569.0017243667357     
         753  -2622.6938141734045     
         754  -2659.7242155654694     
         755  -2678.0389729285480     
         756  -2601.8929995771186     
         757  -2539.5233958639224     
         758  -2585.5108296389135     
         759  -2543.5185252062402     
         760  -2533.4985595897710     
         761  -2529.5884758025468     
         762  -2552.5926082163360     
         763  -2508.0519402283871     
         764  -2556.7427165938507     
         765  -2524.4145849499805     
         766  -2544.2800241785094     
         767  -2649.7272127726533     
         768  -2567.5137503878154     
         769  -2603.7348516550951     
         770  -2605.4688898121917     
         771  -2633.8871916575768     
         772  -2610.9381377613290     
         773  -2559.1814655035764     
         774  -2529.7027156484342     
         775  -2586.8202136388118     
         776  -2609.8954801813979     
         777  -2619.2777378222345     
         778  -2598.8076772541449     
         779  -2622.2511707890058     
         780  -2622.5486252610763     
         781  -2590.7140448735940     
         782  -2598.5942134681395     
         783  -2637.1823479755330     
         784  -2734.6689858814598     
         785  -2655.7173341894568     
         786  -2662.2005086644112     
         787  -2643.2792882302251     
         788  -2669.7803471003458     
         789  -2637.1494297822965     
         790  -2620.6093572112013     
         791  -2631.2264304265086     
         792  -2590.6405372364161     
         793  -2596.2898185177428     
         794  -2579.3144038054129     
         795  -2610.1479752376517     
         796  -2610.4208610282035     
         797  -2576.5478055002595     
         798  -2610.0638046903773     
         799  -2553.4601516758203     
         800  -2627.2596011619380     
         801  -2631.8695696867876     
         802  -2609.3182609726173     
         803  -2611.6838420948347     
         804  -2611.9165925659795     
         805  -2644.9518619774417     
         806  -2681.4165256186334     
         807  -2709.1480686273549     
         808  -2662.8481092115194     
         809  -2638.1575242084496     
         810  -2615.4718922143493     
         811  -2607.1619579382204     
         812  -2619.4385396618709     
         813  -2639.5168238379360     
         814  -2593.0595741982138     
         815  -2635.8825855461359     
         816  -2609.2221988451106     
         817  -2531.9228021004856     
         818  -2522.8676772462213     
         819  -2591.8063386309959     
         820  -2628.2059567935235     
         821  -2575.1945429740072     
         822  -2596.2087061599032     
         823  -2642.2362723638880     
         824  -2604.5999299277687     
         825  -2644.1465441930427     
         826  -2619.0392724436820     
         827  -2621.1134820532143     
         828  -2636.5706154312752     
         829  -2627.8346255467272     
         830  -2665.0534878468538     
         831  -2629.5457153840048     
         832  -2650.6194334760457     
         833  -2597.3429913550217     
         834  -2610.4950620155273     
         835  -2606.0100809607120     
         836  -2605.4600479387095     
         837  -2599.9956821262781     
         838  -2631.0161548494152     
         839  -2620.6373693785595     
         840  -2608.2314112706717     
         841  -2655.3263730289045     
         842  -2690.5706391508788     
         843  -2691.7245766108463     
         844  -2689.8247901981536     
         845  -2681.5953648932223     
         846  -2647.9162581237347     
         847  -2669.1821701690087     
         848  -2663.0868224124565     
         849  -2703.3388276764799     
         850  -2704.6764123547077     
         851  -2701.4452340450230     
         852  -2643.6569829138125     
         853  -2641.7415241684103     
         854  -2667.9430938701744     
         855  -2700.2944417923250     
         856  -2664.5981445025845     
         857  -2658.7296311694631     
         858  -2610.3485690985203     
         859  -2525.6835886003219     
         860  -2565.4594861561436     
         861  -2508.2410676970289     
         862  -2635.8378402506155     
         863  -2601.2914163436694     
         864  -2604.8504629461418     
         865  -2628.4387444895792     
         866  -2628.9982853783767     
         867  -2605.9883301799541     
         868  -2649.4317304088322     
         869  -2606.8973268554723     
         870  -2549.1308184529157     
         871  -2526.9618176746239     
         872  -2594.7805264603630     
         873  -2609.2588236467222     
         874  -2632.0240254753812     
         875  -2624.6403055782807     
         876  -2602.2481472433437     
         877  -2650.5716576446507     
         878  -2654.0438031821150     
         879  -2573.3756831546693     
         880  -2535.8695511405067     
         881  -2553.2943990027234     
         882  -2602.9355883424951     
         883  -2586.2846098555860     
         884  -2642.4401128194304     
         885  -2655.8033793223108     
         886  -2627.8497397765223     
         887  -2611.7477635836876     
         888  -2609.2039955215901     
         889  -2594.1017298512056     
         890  -2564.6622446587717     
         891  -2525.2683132139687     
         892  -2576.4198685954939     
         893  -2598.5001490545001     
         894  -2605.1552293095492     
         895  -2608.8162982799781     
         896  -2586.2949203939852     
         897  -2544.4533208328403     
         898  -2551.1853989549854     
         899  -2571.0409688942987     
         900  -2621.5586969683732     
         901  -2566.8980460492762     
         902  -2599.9861773393645     
         903  -2639.5705588514024     
         904  -2639.8804035190537     
         905  -2635.0880119325498     
         906  -2596.1712033756494     
         907  -2598.8552611683531     
         908  -2512.5199734007460     
         909  -2531.6405974540321     
         910  -2481.5692792404725     
         911  -2555.2914620082488     
         912  -2588.8703175092614     
         913  -2574.5666356206752     
         914  -2578.2359156040743     
         915  -2578.1783898249250     
         916  -2545.7303499257714     
         917  -2550.7246659567718     
         918  -2470.4307087161451     
         919  -2463.0455205144731     
         920  -2482.3052277434767     
         921  -2524.7487725479655     
         922  -2532.7479408034678     
         923  -2478.2490483897232     
         924  -2538.1020508314100     
         925  -2539.3945293532902     
         926  -2541.5639678166499     
         927  -2531.2385821604839     
         928  -2546.3302189421056     
         929  -2554.9228594393321     
         930  -2539.8818448459306     
         931  -2546.2874142046617     
         932  -2543.8638297161256     
         933  -2580.9129941714386     
         934  -2556.9745108754601     
         935  -2573.6654785636629     
         936  -2552.3721837015933     
         937  -2557.3886367741134     
         938  -2503.9351773872245     
         939  -2581.1035068364454     
         940  -2525.9837927268609     
         941  -2502.6902232254929     
         942  -2566.8652769443970     
         943  -2592.0240505425609     
         944  -2590.2449667566816     
         945  -2580.6992619307339     
         946  -2466.9406754155066     
         947  -2464.6891886782969     
         948  -2504.0921275876740     
         949  -2482.2430667838785     
         950  -2540.8897281250261     
         951  -2527.2915454143454     
         952  -2538.4787130736272     
         953  -2510.3680072363413     
         954  -2575.0296422907441     
         955  -2509.1606558490357     
         956  -2527.5570443594365     
         957  -2579.0909188237110     
         958  -2587.6013319129061     
         959  -2553.9534881130103     
         960  -2532.8629406122777     
         961  -2611.4105099255403     
         962  -2599.3457926269552     
         963  -2579.5329721712246     
         964  -2549.2680634701351     
         965  -2517.9496723178313     
         966  -2561.5236825757024     
         967  -2578.8663007651107     
         968  -2576.8813107833103     
         969  -2605.8536666015325     
         970  -2592.9279419931686     
         971  -2627.4811424794489     
         972  -2573.6704413537586     
         973  -2597.8573116316084     
         974  -2538.1661111821163     
         975  -2506.3301406749633     
         976  -2515.6352681857402     
         977  -2537.4777952472728     
         978  -2540.9219954449591     
         979  -2556.5114933071386     
         980  -2553.9402403906556     
         981  -2535.0005917028470     
         982  -2572.1482085123275     
         983  -2544.9914700906002     
         984  -2559.0039968636111     
         985  -2536.8448009642984     
         986  -2530.2894995078186     
         987  -2567.5517346505121     
         988  -2569.2059461499748     
         989  -2572.0897117035342     
         990  -2575.3058708908020     
         991  -2558.6390847470498     
         992  -2586.1589861169737     
         993  -2595.8430246360749     
         994  -2621.2973094942054     
         995  -2550.9904374892826     
         996  -2613.0870287412163     
         997  -2617.3179840786638     
         998  -2594.3656037059409     
         999  -2582.0387692588602     
        1000  -2575.3299476736875     
        1001  -2587.4229950398844     
        1002  -2593.8083576844338     
        1003  -2600.4871281534765     
        1004  -2604.3213880264448     
        1005  -2631.4275166533471     
        1006  -2610.4670049014098     
        1007  -2577.0819096517935     
        1008  -2578.1926619495916     
        1009  -2618.4327338738844     
        1010  -2560.6889760287718     
        1011  -2495.3445287355685     
        1012  -2597.9616919366872     
        1013  -2594.8644188148041     
        1014  -2581.2916665750495     
        1015  -2620.3514829470710     
        1016  -2568.0160573561543     
        1017  -2545.8612823908779     
        1018  -2610.6937552893560     
        1019  -2562.1275895583080     
        1020  -2652.3785824975016     
        1021  -2561.5459506926713     
        1022  -2620.8394231969291     
        1023  -2605.5707259068427     
        1024  -2616.0422238012925     
        1025  -2556.2656189167583     
        1026  -2608.0172205669855     
        1027  -2582.9174311010338     
        1028  -2572.0346299910016     
        1029  -2608.2883395868294     
        1030  -2548.2214312687629     
        1031  -2558.1218255062627     
        1032  -2586.1514484379177     
        1033  -2522.5464519924267     
        1034  -2519.2788592005536     
        1035  -2630.1338572291902     
        1036  -2635.6103886444153     
        1037  -2615.8633342925905     
        1038  -2584.1087631732921     
        1039  -2575.9023439303292     
        1040  -2586.7436430211760     
        1041  -2600.0105072067449     
        1042  -2574.2137477398328     
        1043  -2631.9613608281611     
        1044  -2613.4740821499972     
        1045  -2597.5009256057829     
        1046  -2556.2233039018797     
        1047  -2575.1428765054634     
        1048  -2610.6907477563191     
        1049  -2600.1977839816823     
        1050  -2618.3866468650822     
        1051  -2541.5937562485410     
        1052  -2496.3898866014815     
        1053  -2589.0134426924415     
        1054  -2592.5340338836654     
        1055  -2573.1487972044906     
        1056  -2613.3467661657119     
        1057  -2675.0328796959679     
        1058  -2636.2466071057574     
        1059  -2608.6576144717278     
        1060  -2605.3005655212291     
        1061  -2569.4415692801340     
        1062  -2571.7252106208739     
        1063  -2578.0579970605791     
        1064  -2561.0941065480888     
        1065  -2537.3250673718358     
        1066  -2558.8004914081612     
        1067  -2584.8194492138960     
        1068  -2587.0653673266384     
        1069  -2642.6202309452206     
        1070  -2638.0080433503913     
        1071  -2613.2052178610238     
        1072  -2563.4933277234850     
        1073  -2576.4998629045895     
        1074  -2583.8764679678843     
        1075  -2518.8034320754159     
        1076  -2557.1651189163090     
        1077  -2554.0802087656994     
        1078  -2626.0931666990514     
        1079  -2604.4243681306320     
        1080  -2588.9105823141349     
        1081  -2625.8306220804629     
        1082  -2614.5877934168034     
        1083  -2637.4942451296156     
        1084  -2601.7222664347637     
        1085  -2614.5018373443345     
        1086  -2607.0671630305765     
        1087  -2674.7813331694433     
        1088  -2617.3323981102503     
        1089  -2638.9419575542870     
        1090  -2644.5071962798384     
        1091  -2662.8671343192982     
        1092  -2650.0116529159886     
        1093  -2653.2668285799341     
        1094  -2625.5626295619504     
        1095  -2633.7411948474087     
        1096  -2644.2019620268197     
        1097  -2608.7873490997854     
        1098  -2595.8356415078229     
        1099  -2597.3379907703652     
        1100  -2628.2166021919893     
        1101  -2609.6588424875463     
        1102  -2571.5186902541764     
        1103  -2575.3937172829496     
        1104  -2572.3795548100502     
        1105  -2575.9976801317234     
        1106  -2548.0736594007021     
        1107  -2554.7369248273576     
        1108  -2606.3407694701341     
        1109  -2555.2520738772473     
        1110  -2549.0347665915206     
        1111  -2590.1734433677198     
        1112  -2528.0837302432274     
        1113  -2565.1529690145571     
        1114  -2565.7139805373467     
        1115  -2590.9339841721371     
        1116  -2585.1960262838852     
        1117  -2636.9012850660565     
        1118  -2617.8643353584021     
        1119  -2648.7096096241653     
        1120  -2651.3194370822448     
        1121  -2613.6422517208839     
        1122  -2595.0546721491723     
        1123  -2569.9388667632284     
        1124  -2600.3748915153956     
        1125  -2584.2010148472696     
        1126  -2563.0799635938388     
        1127  -2547.1913755401224     
        1128  -2538.7069262299979     
        1129  -2592.7662647454640     
        1130  -2593.7207011634741     
        1131  -2599.5211842062831     
        1132  -2570.9250368091016     
        1133  -2577.7783267907607     
        1134  -2589.2230484907354     
        1135  -2604.9999119691674     
        1136  -2634.4155116975867     
        1137  -2560.7766253719383     
        1138  -2607.8774535821494     
        1139  -2605.2719949084908     
        1140  -2606.3782990843047     
        1141  -2646.2922772374177     
        1142  -2612.2130926181403     
        1143  -2670.2645256562132     
        1144  -2643.9620213975259     
        1145  -2620.3829279062952     
        1146  -2571.4379070301347     
        1147  -2591.5803881384218     
        1148  -2560.4536200522216     
        1149  -2582.3500794439415     
        1150  -2563.0166776960946     
        1151  -2538.1719245340801     
        1152  -2560.0247416432517     
        1153  -2559.2604388097138     
        1154  -2556.5871069254927     
        1155  -2567.2689710267891     
        1156  -2537.2453537244296     
        1157  -2558.9849986461891     
        1158  -2560.0855402886982     
        1159  -2571.9388282280938     
        1160  -2561.5829614312270     
        1161  -2587.7702570667525     
        1162  -2508.5010734164075     
        1163  -2580.6214335113696     
        1164  -2567.2814764449122     
        1165  -2569.6615806005821     
        1166  -2549.1688727838414     
        1167  -2594.5675636186784     
        1168  -2624.9719000022137     
        1169  -2524.6120738165810     
        1170  -2552.5813719092116     
        1171  -2672.0385995539791     
        1172  -2646.6435434729542     
        1173  -2649.4872272195612     
        1174  -2600.5271415395996     
        1175  -2552.1168865050931     
        1176  -2573.6781388964705     
        1177  -2587.4120122160784     
        1178  -2614.5862701765618     
        1179  -2573.3894101279498     
        1180  -2573.7432413133502     
        1181  -2572.4405447067870     
        1182  -2557.1795204566747     
        1183  -2557.7577675421289     
        1184  -2482.2668228069379     
        1185  -2622.1009704330404     
        1186  -2594.6554998628653     
        1187  -2554.4107362252507     
        1188  -2552.2521778240589     
        1189  -2616.0746562115860     
        1190  -2650.8723423763772     
        1191  -2609.2530845502506     
        1192  -2561.2427257546406     
        1193  -2491.8007209090624     
        1194  -2479.7304709779705     
        1195  -2501.8191535633578     
        1196  -2543.2326015593558     
        1197  -2542.7671922727336     
        1198  -2588.4668223432586     
        1199  -2579.3558812586425     
        1200  -2603.0229830323487     
        1201  -2602.9903817775330     
        1202  -2591.0788923988866     
        1203  -2528.2117929052329     
        1204  -2562.3352532626022     
        1205  -2590.7200170083825     
        1206  -2562.0602059839989     
        1207  -2562.1225508475491     
        1208  -2571.4304127757473     
        1209  -2552.6933261376066     
        1210  -2565.1734750300607     
        1211  -2537.8139110025859     
        1212  -2621.4340488549115     
        1213  -2597.0758060078906     
        1214  -2559.9525077425992     
        1215  -2609.3524281683913     
        1216  -2581.2960008198597     
        1217  -2590.3893483334241     
        1218  -2559.3597662979146     
        1219  -2595.9199532975485     
        1220  -2559.7390582379458     
        1221  -2586.8840957552989     
        1222  -2560.1081431046741     
        1223  -2606.3273216226539     
        1224  -2624.4766403320418     
        1225  -2619.6602989851399     
        1226  -2670.5759560507959     
        1227  -2675.6651787920409     
        1228  -2654.1072542776137     
        1229  -2639.2371087607362     
        1230  -2680.2209649156830     
        1231  -2625.7263274824668     
        1232  -2661.2015042689154     
        1233  -2625.3283285616239     
        1234  -2628.4805862413223     
        1235  -2581.3626636884160     
        1236  -2559.9601268184738     
        1237  -2603.0852009698010     
        1238  -2610.9320614569733     
        1239  -2590.6999440913896     
        1240  -2596.9351179019977     
        1241  -2609.0953204461234     
        1242  -2617.5505675420641     
        1243  -2601.1543984889367     
        1244  -2598.4746857646815     
        1245  -2562.6137789732525     
        1246  -2589.3239301657463     
        1247  -2551.2459895649285     
        1248  -2536.2460203911301     
        1249  -2579.7936474159651     
        1250  -2578.4254336021709     
        1251  -2590.8877627769498     
        1252  -2602.3934999255166     
        1253  -2645.1943382636455     
        1254  -2675.7064324391031     
        1255  -2653.1202562590593     
        1256  -2616.0038239811956     
        1257  -2616.5743899597328     
        1258  -2646.6579064826997     
        1259  -2586.6743914021777     
        1260  -2636.1148893812028     
        1261  -2640.2017177724197     
        1262  -2571.8177092193191     
        1263  -2551.2854869489311     
        1264  -2566.4815381284916     
        1265  -2544.6881427263143     
        1266  -2557.6159614887133     
        1267  -2542.0993950003653     
        1268  -2568.1068059433219     
        1269  -2611.7313203433027     
        1270  -2602.8792957681380     
        1271  -2580.4848188950318     
        1272  -2546.9481592414436     
        1273  -2525.3387585881715     
        1274  -2537.9499173560389     
        1275  -2575.9730749447731     
        1276  -2516.7125600412101     
        1277  -2568.4957196207238     
        1278  -2589.7749603179191     
        1279  -2564.1750212866837     
        1280  -2592.1666452717686     
        1281  -2542.5142427147357     
        1282  -2619.7194382841931     
        1283  -2627.1333601147230     
        1284  -2679.2237481192292     
        1285  -2647.8070970671524     
        1286  -2643.3488529728752     
        1287  -2666.4227702154353     
        1288  -2684.7610444491688     
        1289  -2693.7399670626355     
        1290  -2562.4893383279632     
        1291  -2573.0271169097136     
        1292  -2670.5174919745596     
        1293  -2680.6635696517556     
        1294  -2673.9360810763255     
        1295  -2632.6495086154841     
        1296  -2668.2363354503882     
        1297  -2634.4227432230873     
        1298  -2591.3188985861384     
        1299  -2543.7413365787597     
        1300  -2578.7884961042587     
        1301  -2584.2972396492137     
        1302  -2542.7788623287743     
        1303  -2573.2627717438240     
        1304  -2536.0389390087721     
        1305  -2514.0120841936291     
        1306  -2524.2277816174810     
        1307  -2531.0366871447141     
        1308  -2558.6046472820872     
        1309  -2567.4138157032585     
        1310  -2553.8454154486676     
        1311  -2570.2074912312974     
        1312  -2578.4184770883999     
        1313  -2609.3507608091190     
        1314  -2596.2864014267211     
        1315  -2601.6688240922122     
        1316  -2668.3956013241973     
        1317  -2663.3091958008436     
        1318  -2694.6110185369425     
        1319  -2689.5258963446213     
        1320  -2631.4227342252261     
        1321  -2613.3062523905551     
        1322  -2630.5619172317670     
        1323  -2622.8152435113529     
        1324  -2620.0904748663447     
        1325  -2587.6185620066267     
        1326  -2624.4648691101002     
        1327  -2595.2901885594529     
        1328  -2602.1855169922760     
        1329  -2638.3237539787519     
        1330  -2597.7921095792785     
        1331  -2588.5095650741055     
        1332  -2569.4747355910349     
        1333  -2623.7203731076675     
        1334  -2536.2014350458467     
        1335  -2567.0123993593302     
        1336  -2547.2486305515235     
        1337  -2565.2316190905708     
        1338  -2574.5388701854522     
        1339  -2576.6532812178611     
        1340  -2601.0456944157463     
        1341  -2604.6387675808705     
        1342  -2604.9830201315285     
        1343  -2615.3536528140862     
        1344  -2631.8630859829782     
        1345  -2624.9128329843916     
        1346  -2701.8070328312433     
        1347  -2630.2652061438148     
        1348  -2648.0337938639259     
        1349  -2666.5803646137774     
        1350  -2629.8438537355337     
        1351  -2662.5318945153522     
        1352  -2652.1355671218671     
        1353  -2664.8432149540004     
        1354  -2621.3252133528608     
        1355  -2613.6842428457139     
        1356  -2628.2016066562701     
        1357  -2609.2258369613432     
        1358  -2634.9319090015101     
        1359  -2672.1103683680331     
        1360  -2644.0079690809484     
        1361  -2608.1494476813227     
        1362  -2612.9819372492798     
        1363  -2590.2089009781425     
        1364  -2599.5280566589622     
        1365  -2631.0340092934380     
        1366  -2597.2091114421883     
        1367  -2574.2039583338578     
        1368  -2622.2425181997896     
        1369  -2624.4040042190431     
        1370  -2635.4799579453943     
        1371  -2597.8726919713786     
        1372  -2545.6539462494766     
        1373  -2524.3025525568169     
        1374  -2514.2829734372222     
        1375  -2607.8832445377238     
        1376  -2620.4774483504502     
        1377  -2617.0036632874139     
        1378  -2631.0567244247673     
        1379  -2603.2429904391661     
        1380  -2647.2955604995486     
        1381  -2708.3641508434598     
        1382  -2698.2085321819586     
        1383  -2644.1082656739222     
        1384  -2598.5256905316101     
        1385  -2631.5818714503166     
        1386  -2571.3061016486236     
        1387  -2574.8881229769549     
        1388  -2564.0269666890613     
        1389  -2575.3167693402952     
        1390  -2538.2111769631219     
        1391  -2546.1197112284267     
        1392  -2576.4948816253213     
        1393  -2618.2902173909824     
        1394  -2627.2862160619006     
        1395  -2652.3058465786025     
        1396  -2602.4185579918953     
        1397  -2614.3022767286848     
        1398  -2634.1102449155169     
        1399  -2610.7896062798163     
        1400  -2601.2827815799974     
        1401  -2639.9998652192330     
        1402  -2560.5691725524380     
        1403  -2541.3361828672419     
        1404  -2562.6936995055112     
        1405  -2561.2162346971122     
        1406  -2547.1868184986461     
        1407  -2561.1158320378372     
        1408  -2572.0570239526396     
        1409  -2646.3831737969613     
        1410  -2594.8825185265246     
        1411  -2589.7156075840526     
        1412  -2613.1159903942034     
        1413  -2573.1171339598745     
        1414  -2625.4013071950408     
        1415  -2665.0372968655956     
        1416  -2653.9178874614850     
        1417  -2652.0694380883565     
        1418  -2613.7342976568211     
        1419  -2654.1290006277573     
        1420  -2593.3276135576325     
        1421  -2632.6557259624797     
        1422  -2605.8957365977617     
        1423  -2556.7013364540012     
        1424  -2555.4383609692050     
        1425  -2571.3803433439643     
        1426  -2585.1931119554010     
        1427  -2595.5374262087093     
        1428  -2640.3984962069212     
        1429  -2623.8494082284110     
        1430  -2572.2745848527188     
        1431  -2569.2843887145277     
        1432  -2608.1392424620117     
        1433  -2550.0931521204711     
        1434  -2541.1691050274731     
        1435  -2620.5986947963925     
        1436  -2581.4950931617313     
        1437  -2575.3501508614181     
        1438  -2629.7724274623665     
        1439  -2570.9895175294714     
        1440  -2559.4557319833111     
        1441  -2578.2290775622400     
        1442  -2590.7710664490910     
        1443  -2603.5031288038581     
        1444  -2645.0381863455932     
        1445  -2617.0177022107418     
        1446  -2662.2868571567979     
        1447  -2621.5338783205489     
        1448  -2614.6994015269138     
        1449  -2578.5170159795402     
        1450  -2597.2639952831964     
        1451  -2578.0961508816508     
        1452  -2583.6046687815665     
        1453  -2558.8518836553772     
        1454  -2555.3941901333105     
        1455  -2590.9976182401238     
        1456  -2606.2616578723400     
        1457  -2550.7611191928595     
        1458  -2590.2016516261288     
        1459  -2572.5943471103637     
        1460  -2626.8020685818778     
        1461  -2630.9150586696051     
        1462  -2564.7082804352881     
        1463  -2573.9640219030052     
        1464  -2566.6009611726263     
        1465  -2567.2951251183972     
        1466  -2611.5567256107679     
        1467  -2563.0675297260882     
        1468  -2580.1426099038545     
        1469  -2564.0802677112233     
        1470  -2615.4017539482611     
        1471  -2620.3154582016882     
        1472  -2555.3976982565841     
        1473  -2453.2833548228441     
        1474  -2441.6303194421198     
        1475  -2544.6356888757368     
        1476  -2529.8530356445208     
        1477  -2494.1815322022308     
        1478  -2539.9562607055709     
        1479  -2617.7975538396204     
        1480  -2535.9198912126585     
        1481  -2533.5554360547212     
        1482  -2603.1764725552212     
        1483  -2614.9075765694979     
        1484  -2591.7055821588915     
        1485  -2612.0709999949099     
        1486  -2590.1190703787543     
        1487  -2567.0672579405459     
        1488  -2616.0725667580791     
        1489  -2584.5385772911909     
        1490  -2651.9089058169920     
        1491  -2659.8610555144405     
        1492  -2652.3466959106991     
        1493  -2592.9710488298560     
        1494  -2624.9003234336524     
        1495  -2628.4875785670069     
        1496  -2563.7054395767864     
        1497  -2588.4557854504551     
        1498  -2556.0139488399932     
        1499  -2556.8982992735346     
        1500  -2591.9412082880863     
        1501  -2614.5339963238312     
        1502  -2575.9097847449434     
        1503  -2613.7652770637146     
        1504  -2594.1068976880847     
        1505  -2646.1535488151490     
        1506  -2617.6140217387510     
        1507  -2560.9115388926648     
        1508  -2631.8903045132583     
        1509  -2597.5101705150964     
        1510  -2587.7155481625705     
        1511  -2629.9267295546679     
        1512  -2674.6881349470405     
        1513  -2617.1290670214057     
        1514  -2606.7311878742985     
        1515  -2626.9860382880588     
        1516  -2615.9177988783513     
        1517  -2572.0550524547566     
        1518  -2579.1722694231130     
        1519  -2591.5284128253907     
        1520  -2550.3125237480208     
        1521  -2545.0129439433745     
        1522  -2625.8887638075685     
        1523  -2605.5399381027423     
        1524  -2591.7566511782907     
        1525  -2600.6229548876463     
        1526  -2631.9440333078360     
        1527  -2585.6215536422974     
        1528  -2570.2989630732141     
        1529  -2594.1465227707499     
        1530  -2633.7173787086754     
        1531  -2576.9177932288108     
        1532  -2582.0337638101596     
        1533  -2623.6667703354892     
        1534  -2615.2016467186832     
        1535  -2635.1577919778024     
        1536  -2641.6519083379258     
        1537  -2650.9147621012817     
        1538  -2693.3303933934526     
        1539  -2632.6622600032133     
        1540  -2565.7755325980779     
        1541  -2616.0110315981865     
        1542  -2612.9287188450821     
        1543  -2609.6884345418921     
        1544  -2599.7257563313206     
        1545  -2564.0636609767453     
        1546  -2531.0784767118257     
        1547  -2568.0342543140537     
        1548  -2559.8333780282887     
        1549  -2597.6749678669530     
        1550  -2661.0705782982718     
        1551  -2609.5939287085935     
        1552  -2673.4075036409490     
        1553  -2635.3742879052229     
        1554  -2563.2403123796457     
        1555  -2650.0921345816873     
        1556  -2590.7878951364346     
        1557  -2585.2607507788007     
        1558  -2611.3490794482395     
        1559  -2662.9300157151483     
        1560  -2672.8242850957695     
        1561  -2711.6006395014174     
        1562  -2685.0852471480739     
        1563  -2676.9374369360762     
        1564  -2648.5843794411931     
        1565  -2640.3053764871374     
        1566  -2641.8164793405749     
        1567  -2687.5178016308068     
        1568  -2620.3905899349056     
        1569  -2702.2789149593468     
        1570  -2679.0274730508977     
        1571  -2620.4280884362415     
        1572  -2659.4479939273542     
        1573  -2623.9133571204411     
        1574  -2649.4471154737921     
        1575  -2656.2771314475403     
        1576  -2651.1614319309815     
        1577  -2633.1889874706635     
        1578  -2661.1482450435060     
        1579  -2704.6749239250762     
        1580  -2649.1577344919037     
        1581  -2665.1336531473530     
        1582  -2655.2051781347986     
        1583  -2681.3286885705925     
        1584  -2677.1584319642820     
        1585  -2617.1804544148094     
        1586  -2608.7989522769285     
        1587  -2710.7108173773408     
        1588  -2655.4345135839048     
        1589  -2668.7439673705462     
        1590  -2644.1182249250774     
        1591  -2635.5821671296212     
        1592  -2645.3415601189681     
        1593  -2665.6401502915855     
        1594  -2673.2701812818104     
        1595  -2666.5805785994467     
        1596  -2637.7974261796930     
        1597  -2699.0844845893412     
        1598  -2683.8514816666921     
        1599  -2682.3193585723484     
        1600  -2685.4079486479241     
        1601  -2733.1097079707233     
        1602  -2692.6136433521169     
        1603  -2679.7395050334626     
        1604  -2644.4186260865267     
        1605  -2627.5014749959946     
        1606  -2652.1924084979737     
        1607  -2659.8987898074374     
        1608  -2654.7728384366387     
        1609  -2642.9714276554428     
        1610  -2556.4780609675031     
        1611  -2633.3764937879796     
        1612  -2589.6612517852045     
        1613  -2483.1429069668002     
        1614  -2546.5121883612446     
        1615  -2542.6007208956339     
        1616  -2570.2133797200654     
        1617  -2630.2365915550686     
        1618  -2603.8084834762685     
        1619  -2635.5016171804400     
        1620  -2607.2348085851881     
        1621  -2610.7284424141994     
        1622  -2595.6247205593268     
        1623  -2605.8860415274839     
        1624  -2665.4639676496063     
        1625  -2683.5110596801137     
        1626  -2650.2894447187236     
        1627  -2678.4109804122731     
        1628  -2633.9031618676236     
        1629  -2599.1521442027511     
        1630  -2606.2937166170473     
        1631  -2630.8063264267371     
        1632  -2626.5590570212489     
        1633  -2595.2549068051476     
        1634  -2586.9250406087781     
        1635  -2604.6087777284988     
        1636  -2623.8337988851399     
        1637  -2600.5393188890835     
        1638  -2615.5491693328872     
        1639  -2595.7789111635179     
        1640  -2646.8470857167349     
        1641  -2631.2939917142262     
        1642  -2662.0308168524689     
        1643  -2662.1976782641723     
        1644  -2680.0348108843200     
        1645  -2731.2989981304190     
        1646  -2634.7578094804476     
        1647  -2616.1228202964030     
        1648  -2623.2216378310941     
        1649  -2674.9120102695779     
        1650  -2670.2232623620321     
        1651  -2625.5260675277300     
        1652  -2633.3591501942246     
        1653  -2606.6062837069198     
        1654  -2645.9992113468443     
        1655  -2579.4577340869714     
        1656  -2664.0621010569134     
        1657  -2641.1082355553472     
        1658  -2619.5934529432693     
        1659  -2651.9249478219649     
        1660  -2585.3577694005530     
        1661  -2610.6605623495880     
        1662  -2589.1945349914381     
        1663  -2665.4254918898100     
        1664  -2615.0892510245735     
        1665  -2662.2589565967155     
        1666  -2637.3354435110205     
        1667  -2627.4575644680472     
        1668  -2600.8425269590543     
        1669  -2637.7938583166824     
        1670  -2645.0157654572440     
        1671  -2678.0339365375544     
        1672  -2666.2109585561948     
        1673  -2586.5575049303170     
        1674  -2655.8135732133187     
        1675  -2632.9694411920850     
        1676  -2659.8626094241577     
        1677  -2653.8561057796214     
        1678  -2645.4060798301666     
        1679  -2665.9944891205491     
        1680  -2682.7129869974192     
        1681  -2615.0928620745790     
        1682  -2586.2832803198571     
        1683  -2620.8743511939820     
        1684  -2645.9151435594690     
        1685  -2593.0794422427894     
        1686  -2694.1966630739312     
        1687  -2654.3993995275323     
        1688  -2616.7850183237952     
        1689  -2645.9075929969481     
        1690  -2602.3107334761849     
        1691  -2576.1745161581803     
        1692  -2547.1374624885889     
        1693  -2545.5666582080257     
        1694  -2600.3661804723538     
        1695  -2544.7978390831149     
        1696  -2540.5156313109028     
        1697  -2523.7991624416682     
        1698  -2494.1014291927881     
        1699  -2544.9789505214494     
        1700  -2612.6216629940568     
        1701  -2598.7607062376865     
        1702  -2614.2829990982386     
        1703  -2629.9142844444632     
        1704  -2602.8339983087189     
        1705  -2627.2675299621992     
        1706  -2591.7862453671332     
        1707  -2515.5246258638035     
        1708  -2551.8884808733660     
        1709  -2591.0441954749472     
        1710  -2553.7049186834411     
        1711  -2515.2817023310704     
        1712  -2587.3644271922585     
        1713  -2531.9944212090436     
        1714  -2559.6837606037234     
        1715  -2600.8091383600135     
        1716  -2590.3161647582165     
        1717  -2562.8072815128417     
        1718  -2632.1752381687706     
        1719  -2558.6910931252332     
        1720  -2569.7369342747597     
        1721  -2583.9646394679116     
        1722  -2530.2568632738844     
        1723  -2593.6227857116496     
        1724  -2577.5588252618131     
        1725  -2589.2049357866936     
        1726  -2590.9665358597349     
        1727  -2523.3386961581905     
        1728  -2554.6556233635579     
        1729  -2551.0627884157293     
        1730  -2559.7833371681741     
        1731  -2543.3504920274977     
        1732  -2577.5780334879205     
        1733  -2513.0900114681876     
        1734  -2520.3368111048444     
        1735  -2509.8236814516372     
        1736  -2544.0844720298523     
        1737  -2577.6917982423174     
        1738  -2550.2284091384145     
        1739  -2554.9780371725228     
        1740  -2612.2893936293676     
        1741  -2632.3462701954099     
        1742  -2602.4059387703201     
        1743  -2602.7572309254474     
        1744  -2617.3431267899505     
        1745  -2599.8393252365518     
        1746  -2611.8524163203074     
        1747  -2579.7235828529692     
        1748  -2618.1254008351948     
        1749  -2629.0613303532000     
        1750  -2542.5381926679106     
        1751  -2626.1224008259355     
        1752  -2663.3704409946681     
        1753  -2599.3667842608047     
        1754  -2607.5915216898661     
        1755  -2650.3129819579772     
        1756  -2627.3825532969677     
        1757  -2606.3106934425723     
        1758  -2568.2446057004963     
        1759  -2549.9906004892478     
        1760  -2576.0553208119627     
        1761  -2630.5494074253279     
        1762  -2649.1579867558698     
        1763  -2630.1678008784957     
        1764  -2637.4761207181068     
        1765  -2615.7193668170071     
        1766  -2604.8257096277616     
        1767  -2598.6708231748707     
        1768  -2539.9502832639532     
        1769  -2554.4684401032710     
        1770  -2552.7093661007798     
        1771  -2584.8367478642026     
        1772  -2602.8801436188487     
        1773  -2560.3033852172789     
        1774  -2540.6568487092777     
        1775  -2555.3734300278998     
        1776  -2601.7079997181759     
        1777  -2598.4324632100142     
        1778  -2561.2827835963167     
        1779  -2559.2970742838725     
        1780  -2511.1363515012063     
        1781  -2561.2360055789463     
        1782  -2564.6595573676295     
        1783  -2552.8201707731964     
        1784  -2610.5317492471536     
        1785  -2579.1301427330473     
        1786  -2605.6561372061342     
        1787  -2612.3217502384896     
        1788  -2549.3769033757294     
        1789  -2522.6776881122696     
        1790  -2551.9359734678446     
        1791  -2573.2591789312023     
        1792  -2607.1231769325868     
        1793  -2584.1306498561448     
        1794  -2548.1410401464609     
        1795  -2576.4356678371414     
        1796  -2543.1499316469376     
        1797  -2557.9139703995320     
        1798  -2587.9491239178401     
        1799  -2605.4266874528575     
        1800  -2629.8420913374275     
        1801  -2596.4910124060202     
        1802  -2586.6659003240070     
        1803  -2606.6931588126140     
        1804  -2627.0173091284737     
        1805  -2653.7442780393990     
        1806  -2680.2470282755635     
        1807  -2660.1291813367602     
        1808  -2605.2849768293490     
        1809  -2618.8580831878917     
        1810  -2656.4777162269629     
        1811  -2658.2309385197777     
        1812  -2606.3286680246642     
        1813  -2625.3687250162852     
        1814  -2610.7261093650736     
        1815  -2682.2916902998113     
        1816  -2688.7474323513461     
        1817  -2664.8477385409838     
        1818  -2633.8476133124600     
        1819  -2604.7635783781725     
        1820  -2510.2787953630436     
        1821  -2536.4427940865135     
        1822  -2548.5868457516826     
        1823  -2656.1931239645355     
        1824  -2660.9601572711776     
        1825  -2635.7935236952694     
        1826  -2594.6832846732450     
        1827  -2594.6890792800596     
        1828  -2603.3142317026868     
        1829  -2589.6964537677018     
        1830  -2625.9773216451372     
        1831  -2578.3209728268639     
        1832  -2622.9599892342585     
        1833  -2628.0523843194528     
        1834  -2580.9399158066080     
        1835  -2619.8336379526950     
        1836  -2609.6425347098898     
        1837  -2597.9923569025532     
        1838  -2666.7359848977349     
        1839  -2610.0339276308569     
        1840  -2597.9095779661475     
        1841  -2561.6164299786374     
        1842  -2580.5596864787653     
        1843  -2628.1464796546393     
        1844  -2621.4191912684437     
        1845  -2674.3937082309544     
        1846  -2633.9359308315593     
        1847  -2642.7540061392142     
        1848  -2629.5117521193538     
        1849  -2639.9066971178195     
        1850  -2566.9460321804859     
        1851  -2591.1422571808371     
        1852  -2581.3936388909528     
        1853  -2569.4788396668396     
        1854  -2554.5665430018835     
        1855  -2594.9570447353635     
        1856  -2597.6851935137893     
        1857  -2639.1399152265462     
        1858  -2562.3470109813661     
        1859  -2559.5170466199920     
        1860  -2586.4972769718534     
        1861  -2611.3625788553986     
        1862  -2589.3483759288038     
        1863  -2619.7078334269659     
        1864  -2549.3815290837415     
        1865  -2564.4591340212737     
        1866  -2592.1214996090416     
        1867  -2570.2456919295964     
        1868  -2561.6155087837265     
        1869  -2554.6706856012911     
        1870  -2555.1365101293650     
        1871  -2594.4453893402206     
        1872  -2519.5287397783050     
        1873  -2551.1983187119895     
        1874  -2549.1040766233609     
        1875  -2595.8881667661890     
        1876  -2595.6401751606559     
        1877  -2602.6949244511366     
        1878  -2604.7809933675799     
        1879  -2579.8596223400491     
        1880  -2609.3898829432105     
        1881  -2611.9639996219867     
        1882  -2555.8995859540064     
        1883  -2591.0013485492796     
        1884  -2592.3837573590286     
        1885  -2607.9636597407016     
        1886  -2621.8967581415527     
        1887  -2583.1692574272452     
        1888  -2573.7078385731661     
        1889  -2617.7631211641105     
        1890  -2587.4928546659039     
        1891  -2536.0685899963837     
        1892  -2546.5643044724397     
        1893  -2579.3735196418606     
        1894  -2571.7166670783390     
        1895  -2578.0864776664325     
        1896  -2570.5300308660685     
        1897  -2590.5768530582213     
        1898  -2598.5151357649938     
        1899  -2614.3811389727703     
        1900  -2628.0480747332758     
        1901  -2623.2526610255763     
        1902  -2615.9255587963371     
        1903  -2606.3811354820446     
        1904  -2607.7552787096711     
        1905  -2529.6234152822876     
        1906  -2582.1545785308731     
        1907  -2601.3618437379514     
        1908  -2571.1451369612005     
        1909  -2582.7922760904830     
        1910  -2510.7996419010983     
        1911  -2570.6109087594327     
        1912  -2554.3089256819076     
        1913  -2550.9428622530409     
        1914  -2518.5026479728567     
        1915  -2487.3900881376585     
        1916  -2538.9131013181918     
        1917  -2554.1628369216446     
        1918  -2515.9455701328102     
        1919  -2536.5273199036233     
        1920  -2577.2135277162229     
        1921  -2581.5009260104971     
        1922  -2570.5201490218624     
        1923  -2558.5874722181134     
        1924  -2586.4727614554158     
        1925  -2562.6066784795839     
        1926  -2578.4433758752157     
        1927  -2542.0492262134971     
        1928  -2587.1656259181814     
        1929  -2609.2706940115627     
        1930  -2544.5901587282997     
        1931  -2595.1256844670570     
        1932  -2607.9247460230140     
        1933  -2562.9277878432795     
        1934  -2589.8019335356671     
        1935  -2573.2432828466362     
        1936  -2584.3451064293022     
        1937  -2622.3785743327426     
        1938  -2605.6670338178519     
        1939  -2575.5900380044286     
        1940  -2538.3495157877819     
        1941  -2506.4251153846808     
        1942  -2610.0394816145013     
        1943  -2510.5405740267502     
        1944  -2515.8873949640088     
        1945  -2510.9169192964514     
        1946  -2577.5053890208037     
        1947  -2600.5089664748152     
        1948  -2582.5684980324231     
        1949  -2596.4012742491373     
        1950  -2545.7068196231489     
        1951  -2563.9602932819375     
        1952  -2470.3160897108714     
        1953  -2530.7807643936744     
        1954  -2522.1006637872028     
        1955  -2531.4619178522585     
        1956  -2522.6231094132386     
        1957  -2531.1410065867044     
        1958  -2550.5191064766150     
        1959  -2587.5926292303539     
        1960  -2558.7100680026642     
        1961  -2509.6083703157178     
        1962  -2508.1181576927415     
        1963  -2574.5684554502159     
        1964  -2568.0218135279079     
        1965  -2566.6650735517705     
        1966  -2549.4976094236972     
        1967  -2565.6145834015983     
        1968  -2562.2370733480084     
        1969  -2533.9191588157710     
        1970  -2557.5100283521751     
        1971  -2606.4364249119462     
        1972  -2579.2480108677719     
        1973  -2603.6557677291576     
        1974  -2608.8878412156578     
        1975  -2566.6747202238907     
        1976  -2566.6057001439467     
        1977  -2578.1559984356654     
        1978  -2618.7097631842971     
        1979  -2607.3558372039975     
        1980  -2574.3745565020781     
        1981  -2503.9356897094572     
        1982  -2518.8468034047482     
        1983  -2598.9734155027672     
        1984  -2558.8096404170169     
        1985  -2647.9973519393816     
        1986  -2558.4848212376587     
        1987  -2556.3276081050617     
        1988  -2578.1357966088581     
        1989  -2650.0524205694514     
        1990  -2639.7291368613919     
        1991  -2620.1864954338434     
        1992  -2536.7686970797290     
        1993  -2564.5478301334665     
        1994  -2591.4300052645249     
        1995  -2571.9369823644120     
        1996  -2588.9774670968491     
        1997  -2613.2874563731320     
        1998  -2597.1772832654983     
        1999  -2561.4706246687761     
        2000  -2488.3331774008793     
