 SAMPLE,  ENERGY
           1  -2553.1991036732775     
           2  -2577.2962614310804     
           3  -2556.4293949071512     
           4  -2575.6638114557982     
           5  -2583.4959974556059     
           6  -2556.0908184138384     
           7  -2567.3888004403893     
           8  -2558.2350680031827     
           9  -2590.0470712830688     
          10  -2596.0189666850315     
          11  -2604.8670535048145     
          12  -2629.7286619550814     
          13  -2614.1428846969761     
          14  -2574.6646978743543     
          15  -2562.5805092303622     
          16  -2572.5000635174883     
          17  -2576.1084218466713     
          18  -2525.7081910488341     
          19  -2584.3484129565181     
          20  -2539.3744786690795     
          21  -2552.7332780568263     
          22  -2589.8492012388410     
          23  -2550.6650642781474     
          24  -2550.0630537454285     
          25  -2581.1277549593401     
          26  -2626.9163530240421     
          27  -2587.3395273794231     
          28  -2576.5498306929030     
          29  -2562.5666401289964     
          30  -2553.0335029503585     
          31  -2576.6989076115115     
          32  -2603.8904875894932     
          33  -2585.7040490130812     
          34  -2581.9406831108768     
          35  -2599.5663690842439     
          36  -2579.2118556576211     
          37  -2494.2371366289212     
          38  -2500.0139257868996     
          39  -2567.7697026251817     
          40  -2526.1198707341964     
          41  -2615.2395363130572     
          42  -2530.6137479711542     
          43  -2617.6883996665238     
          44  -2524.5382418618365     
          45  -2619.5091483185693     
          46  -2608.9051762195427     
          47  -2575.4746693913139     
          48  -2555.8191727444487     
          49  -2569.0522172307756     
          50  -2610.9327839769808     
          51  -2588.2516797051762     
          52  -2620.8811320023206     
          53  -2614.9183446306670     
          54  -2543.2519799908328     
          55  -2498.1341402965631     
          56  -2539.5469167657325     
          57  -2507.4371849137938     
          58  -2523.1641021803466     
          59  -2492.0242727991772     
          60  -2588.3831775796457     
          61  -2542.9281909291835     
          62  -2583.0557523397047     
          63  -2614.2652803650171     
          64  -2617.5768754033597     
          65  -2607.2888178655162     
          66  -2610.9733665889662     
          67  -2565.4262593959238     
          68  -2528.5342076760908     
          69  -2575.3141144373963     
          70  -2541.6966532124297     
          71  -2563.2414593632780     
          72  -2569.8039051726741     
          73  -2554.0300561304530     
          74  -2598.6513994629145     
          75  -2541.0082474826313     
          76  -2547.4437295080006     
          77  -2546.0185776259646     
          78  -2547.6057986168371     
          79  -2609.0845680623052     
          80  -2564.9152288998744     
          81  -2575.0587242791626     
          82  -2567.1004476624626     
          83  -2589.8685376724970     
          84  -2565.9982222301032     
          85  -2501.6546079920058     
          86  -2497.4338978814308     
          87  -2481.9257759427596     
          88  -2566.4247105961449     
          89  -2550.2669497839111     
          90  -2563.0070926984081     
          91  -2539.2591500005287     
          92  -2480.4309712570234     
          93  -2476.3348331842121     
          94  -2566.2186510642032     
          95  -2581.7455043589607     
          96  -2590.5269017911555     
          97  -2531.9036257092253     
          98  -2533.8819198865872     
          99  -2561.0408825214759     
         100  -2522.7397172358583     
         101  -2511.7955025417291     
         102  -2579.0523805038924     
         103  -2556.9821039427752     
         104  -2557.1298285451353     
         105  -2553.1529373065632     
         106  -2542.0834441301504     
         107  -2532.2377043983224     
         108  -2527.4231060494244     
         109  -2444.7586368055613     
         110  -2480.2678560111635     
         111  -2535.7121026593527     
         112  -2493.4232355970039     
         113  -2503.1396894039890     
         114  -2463.8481447330932     
         115  -2462.3070654582666     
         116  -2456.9849198147349     
         117  -2437.9448881504300     
         118  -2476.8429281206413     
         119  -2517.9723301512404     
         120  -2505.8695113700383     
         121  -2537.1826010899599     
         122  -2491.1472411178966     
         123  -2527.7670154000980     
         124  -2506.1542104967689     
         125  -2471.6815266704139     
         126  -2479.0468599213964     
         127  -2533.5288520550234     
         128  -2541.3586506346683     
         129  -2576.9606421509939     
         130  -2550.5978840350749     
         131  -2546.7562930209624     
         132  -2550.3224663525230     
         133  -2566.0056632293818     
         134  -2599.7162589347013     
         135  -2565.4985756124765     
         136  -2594.2980917721893     
         137  -2550.4041768908319     
         138  -2567.4222785413508     
         139  -2554.9661075130230     
         140  -2548.4904545331174     
         141  -2534.0146075908228     
         142  -2507.9437771433145     
         143  -2502.0003870719438     
         144  -2545.6871197292203     
         145  -2498.2469304161582     
         146  -2522.0780013716399     
         147  -2530.0720736227354     
         148  -2527.8612966122500     
         149  -2558.6080583691860     
         150  -2523.1711121042545     
         151  -2525.0713996911913     
         152  -2560.5082114403972     
         153  -2546.4309942024274     
         154  -2547.1682318191984     
         155  -2541.2151611742320     
         156  -2555.4178509897633     
         157  -2569.5713525425663     
         158  -2526.1249327946866     
         159  -2555.6245146220831     
         160  -2494.5851737686708     
         161  -2538.4553424919122     
         162  -2495.5402291475702     
         163  -2517.1144741186909     
         164  -2518.0135649274448     
         165  -2543.9208861117831     
         166  -2549.2132053098244     
         167  -2533.7729771945419     
         168  -2553.7884855408338     
         169  -2575.2439112635248     
         170  -2516.1670860285431     
         171  -2508.9238613209445     
         172  -2517.4103148474019     
         173  -2550.5357537959808     
         174  -2553.3857348606412     
         175  -2576.7201340294555     
         176  -2579.6655689385912     
         177  -2561.4112412543905     
         178  -2571.6617789892866     
         179  -2604.0267391437469     
         180  -2529.0611611771410     
         181  -2550.9066699422488     
         182  -2544.6441621817057     
         183  -2546.2568168667476     
         184  -2554.8374304018917     
         185  -2601.2767399065647     
         186  -2545.4284367484920     
         187  -2575.3652167238629     
         188  -2532.6473888209421     
         189  -2501.7490083861599     
         190  -2446.6810290262238     
         191  -2531.0576164855183     
         192  -2527.4659074776146     
         193  -2506.2704095751751     
         194  -2543.6875668580237     
         195  -2506.5295617054389     
         196  -2546.1287480369383     
         197  -2565.7807944035330     
         198  -2548.7084965039226     
         199  -2544.6126130595094     
         200  -2492.5858354802144     
         201  -2542.6401014925736     
         202  -2538.2050985329070     
         203  -2553.0831892749015     
         204  -2555.5326094886964     
         205  -2544.1529216937588     
         206  -2559.0222937656513     
         207  -2574.2757104336347     
         208  -2565.1615059070696     
         209  -2557.1128899532905     
         210  -2539.7413274223372     
         211  -2523.4697969284807     
         212  -2521.3674267148672     
         213  -2480.0864140455710     
         214  -2480.5342547570508     
         215  -2518.6531744037061     
         216  -2579.1161543378353     
         217  -2551.9733291516395     
         218  -2514.5618565616578     
         219  -2524.0320110525117     
         220  -2470.9593257301481     
         221  -2451.2051431816203     
         222  -2431.7727672284677     
         223  -2384.0381399951325     
         224  -2460.0158992432666     
         225  -2445.1652826093068     
         226  -2455.8067797669573     
         227  -2477.0189811109512     
         228  -2483.5651675255849     
         229  -2461.0097706423830     
         230  -2508.1640207770511     
         231  -2502.5024394123434     
         232  -2491.0503160367894     
         233  -2469.5878663658773     
         234  -2449.6475073250940     
         235  -2518.3247372685473     
         236  -2531.9519338212472     
         237  -2544.6323137532809     
         238  -2517.7015087890077     
         239  -2519.0180090027170     
         240  -2514.1991502857441     
         241  -2502.7528171481467     
         242  -2522.8650357614847     
         243  -2523.4410675640515     
         244  -2516.3670800941677     
         245  -2502.7324902195737     
         246  -2471.8680413452025     
         247  -2478.1029983764347     
         248  -2504.7813449578657     
         249  -2431.1609655081252     
         250  -2483.8452642535563     
         251  -2433.0563970401058     
         252  -2425.0044633007519     
         253  -2480.0188368391732     
         254  -2512.5542186360030     
         255  -2476.2345168278202     
         256  -2490.1196449954336     
         257  -2431.8525993324952     
         258  -2455.5820404721962     
         259  -2423.2682058661876     
         260  -2414.9482310833550     
         261  -2447.8906638377553     
         262  -2521.0428518349681     
         263  -2521.8531280777515     
         264  -2512.2050648298796     
         265  -2519.5458341670474     
         266  -2508.5600825410997     
         267  -2458.5910713148319     
         268  -2482.8129745198298     
         269  -2423.0819426090106     
         270  -2545.5010888523598     
         271  -2504.8091792075961     
         272  -2453.1145281449826     
         273  -2492.3252932460646     
         274  -2479.9360829579682     
         275  -2483.6395986580383     
         276  -2469.3033134481402     
         277  -2531.5852589064234     
         278  -2534.6001447720837     
         279  -2526.1417213865602     
         280  -2526.2413302738964     
         281  -2533.2455436971472     
         282  -2540.8797503934898     
         283  -2455.4598148739883     
         284  -2508.1295487505199     
         285  -2515.3367415419816     
         286  -2515.9349281658992     
         287  -2515.6172673413912     
         288  -2501.6929889199218     
         289  -2572.5603245334987     
         290  -2566.2962105306365     
         291  -2557.7114245986395     
         292  -2496.8241282342829     
         293  -2557.5594485284423     
         294  -2548.6727567624566     
         295  -2541.6513552150504     
         296  -2537.6259510979335     
         297  -2537.4917425236963     
         298  -2535.5250003556052     
         299  -2490.5319032743832     
         300  -2578.2969885282209     
         301  -2543.6216755819137     
         302  -2543.1522494045666     
         303  -2488.2738934185813     
         304  -2537.0502662235567     
         305  -2573.7590691693263     
         306  -2525.1331307490632     
         307  -2513.0434106452426     
         308  -2535.1309168262433     
         309  -2543.7485476784118     
         310  -2595.3196979960144     
         311  -2556.6286857812215     
         312  -2541.4588486262373     
         313  -2559.9443100796389     
         314  -2543.1306855122025     
         315  -2523.6976111247841     
         316  -2496.5022407807683     
         317  -2481.9570644938053     
         318  -2478.4488370479476     
         319  -2518.0735888381600     
         320  -2539.3794645671965     
         321  -2519.7661153772983     
         322  -2532.2910880555842     
         323  -2521.3322303658124     
         324  -2456.3530076596667     
         325  -2473.1284228635241     
         326  -2488.7047124624046     
         327  -2426.3012955095792     
         328  -2491.3229383872981     
         329  -2489.0719219629241     
         330  -2475.3399406921349     
         331  -2475.9029676894029     
         332  -2426.0529314397718     
         333  -2408.8148152332078     
         334  -2475.0821344394612     
         335  -2462.7532365165348     
         336  -2455.9583048082909     
         337  -2464.5559146664682     
         338  -2497.9067167060562     
         339  -2479.2397433989299     
         340  -2453.1309289177975     
         341  -2433.4072153925486     
         342  -2435.9817773468103     
         343  -2489.1443582490156     
         344  -2481.2839466004184     
         345  -2452.3024949473765     
         346  -2470.6723474070791     
         347  -2449.0101461541763     
         348  -2460.8995355065772     
         349  -2476.1413796584989     
         350  -2471.9646159921990     
         351  -2511.2349111640656     
         352  -2473.9595036492683     
         353  -2479.5122017353879     
         354  -2465.6907090141840     
         355  -2526.5402509814326     
         356  -2461.3493733412652     
         357  -2461.0070256520467     
         358  -2532.4118943236540     
         359  -2508.9992219386577     
         360  -2507.7424204261470     
         361  -2498.5400593832824     
         362  -2471.0305548349670     
         363  -2493.2017979325974     
         364  -2438.8196376198034     
         365  -2423.3616901995470     
         366  -2416.6591146199594     
         367  -2486.1736679375458     
         368  -2475.0564952145037     
         369  -2507.4477613934932     
         370  -2505.9769128267080     
         371  -2523.9097162573526     
         372  -2510.1107448150274     
         373  -2522.4196827937044     
         374  -2518.5260093823690     
         375  -2519.0684365635284     
         376  -2502.1505951124755     
         377  -2451.5145503701497     
         378  -2442.6421173991766     
         379  -2468.6268832657029     
         380  -2501.8685453762823     
         381  -2498.2883826400548     
         382  -2504.4309911612409     
         383  -2524.1385412145805     
         384  -2526.5629874054207     
         385  -2527.1983803526605     
         386  -2481.4748650548295     
         387  -2543.4306161182762     
         388  -2527.2976522756762     
         389  -2520.7320874259872     
         390  -2549.4348516968912     
         391  -2502.2874000951451     
         392  -2465.1475946120954     
         393  -2454.2008388477298     
         394  -2518.4528483328509     
         395  -2529.7263571500052     
         396  -2561.5954784971882     
         397  -2507.9640941131747     
         398  -2475.8144581728993     
         399  -2469.7383763903272     
         400  -2472.1983870384774     
         401  -2496.5505144501976     
         402  -2462.2553330706228     
         403  -2512.7335878585236     
         404  -2524.1712578871397     
         405  -2512.8526613412882     
         406  -2497.5145785413238     
         407  -2516.3258592104085     
         408  -2514.1735995325184     
         409  -2497.5306311173872     
         410  -2494.1860000929669     
         411  -2511.6474719458311     
         412  -2494.1447337580744     
         413  -2533.7142259504581     
         414  -2556.2339889081200     
         415  -2529.6290892372522     
         416  -2543.4451123223967     
         417  -2527.4911641583694     
         418  -2514.8599010720300     
         419  -2515.9922013773303     
         420  -2484.4850482386473     
         421  -2517.2055253934959     
         422  -2577.1887195554727     
         423  -2559.3969514821588     
         424  -2528.6531744454514     
         425  -2576.8817509034707     
         426  -2456.4031384825780     
         427  -2494.5004659006886     
         428  -2506.1699011941400     
         429  -2578.9987758308921     
         430  -2625.0481530738916     
         431  -2580.4874448374380     
         432  -2520.8629471256272     
         433  -2524.7864987356438     
         434  -2531.1743377458201     
         435  -2505.5881356516679     
         436  -2563.7655990529015     
         437  -2513.4578757383383     
         438  -2511.6103100757950     
         439  -2547.3794443801189     
         440  -2524.6142179338881     
         441  -2541.8306104745811     
         442  -2536.0484062939549     
         443  -2512.0117927016659     
         444  -2473.4161266781384     
         445  -2542.3124104140966     
         446  -2514.7815339303506     
         447  -2534.4036243479300     
         448  -2509.0536663076073     
         449  -2488.9826080257862     
         450  -2513.3641564882569     
         451  -2584.8367648726171     
         452  -2538.7704715500540     
         453  -2502.5778936731049     
         454  -2463.3742928322840     
         455  -2535.8376942063760     
         456  -2506.6353501514704     
         457  -2519.2968927814950     
         458  -2561.3969067756730     
         459  -2593.8836094904382     
         460  -2580.0911468685090     
         461  -2587.5680811749712     
         462  -2589.8004074570990     
         463  -2555.6503289626849     
         464  -2530.8820630250771     
         465  -2524.9640411823539     
         466  -2541.3315073229405     
         467  -2546.3608021240434     
         468  -2500.2178992810063     
         469  -2529.3499968370547     
         470  -2501.8392644496312     
         471  -2500.8476737345454     
         472  -2534.2306092539629     
         473  -2547.4932223362439     
         474  -2535.3523686351728     
         475  -2489.6583719485648     
         476  -2498.3868862959634     
         477  -2536.3384187172956     
         478  -2587.1159208071849     
         479  -2574.9236751832136     
         480  -2506.4646065510724     
         481  -2497.7605612442858     
         482  -2499.6480751266745     
         483  -2502.4344205313860     
         484  -2543.9751566370583     
         485  -2520.7612685921727     
         486  -2568.1330159209524     
         487  -2529.3553951016688     
         488  -2581.4655729335550     
         489  -2611.6187017446923     
         490  -2566.0548278964584     
         491  -2553.4570796431158     
         492  -2576.4511824661968     
         493  -2614.2816125832028     
         494  -2560.1196344180644     
         495  -2519.7632451207119     
         496  -2508.4497152563481     
         497  -2522.4945688135272     
         498  -2510.4204123663339     
         499  -2546.5333686015847     
         500  -2523.6575829861185     
         501  -2558.8473147900168     
         502  -2562.6017298096108     
         503  -2553.6898925560336     
         504  -2507.1931232210586     
         505  -2540.7416919599086     
         506  -2531.3758968129755     
         507  -2489.5507812831283     
         508  -2556.2644784403587     
         509  -2603.5301714626239     
         510  -2529.9286264437874     
         511  -2578.8693207297106     
         512  -2534.0615479671565     
         513  -2559.0041913442001     
         514  -2549.3489254016267     
         515  -2532.6317823810327     
         516  -2600.2879413122109     
         517  -2555.6141294739114     
         518  -2556.4891850047329     
         519  -2635.0604348848715     
         520  -2594.7381681608340     
         521  -2635.4652226191743     
         522  -2629.9057545345631     
         523  -2546.7965836828143     
         524  -2514.2846619747711     
         525  -2532.8439466728400     
         526  -2533.3330048521348     
         527  -2525.3660138467822     
         528  -2546.3534818397643     
         529  -2552.0754245088360     
         530  -2582.9515697759107     
         531  -2575.5670835738651     
         532  -2524.1528371266504     
         533  -2530.7738962441053     
         534  -2541.5820156900741     
         535  -2526.3767223445202     
         536  -2509.9532881063510     
         537  -2529.6247501215043     
         538  -2535.8862609973580     
         539  -2557.2530147251359     
         540  -2564.6799743382994     
         541  -2576.5785750513201     
         542  -2543.3144333672653     
         543  -2603.3079533274718     
         544  -2588.0961384002599     
         545  -2587.6351786868322     
         546  -2594.0295998314868     
         547  -2603.5046481672621     
         548  -2573.2128385401247     
         549  -2515.7902776098808     
         550  -2498.4693348615078     
         551  -2535.0318487260820     
         552  -2504.7915843195738     
         553  -2556.7776080587851     
         554  -2579.3951970892258     
         555  -2554.2318836998647     
         556  -2520.8645776366930     
         557  -2521.7688323106072     
         558  -2526.9538623529002     
         559  -2533.5569624115583     
         560  -2545.4943424010594     
         561  -2580.6664732885097     
         562  -2616.0736617868597     
         563  -2576.7304847732121     
         564  -2587.0638359820518     
         565  -2583.4444384295384     
         566  -2584.4839014847262     
         567  -2591.6152685439288     
         568  -2575.9370499564147     
         569  -2589.8478938838293     
         570  -2606.3142819780910     
         571  -2667.4009305717368     
         572  -2618.6426620772781     
         573  -2572.6789038411280     
         574  -2538.3576884568611     
         575  -2521.0845624113485     
         576  -2527.4872580479482     
         577  -2559.4541721405744     
         578  -2533.3382827105897     
         579  -2513.9143167775019     
         580  -2505.3850471628039     
         581  -2572.7543323006666     
         582  -2596.6039243387481     
         583  -2593.2391893531394     
         584  -2595.6122773588640     
         585  -2542.2858684716498     
         586  -2535.9644446094576     
         587  -2514.0952439752045     
         588  -2497.1694341340767     
         589  -2489.7233947401578     
         590  -2493.2121742637755     
         591  -2548.2309774631035     
         592  -2576.0874122743185     
         593  -2575.0978972856819     
         594  -2599.9727754329388     
         595  -2615.3983503501781     
         596  -2539.7742699762753     
         597  -2520.2000071616794     
         598  -2517.7186908961289     
         599  -2501.8510933775256     
         600  -2548.7969408196091     
         601  -2545.3222832437878     
         602  -2548.2885992306319     
         603  -2562.8922973559065     
         604  -2569.8106012543485     
         605  -2560.8643206316283     
         606  -2520.2153708080873     
         607  -2525.2095111254043     
         608  -2492.7049884313610     
         609  -2457.9280644034802     
         610  -2455.6383044584868     
         611  -2478.2898340207962     
         612  -2519.1516720122863     
         613  -2517.5658196695490     
         614  -2517.6670355629658     
         615  -2476.5277740185297     
         616  -2483.0505461006296     
         617  -2513.3314813376442     
         618  -2565.0748941573320     
         619  -2591.3573377052007     
         620  -2552.0575336621914     
         621  -2556.5196334642001     
         622  -2541.5953827557996     
         623  -2631.9648505480664     
         624  -2568.6932727427347     
         625  -2531.3599972900852     
         626  -2524.3674060753506     
         627  -2569.1767752048786     
         628  -2547.8174394403577     
         629  -2557.9805893936423     
         630  -2579.6587863320042     
         631  -2560.2707908867419     
         632  -2636.8323296575918     
         633  -2643.8464182075750     
         634  -2624.6989911471865     
         635  -2572.0415013041707     
         636  -2506.4587707566961     
         637  -2499.3021603462544     
         638  -2510.3392698156758     
         639  -2491.4179260213064     
         640  -2498.0789544247555     
         641  -2530.5501417075820     
         642  -2576.8226316658042     
         643  -2595.0475924150078     
         644  -2603.5283890198189     
         645  -2588.3021585964634     
         646  -2578.0664496435816     
         647  -2521.9652158969375     
         648  -2608.7843842152674     
         649  -2592.1392310703482     
         650  -2576.7959484847315     
         651  -2526.6175179435763     
         652  -2565.9139266799698     
         653  -2552.3445419354848     
         654  -2561.7930237501059     
         655  -2571.7401924279052     
         656  -2550.0088235690455     
         657  -2551.9704342825830     
         658  -2544.1957017818099     
         659  -2525.7778620961644     
         660  -2542.3811175573860     
         661  -2548.1347700130582     
         662  -2521.5754035535620     
         663  -2529.9704641984149     
         664  -2584.6491324326180     
         665  -2603.4760622591366     
         666  -2552.6790939047414     
         667  -2578.5563355093486     
         668  -2583.5747227029024     
         669  -2561.6417438424492     
         670  -2526.3074818113369     
         671  -2533.9297394513064     
         672  -2554.7965021536320     
         673  -2555.2397804476454     
         674  -2561.5743316805151     
         675  -2544.5230618175005     
         676  -2539.7451817832221     
         677  -2573.0465687050582     
         678  -2576.4693637370183     
         679  -2582.9848020070340     
         680  -2562.8894062416489     
         681  -2579.0116069040573     
         682  -2564.2098917667922     
         683  -2555.5017494123595     
         684  -2548.7231944929849     
         685  -2538.7256734189464     
         686  -2508.9988014770206     
         687  -2541.2325420207867     
         688  -2562.9979372350690     
         689  -2530.0854686008088     
         690  -2522.7095144564428     
         691  -2560.5767007786949     
         692  -2539.7296740808856     
         693  -2473.0461165723941     
         694  -2501.3485836021819     
         695  -2516.4129480609890     
         696  -2494.5348066597435     
         697  -2533.0466462512077     
         698  -2483.7964873568108     
         699  -2477.6226763569757     
         700  -2445.7572507860968     
         701  -2506.4989330407357     
         702  -2514.9830218897660     
         703  -2507.9180448678312     
         704  -2491.4041609938772     
         705  -2534.4431494631740     
         706  -2518.7049990072846     
         707  -2506.5767733256184     
         708  -2514.1219771935330     
         709  -2503.9919062027352     
         710  -2543.1405877136303     
         711  -2552.7196264163308     
         712  -2535.7791290493478     
         713  -2522.8237527614506     
         714  -2533.4756398031268     
         715  -2536.9790670949324     
         716  -2519.7238181405960     
         717  -2522.3564208665052     
         718  -2532.7320074684517     
         719  -2552.6598681264713     
         720  -2601.8688378848810     
         721  -2568.2078927977864     
         722  -2537.8512234013615     
         723  -2517.7340948560040     
         724  -2587.3571763272935     
         725  -2567.4492995223095     
         726  -2540.9479025293062     
         727  -2489.7530408251323     
         728  -2509.1808070423499     
         729  -2511.0179493514661     
         730  -2529.0472163782674     
         731  -2495.8540568397207     
         732  -2564.7145932590834     
         733  -2574.2056205271538     
         734  -2549.5422970190007     
         735  -2537.0975375826092     
         736  -2508.4359085709693     
         737  -2537.7345892725134     
         738  -2515.5522730042694     
         739  -2535.2908158523355     
         740  -2498.5189098855590     
         741  -2471.5565700617462     
         742  -2480.3122157925281     
         743  -2487.6245092550230     
         744  -2508.6543525688580     
         745  -2515.0892251711016     
         746  -2537.8025438078130     
         747  -2533.0188495009911     
         748  -2518.8438213766244     
         749  -2602.6472637047941     
         750  -2585.6591674185220     
         751  -2597.8640337630300     
         752  -2592.7084492329427     
         753  -2614.8644482209393     
         754  -2597.7788140787293     
         755  -2583.1126363750809     
         756  -2571.8891591180723     
         757  -2566.2569329167636     
         758  -2552.6256246413409     
         759  -2551.6063874884730     
         760  -2538.6233676295246     
         761  -2564.7654807230010     
         762  -2517.7000877692813     
         763  -2541.1823686602083     
         764  -2509.8965073640152     
         765  -2548.3334681831220     
         766  -2487.2833976309662     
         767  -2551.5438224301674     
         768  -2517.7992652098628     
         769  -2513.0169366872524     
         770  -2531.5085983920935     
         771  -2550.4881101830824     
         772  -2555.1863719721628     
         773  -2582.2184264073403     
         774  -2472.9115532449323     
         775  -2496.7716909849441     
         776  -2499.0520155974064     
         777  -2484.5354456558521     
         778  -2457.7997542620969     
         779  -2487.9261922656042     
         780  -2548.8414038716878     
         781  -2471.1237858371865     
         782  -2524.2861875824574     
         783  -2506.5263803609896     
         784  -2511.5232139947384     
         785  -2476.5127545083551     
         786  -2458.8807065270325     
         787  -2431.5364705738571     
         788  -2504.0826965759011     
         789  -2503.1856208889176     
         790  -2453.1008542277477     
         791  -2521.3922414374119     
         792  -2479.8023701792954     
         793  -2538.8854462132335     
         794  -2515.7792585641387     
         795  -2507.7280806238987     
         796  -2468.9182474216209     
         797  -2506.6605144254013     
         798  -2511.4549551740979     
         799  -2502.9238029646158     
         800  -2496.8148628456447     
         801  -2505.4619034658335     
         802  -2522.8703300163170     
         803  -2547.6382026449392     
         804  -2581.7059832259674     
         805  -2565.4184795370388     
         806  -2525.1535816509027     
         807  -2553.0832441905936     
         808  -2561.1012508469075     
         809  -2589.2725076665752     
         810  -2594.3208486193566     
         811  -2520.7125370810531     
         812  -2570.5150946405065     
         813  -2592.1901061125109     
         814  -2612.1476805002658     
         815  -2630.7057954157594     
         816  -2588.0466863964839     
         817  -2551.6029603053307     
         818  -2575.8787604506783     
         819  -2541.4705210236407     
         820  -2551.1783067718520     
         821  -2516.9228117537905     
         822  -2532.3450726546339     
         823  -2541.2994709569607     
         824  -2537.8938556809403     
         825  -2543.4737474112985     
         826  -2536.8160726811243     
         827  -2528.1424109217637     
         828  -2554.5428939307021     
         829  -2546.0756318934887     
         830  -2574.8403469639484     
         831  -2598.1598277966104     
         832  -2555.5006979309064     
         833  -2567.2105435256258     
         834  -2552.8697580730504     
         835  -2552.7188218727588     
         836  -2545.8223732541214     
         837  -2567.3588254646670     
         838  -2516.5250339900572     
         839  -2536.5775566454090     
         840  -2505.6707359123775     
         841  -2518.7645243312454     
         842  -2507.8888894019105     
         843  -2579.8433396281130     
         844  -2544.9904070389516     
         845  -2570.1606364924191     
         846  -2574.5504066441781     
         847  -2597.4325370152355     
         848  -2591.9984625619504     
         849  -2518.0927349893059     
         850  -2555.7336598323241     
         851  -2560.9737428506246     
         852  -2522.5358511460272     
         853  -2500.6810789259835     
         854  -2524.8448912156414     
         855  -2539.6386507324810     
         856  -2508.5437436339030     
         857  -2521.6840571438079     
         858  -2541.6002644964460     
         859  -2606.5728296667603     
         860  -2594.4333326359724     
         861  -2537.2066227396986     
         862  -2545.7803506533096     
         863  -2512.9086811280413     
         864  -2503.7772185842018     
         865  -2524.6004522134417     
         866  -2518.3571412243004     
         867  -2471.8662083506229     
         868  -2505.0488761276824     
         869  -2538.9147072353439     
         870  -2555.8418942594435     
         871  -2500.4248563687984     
         872  -2524.2569777884105     
         873  -2459.2218271029769     
         874  -2489.3624351366689     
         875  -2526.1069522575399     
         876  -2525.0568487068667     
         877  -2533.6650458151485     
         878  -2483.8097505854848     
         879  -2556.4502338255306     
         880  -2522.4826618214311     
         881  -2557.6321142903330     
         882  -2545.4938768443567     
         883  -2479.2603318239917     
         884  -2480.0676461452549     
         885  -2468.3036063825989     
         886  -2540.6905426267181     
         887  -2573.8004534818001     
         888  -2540.0610726214431     
         889  -2546.5533503749548     
         890  -2498.9262616875740     
         891  -2479.2837355495753     
         892  -2480.7932081785316     
         893  -2525.9599558102418     
         894  -2559.6091113787957     
         895  -2565.9561470847375     
         896  -2580.0379851851944     
         897  -2578.3058536458907     
         898  -2604.0660208900485     
         899  -2604.3921158014032     
         900  -2540.9009050921854     
         901  -2569.0408048869372     
         902  -2583.7659574232839     
         903  -2590.5152423659488     
         904  -2642.4203953787487     
         905  -2601.5660736928198     
         906  -2591.0710877810370     
         907  -2561.0445194850276     
         908  -2612.4259245733365     
         909  -2562.7082468334670     
         910  -2565.7486939499149     
         911  -2525.5686692887034     
         912  -2519.7896762969472     
         913  -2529.5777061190493     
         914  -2549.5224949559492     
         915  -2522.6425439901109     
         916  -2632.3752817740437     
         917  -2569.4517075647291     
         918  -2586.5943818211013     
         919  -2526.3676167289700     
         920  -2618.3788124582634     
         921  -2577.1804396337766     
         922  -2598.9659380797193     
         923  -2598.3096391065560     
         924  -2607.7143075245826     
         925  -2562.4655659938549     
         926  -2559.6799041832992     
         927  -2583.7149261711947     
         928  -2623.1215483592364     
         929  -2579.8789218050856     
         930  -2557.3622278210723     
         931  -2579.8602281236840     
         932  -2564.4457393985426     
         933  -2513.1372591175664     
         934  -2483.3941229468278     
         935  -2521.6511027499896     
         936  -2551.7193982753402     
         937  -2543.3886821755736     
         938  -2596.8842749560627     
         939  -2541.4877076370726     
         940  -2495.8678110191790     
         941  -2564.5389395324701     
         942  -2543.0720494744219     
         943  -2573.2772405646474     
         944  -2548.0716334674253     
         945  -2526.0520253573204     
         946  -2537.8279734635335     
         947  -2551.4224692795433     
         948  -2512.7942205863533     
         949  -2568.4467248803353     
         950  -2511.0720333383979     
         951  -2610.9484865758850     
         952  -2599.5392134980402     
         953  -2532.1035212431420     
         954  -2555.4810526295969     
         955  -2529.8926526834484     
         956  -2580.7796215985586     
         957  -2555.9286278934655     
         958  -2509.5906739693619     
         959  -2527.2912117000797     
         960  -2563.9235109376668     
         961  -2487.9077269328004     
         962  -2490.3687776354013     
         963  -2529.2766292158813     
         964  -2573.3034767030581     
         965  -2492.6308551603806     
         966  -2533.5492181095424     
         967  -2587.9637508065039     
         968  -2576.7619639314412     
         969  -2593.8903208647807     
         970  -2522.5537824433086     
         971  -2525.3963351435646     
         972  -2457.9521741363042     
         973  -2546.9820596762447     
         974  -2587.0542741436934     
         975  -2557.3397963275979     
         976  -2586.2440008334383     
         977  -2579.8347456449587     
         978  -2585.9234387004517     
         979  -2575.5055187067596     
         980  -2542.5412087546001     
         981  -2543.8722790876627     
         982  -2536.9846185755314     
         983  -2567.5010682906518     
         984  -2538.3007308538790     
         985  -2532.6314854074139     
         986  -2553.0229286730328     
         987  -2526.2932795341580     
         988  -2481.0098942705345     
         989  -2537.1973311814677     
         990  -2542.7814884405716     
         991  -2525.3548743380820     
         992  -2531.7132398860285     
         993  -2543.9631457288315     
         994  -2511.8555467699034     
         995  -2502.5873451437228     
         996  -2524.9090990822469     
         997  -2500.2998211870890     
         998  -2464.1824113176558     
         999  -2470.7251699558333     
        1000  -2531.9632915503039     
        1001  -2485.6016670345789     
        1002  -2460.2271692306831     
        1003  -2498.4765368907201     
        1004  -2465.9827641454945     
        1005  -2458.0283288274545     
        1006  -2439.1846823625419     
        1007  -2446.1204357858851     
        1008  -2454.5414831877188     
        1009  -2499.0945090709206     
        1010  -2482.5780130339112     
        1011  -2449.6235924705047     
        1012  -2507.7387557499678     
        1013  -2493.0832391947283     
        1014  -2541.9677250697682     
        1015  -2536.6600994013093     
        1016  -2512.0709463461817     
        1017  -2545.3159466164548     
        1018  -2550.2388443634454     
        1019  -2526.5463265865596     
        1020  -2514.6377072175610     
        1021  -2516.0640405237746     
        1022  -2501.1100593730316     
        1023  -2572.0879577960441     
        1024  -2585.7108128895848     
        1025  -2591.1164085895884     
        1026  -2562.1712003045350     
        1027  -2556.3623302194660     
        1028  -2561.0899460349410     
        1029  -2554.0568306298183     
        1030  -2538.6548977619000     
        1031  -2526.2608491144169     
        1032  -2557.4623607244857     
        1033  -2631.1635638569164     
        1034  -2590.8786374942688     
        1035  -2588.2517444735286     
        1036  -2585.2948646483283     
        1037  -2567.6914691991688     
        1038  -2512.1866604836823     
        1039  -2562.3111817652348     
        1040  -2544.0248198026889     
        1041  -2559.3560699166410     
        1042  -2513.0810662778658     
        1043  -2475.2568282462180     
        1044  -2540.7701433566644     
        1045  -2551.0010981343162     
        1046  -2538.1870678127325     
        1047  -2537.8986427530776     
        1048  -2498.6317671684023     
        1049  -2541.6140117675577     
        1050  -2511.6722756774675     
        1051  -2519.6442064962339     
        1052  -2480.7071675490993     
        1053  -2489.5908438264464     
        1054  -2544.0304372921255     
        1055  -2541.6598058577997     
        1056  -2581.5293500708649     
        1057  -2550.5805072114722     
        1058  -2590.4664650780846     
        1059  -2521.9510137154184     
        1060  -2480.6020038190140     
        1061  -2507.7861494889635     
        1062  -2511.2180660921999     
        1063  -2553.9072742715675     
        1064  -2590.2460947061691     
        1065  -2556.3416566210703     
        1066  -2527.2315520488501     
        1067  -2499.9431020190768     
        1068  -2531.1412285385513     
        1069  -2572.2465464413117     
        1070  -2581.7181285681058     
        1071  -2592.3150501876703     
        1072  -2565.0449027986147     
        1073  -2564.0843498015456     
        1074  -2510.5025567072389     
        1075  -2558.0661400797094     
        1076  -2514.7693061165078     
        1077  -2538.6328565058748     
        1078  -2536.6057106632534     
        1079  -2545.0769426321540     
        1080  -2517.1884375113432     
        1081  -2555.0049884781965     
        1082  -2531.6193416907554     
        1083  -2509.3918837237493     
        1084  -2533.8937509680322     
        1085  -2534.4398537237857     
        1086  -2542.9026395859978     
        1087  -2556.1216374974720     
        1088  -2555.6482436280598     
        1089  -2586.9797038972479     
        1090  -2591.6237826679767     
        1091  -2541.6437863254637     
        1092  -2587.7874833213618     
        1093  -2590.7650710693620     
        1094  -2552.9446550778257     
        1095  -2557.4770316402473     
        1096  -2531.2341329506544     
        1097  -2574.5258886955758     
        1098  -2551.6370302663886     
        1099  -2493.0215288623299     
        1100  -2520.6626445630009     
        1101  -2533.5197803466435     
        1102  -2565.4076368607225     
        1103  -2556.7630183726092     
        1104  -2554.0254187901432     
        1105  -2562.5786256446072     
        1106  -2508.2264515788133     
        1107  -2528.0157687741225     
        1108  -2540.3110641353678     
        1109  -2540.8450385201036     
        1110  -2541.0103772798625     
        1111  -2558.4207613756530     
        1112  -2497.1496291574372     
        1113  -2516.5046621292413     
        1114  -2546.8368350588971     
        1115  -2588.7001714433982     
        1116  -2568.0721101254026     
        1117  -2590.6292892522888     
        1118  -2555.0765732839645     
        1119  -2568.0066985981643     
        1120  -2565.1395907484425     
        1121  -2576.1115510403756     
        1122  -2546.0830255341407     
        1123  -2529.6728981411297     
        1124  -2516.8314599284690     
        1125  -2502.4810035631976     
        1126  -2528.4271411906484     
        1127  -2517.1386315014943     
        1128  -2536.3333946023517     
        1129  -2520.2815065499458     
        1130  -2464.9251265520684     
        1131  -2442.1738923437993     
        1132  -2466.1036255794579     
        1133  -2504.8660427128048     
        1134  -2541.0252534675037     
        1135  -2549.8440684195039     
        1136  -2509.6255357604532     
        1137  -2568.1641517488038     
        1138  -2586.7487499531721     
        1139  -2558.7088679628578     
        1140  -2591.0642952471030     
        1141  -2565.4191708166845     
        1142  -2570.3791036795142     
        1143  -2518.7919345286746     
        1144  -2512.1075613890707     
        1145  -2545.5184417435125     
        1146  -2526.6454482759486     
        1147  -2516.6905002590634     
        1148  -2475.8326164955974     
        1149  -2470.0574334317744     
        1150  -2536.0971425185817     
        1151  -2557.8078143940497     
        1152  -2540.0655302266773     
        1153  -2588.8554230862464     
        1154  -2550.1340579791918     
        1155  -2564.0505839635071     
        1156  -2602.8570406840322     
        1157  -2521.4571356769420     
        1158  -2532.0286586273910     
        1159  -2551.8008615326430     
        1160  -2592.2031625393383     
        1161  -2559.2522876353701     
        1162  -2551.4201912039134     
        1163  -2536.8132318331031     
        1164  -2498.7748641586181     
        1165  -2531.0974407918261     
        1166  -2541.1828541843074     
        1167  -2555.9700032030341     
        1168  -2572.7152624708592     
        1169  -2598.0451398489481     
        1170  -2595.4929218889147     
        1171  -2619.9150637716416     
        1172  -2588.3974670379380     
        1173  -2627.2499400942393     
        1174  -2559.5219395841050     
        1175  -2508.5159963412057     
        1176  -2509.0189853794586     
        1177  -2541.1117321793186     
        1178  -2518.9705048110091     
        1179  -2532.2555308803053     
        1180  -2535.4829199705014     
        1181  -2530.2573206810957     
        1182  -2567.4690785801840     
        1183  -2534.1943944027744     
        1184  -2526.4120052623780     
        1185  -2517.3008023473722     
        1186  -2549.2606530283183     
        1187  -2597.9574071963475     
        1188  -2580.8055491789064     
        1189  -2543.0655470938582     
        1190  -2567.2735343056406     
        1191  -2565.3449351729337     
        1192  -2560.6247208714349     
        1193  -2548.8069938650551     
        1194  -2539.6148673330349     
        1195  -2566.5955663975324     
        1196  -2542.8696668341622     
        1197  -2513.9566365649716     
        1198  -2552.2718002748134     
        1199  -2552.5690363434642     
        1200  -2592.3637764746782     
        1201  -2517.3137201531267     
        1202  -2524.8460763425724     
        1203  -2543.5023486393338     
        1204  -2539.6768715746448     
        1205  -2572.2088751941556     
        1206  -2559.8803563644674     
        1207  -2539.8075371167861     
        1208  -2546.9740030804332     
        1209  -2578.6874357449924     
        1210  -2587.0459826270953     
        1211  -2560.6409307003287     
        1212  -2550.9622432407045     
        1213  -2576.3049767402294     
        1214  -2525.9367691629504     
        1215  -2602.4991057093630     
        1216  -2620.7791196481721     
        1217  -2605.9951045815560     
        1218  -2555.7717365712483     
        1219  -2546.2030259926514     
        1220  -2600.2596229638398     
        1221  -2589.9292296639705     
        1222  -2562.4596044332948     
        1223  -2557.9976369610335     
        1224  -2505.0835023974382     
        1225  -2545.2411609703968     
        1226  -2518.1268365596302     
        1227  -2536.7696474735558     
        1228  -2543.3449019577070     
        1229  -2565.1664715211914     
        1230  -2518.3648866330627     
        1231  -2498.7057768286149     
        1232  -2505.0518075161253     
        1233  -2495.4960391926843     
        1234  -2549.6691705458957     
        1235  -2549.3498089495524     
        1236  -2451.2778925797202     
        1237  -2518.1855162660800     
        1238  -2452.5604296262950     
        1239  -2487.0693600758632     
        1240  -2445.5872681107803     
        1241  -2509.5448658656123     
        1242  -2464.4680288671084     
        1243  -2497.5106686480049     
        1244  -2540.8020186340163     
        1245  -2494.8399424860077     
        1246  -2485.6936727330044     
        1247  -2516.8279584017582     
        1248  -2492.1058485369822     
        1249  -2511.6667185016345     
        1250  -2456.8436635654261     
        1251  -2522.3496447500838     
        1252  -2463.2972401425372     
        1253  -2456.4136422310457     
        1254  -2490.5887620234953     
        1255  -2469.3174648858080     
        1256  -2461.0873742513013     
        1257  -2512.6694314218921     
        1258  -2488.1316519245784     
        1259  -2529.7688903298113     
        1260  -2523.9308851164592     
        1261  -2521.2801441573060     
        1262  -2471.3620885208370     
        1263  -2501.0575849614734     
        1264  -2438.3779114280564     
        1265  -2466.2820909516367     
        1266  -2454.1320510959863     
        1267  -2448.2242743732995     
        1268  -2516.0146391868029     
        1269  -2481.1325870900996     
        1270  -2517.3467516158535     
        1271  -2507.0827348850457     
        1272  -2476.5286543819889     
        1273  -2508.6166449118946     
        1274  -2536.9913645607812     
        1275  -2503.2891143666143     
        1276  -2471.8783367604742     
        1277  -2475.9105404571674     
        1278  -2463.6865748549658     
        1279  -2516.8775050751074     
        1280  -2528.2656956752166     
        1281  -2560.9995851656472     
        1282  -2581.0699883083639     
        1283  -2544.5781454166458     
        1284  -2545.1693120094401     
        1285  -2506.8820172987257     
        1286  -2550.0005447465260     
        1287  -2512.1725712075518     
        1288  -2527.6298839039059     
        1289  -2512.7357683509335     
        1290  -2473.9890694042838     
        1291  -2496.1647138055914     
        1292  -2481.7802581283354     
        1293  -2496.8359736855473     
        1294  -2509.2805681910936     
        1295  -2529.4426479591284     
        1296  -2466.5647847866885     
        1297  -2508.0849337622121     
        1298  -2498.4841778267073     
        1299  -2498.4224313601344     
        1300  -2519.0621494875459     
        1301  -2542.4455828973046     
        1302  -2552.2247770355420     
        1303  -2518.6265204938600     
        1304  -2540.1403069054827     
        1305  -2520.0861905140446     
        1306  -2595.1496883110717     
        1307  -2575.2043865089418     
        1308  -2527.1422183475993     
        1309  -2576.2380225059514     
        1310  -2582.6470386219225     
        1311  -2551.4159822190086     
        1312  -2528.1292887475515     
        1313  -2516.2498927556876     
        1314  -2529.1373730717651     
        1315  -2525.7518142657809     
        1316  -2537.7731432192763     
        1317  -2519.9735441946091     
        1318  -2524.4595878093687     
        1319  -2564.4651883101919     
        1320  -2476.0439650956005     
        1321  -2513.5448298814649     
        1322  -2482.8446040928156     
        1323  -2523.8520454118302     
        1324  -2532.2134202764382     
        1325  -2541.9591632705456     
        1326  -2532.1371897202844     
        1327  -2521.0171967369606     
        1328  -2528.1724213473367     
        1329  -2559.3937239273009     
        1330  -2561.5670560005001     
        1331  -2517.7927144344321     
        1332  -2512.2313326038275     
        1333  -2554.9140031215243     
        1334  -2482.8094988210269     
        1335  -2525.2232803856032     
        1336  -2534.6015597134224     
        1337  -2558.4008369734493     
        1338  -2564.3879800618406     
        1339  -2536.2337150714898     
        1340  -2564.5200829912178     
        1341  -2507.8692176952877     
        1342  -2475.2245001168440     
        1343  -2515.7967812968664     
        1344  -2521.7740035005686     
        1345  -2528.5492531840241     
        1346  -2514.3412763717392     
        1347  -2582.6055154736978     
        1348  -2555.5654807730998     
        1349  -2588.5352112341379     
        1350  -2555.9261762634674     
        1351  -2515.6903736763311     
        1352  -2554.6304426313927     
        1353  -2550.0974306524804     
        1354  -2609.2427686613937     
        1355  -2594.1290608114891     
        1356  -2606.7712217665435     
        1357  -2593.9111789567610     
        1358  -2573.8404538563600     
        1359  -2551.7547206774889     
        1360  -2520.8655455737753     
        1361  -2529.4736754879887     
        1362  -2557.2861511878305     
        1363  -2549.3259327356341     
        1364  -2589.2232034468402     
        1365  -2586.6339908740679     
        1366  -2568.6757782582335     
        1367  -2557.2511957357715     
        1368  -2579.9538291077365     
        1369  -2560.9078725438044     
        1370  -2554.7460443515647     
        1371  -2585.9765059872766     
        1372  -2582.5376550059241     
        1373  -2590.7291484175485     
        1374  -2558.8635435803990     
        1375  -2590.1450023139014     
        1376  -2632.1963909820574     
        1377  -2555.6284102628952     
        1378  -2553.1052745315019     
        1379  -2571.3671104496798     
        1380  -2539.9202245701063     
        1381  -2571.4217571392260     
        1382  -2625.7448967147670     
        1383  -2554.2395205001712     
        1384  -2516.9588768109857     
        1385  -2556.9649900701306     
        1386  -2509.8736357021489     
        1387  -2531.8310955734837     
        1388  -2493.1505385307264     
        1389  -2504.3015246355749     
        1390  -2487.5092405897890     
        1391  -2522.7537903985872     
        1392  -2537.8716256120147     
        1393  -2536.8700729729553     
        1394  -2480.0977962082011     
        1395  -2518.3652824160440     
        1396  -2528.8461377106960     
        1397  -2556.0724857660944     
        1398  -2611.0731318574703     
        1399  -2583.3574948964374     
        1400  -2647.2756023447764     
        1401  -2684.7210230286255     
        1402  -2641.5122326857131     
        1403  -2613.8648641812542     
        1404  -2666.3044851220225     
        1405  -2688.4117765171422     
        1406  -2677.3323523423578     
        1407  -2586.0791637306379     
        1408  -2659.3328904753503     
        1409  -2700.0359070868349     
        1410  -2698.0679522970622     
        1411  -2671.0131785397739     
        1412  -2604.7394963144120     
        1413  -2620.6699953411371     
        1414  -2634.0643296182243     
        1415  -2624.9924067352695     
        1416  -2582.5789071511740     
        1417  -2608.9500695240845     
        1418  -2586.5625461360532     
        1419  -2608.1588680663785     
        1420  -2600.5745959313804     
        1421  -2616.4821126900679     
        1422  -2620.7672609794831     
        1423  -2586.9942054570342     
        1424  -2590.8689932304228     
        1425  -2611.8368628960220     
        1426  -2612.2087637886134     
        1427  -2679.2379486417599     
        1428  -2643.4540801657954     
        1429  -2583.5955599238223     
        1430  -2590.3372050510752     
        1431  -2656.4788968532935     
        1432  -2679.3377841639854     
        1433  -2593.9334171732021     
        1434  -2604.4860757533347     
        1435  -2599.5894625061169     
        1436  -2556.4450784743672     
        1437  -2605.1172999239957     
        1438  -2590.4242754975394     
        1439  -2519.7830940776671     
        1440  -2519.4826350732169     
        1441  -2540.7497798433665     
        1442  -2491.3095207492470     
        1443  -2518.3818496219014     
        1444  -2518.0759737959320     
        1445  -2574.3565014212850     
        1446  -2579.4585235670761     
        1447  -2576.8936787688017     
        1448  -2561.1109142563942     
        1449  -2608.5556528353600     
        1450  -2567.2550438391950     
        1451  -2591.6950782821709     
        1452  -2636.1983891601471     
        1453  -2650.9216651249717     
        1454  -2591.0732763585343     
        1455  -2590.8067036382190     
        1456  -2593.3594513204430     
        1457  -2570.2233231615160     
        1458  -2545.1922114370623     
        1459  -2515.5797517458718     
        1460  -2530.4814575535806     
        1461  -2540.0338438309418     
        1462  -2506.8947797478108     
        1463  -2573.8878322393603     
        1464  -2535.5163222466595     
        1465  -2536.6512350276648     
        1466  -2539.1225978988728     
        1467  -2554.6197761105109     
        1468  -2579.8717413318877     
        1469  -2538.9840733911756     
        1470  -2538.4577336882057     
        1471  -2538.3892901101663     
        1472  -2539.7407382256406     
        1473  -2505.9029609420541     
        1474  -2545.1514936794742     
        1475  -2560.8153865925060     
        1476  -2562.4926029021603     
        1477  -2574.5262818494507     
        1478  -2600.9750720656307     
        1479  -2566.5859965284139     
        1480  -2534.5076637389134     
        1481  -2515.3160289573138     
        1482  -2473.0082152148207     
        1483  -2557.6225742831334     
        1484  -2578.5424423128816     
        1485  -2554.8256402606899     
        1486  -2566.6741806991090     
        1487  -2556.3811657315932     
        1488  -2584.3537518181920     
        1489  -2540.6517681265223     
        1490  -2564.5063043930813     
        1491  -2597.8997650907386     
        1492  -2541.0026022458660     
        1493  -2521.8919281570502     
        1494  -2584.4292653074895     
        1495  -2539.8957996695672     
        1496  -2518.2259484636802     
        1497  -2532.4633008610208     
        1498  -2524.5185598001849     
        1499  -2552.3933359519388     
        1500  -2530.0731252177789     
        1501  -2553.2297560032507     
        1502  -2487.9763762460138     
        1503  -2549.0250050464379     
        1504  -2536.0194099362566     
        1505  -2560.9432064697348     
        1506  -2542.2330907809251     
        1507  -2589.5772591758177     
        1508  -2558.7634652961215     
        1509  -2540.4834759711057     
        1510  -2513.2314481709800     
        1511  -2499.4827318182370     
        1512  -2540.5501135481040     
        1513  -2501.7213961313714     
        1514  -2455.0287441794931     
        1515  -2435.2900105935350     
        1516  -2498.2530918226539     
        1517  -2516.0355032070433     
        1518  -2547.0845257069777     
        1519  -2558.0889774923048     
        1520  -2488.9388146932101     
        1521  -2499.6834746236168     
        1522  -2473.4509137525301     
        1523  -2508.6511276521915     
        1524  -2521.1550966281084     
        1525  -2486.9538908861559     
        1526  -2493.5858161929505     
        1527  -2481.0782221998479     
        1528  -2524.3905778084468     
        1529  -2503.7014053690532     
        1530  -2486.9582941651943     
        1531  -2510.7797987361309     
        1532  -2519.3188445791120     
        1533  -2531.5566789334389     
        1534  -2507.7030566300296     
        1535  -2465.4528219498075     
        1536  -2540.1163798642497     
        1537  -2521.0778429173761     
        1538  -2500.2935678861663     
        1539  -2470.5612724008211     
        1540  -2457.4269565927220     
        1541  -2480.6209412148937     
        1542  -2453.9861521486837     
        1543  -2453.9583606864558     
        1544  -2493.4237733061491     
        1545  -2522.9864287522100     
        1546  -2522.3926974499568     
        1547  -2511.1282981804898     
        1548  -2533.1720133694807     
        1549  -2477.1380445081204     
        1550  -2507.0972592033945     
        1551  -2546.4588437610819     
        1552  -2536.9119842479486     
        1553  -2542.6063820885020     
        1554  -2531.9562765976561     
        1555  -2514.9161663948257     
        1556  -2486.2187898182774     
        1557  -2517.8107082837546     
        1558  -2553.4350225091221     
        1559  -2568.8757449799632     
        1560  -2573.1787336241109     
        1561  -2566.6381034740220     
        1562  -2518.0229060598977     
        1563  -2538.6943288197144     
        1564  -2483.1675999521281     
        1565  -2507.6954906174815     
        1566  -2456.9543193886170     
        1567  -2462.0018526433623     
        1568  -2442.7027065795487     
        1569  -2508.9906051501052     
        1570  -2519.2812360083749     
        1571  -2520.9289257493169     
        1572  -2570.0364591462667     
        1573  -2527.8368365792617     
        1574  -2523.3989389926674     
        1575  -2489.2150172416132     
        1576  -2495.2519252974325     
        1577  -2510.5815354594179     
        1578  -2476.4329155161836     
        1579  -2464.1106076742581     
        1580  -2529.8331044047895     
        1581  -2524.2447770857761     
        1582  -2486.4498793979205     
        1583  -2471.8460539865159     
        1584  -2494.6459086219170     
        1585  -2500.9394043484976     
        1586  -2545.7228799189129     
        1587  -2539.2748709750754     
        1588  -2498.7773506272129     
        1589  -2515.0885946248318     
        1590  -2581.3716309441475     
        1591  -2583.1463151945468     
        1592  -2559.7073814008213     
        1593  -2534.4557778935437     
        1594  -2532.5136067053222     
        1595  -2489.0017699462464     
        1596  -2522.5405286136856     
        1597  -2506.0576290428357     
        1598  -2525.1881018594199     
        1599  -2577.1229333028123     
        1600  -2550.6830897780123     
        1601  -2567.4212865968157     
        1602  -2543.5241988453204     
        1603  -2583.9990374023591     
        1604  -2549.1219303679400     
        1605  -2583.5698012507942     
        1606  -2598.6772270845518     
        1607  -2565.1826549192801     
        1608  -2553.7651633053392     
        1609  -2614.2577101273696     
        1610  -2630.5665033977548     
        1611  -2587.2787373415672     
        1612  -2521.6528636987291     
        1613  -2565.5331568676293     
        1614  -2578.2870803201890     
        1615  -2553.4641486922078     
        1616  -2576.7570423324401     
        1617  -2562.5766332027179     
        1618  -2556.1688959515627     
        1619  -2582.2501643366204     
        1620  -2547.1290074711110     
        1621  -2530.2575556421348     
        1622  -2519.6548219198330     
        1623  -2587.8756600640340     
        1624  -2548.4405991754320     
        1625  -2602.1307204844675     
        1626  -2557.7911121887546     
        1627  -2588.5037738390574     
        1628  -2595.9643719311907     
        1629  -2610.1022872834528     
        1630  -2599.5991301721288     
        1631  -2609.7444896001107     
        1632  -2585.4812478535591     
        1633  -2617.2119747627416     
        1634  -2622.4979703480149     
        1635  -2576.4706663337902     
        1636  -2597.0593366726307     
        1637  -2633.3992346364071     
        1638  -2583.9505429588412     
        1639  -2592.1482365792749     
        1640  -2587.1957775475821     
        1641  -2636.1365011844709     
        1642  -2648.5299258548384     
        1643  -2596.1711612758218     
        1644  -2588.7842595942006     
        1645  -2572.0657321213289     
        1646  -2590.9947933398607     
        1647  -2564.9991480659191     
        1648  -2664.7859076776485     
        1649  -2648.6591659783671     
        1650  -2651.6267002196432     
        1651  -2634.1265658049774     
        1652  -2619.1762559163149     
        1653  -2640.4469665359761     
        1654  -2660.5834465760217     
        1655  -2589.5748682875706     
        1656  -2541.5847999881053     
        1657  -2600.5458420442405     
        1658  -2545.9347454199710     
        1659  -2507.2002077024117     
        1660  -2560.4304897988923     
        1661  -2556.5245328475053     
        1662  -2574.6843954831293     
        1663  -2588.1611481886143     
        1664  -2553.0094295478661     
        1665  -2516.8696601260967     
        1666  -2508.5947075031459     
        1667  -2572.5279043958631     
        1668  -2594.2225581045113     
        1669  -2562.8757719943446     
        1670  -2555.3206108456793     
        1671  -2560.9443340388084     
        1672  -2567.3930995733181     
        1673  -2599.4203559047683     
        1674  -2605.2266914756965     
        1675  -2605.3211727566249     
        1676  -2564.2245032733758     
        1677  -2557.6108110327641     
        1678  -2579.7609777585944     
        1679  -2536.5035595205768     
        1680  -2610.8557364529229     
        1681  -2559.2356509559072     
        1682  -2589.8701703841793     
        1683  -2605.9320735031788     
        1684  -2609.4073744123684     
        1685  -2646.0749459990616     
        1686  -2620.5271288430454     
        1687  -2566.2192051326997     
        1688  -2561.9077182607080     
        1689  -2584.6290128029564     
        1690  -2630.2213190380071     
        1691  -2619.4423853357475     
        1692  -2595.5475705201188     
        1693  -2611.1854568435738     
        1694  -2606.0360548347785     
        1695  -2659.8111819767341     
        1696  -2608.0534203574084     
        1697  -2620.4302833945299     
        1698  -2639.6301693773776     
        1699  -2647.1005217286388     
        1700  -2625.2839043902914     
        1701  -2619.8949944957649     
        1702  -2535.7074003845551     
        1703  -2548.7419744317663     
        1704  -2584.0213818414836     
        1705  -2553.2543304318401     
        1706  -2592.1355677492911     
        1707  -2569.4005046669699     
        1708  -2549.1681779512564     
        1709  -2593.1346054101459     
        1710  -2614.5678482919993     
        1711  -2610.2735899739587     
        1712  -2604.6692260401428     
        1713  -2596.9510586653400     
        1714  -2577.8181451623209     
        1715  -2596.8393132727701     
        1716  -2530.7481264972457     
        1717  -2491.9417004985662     
        1718  -2533.1825387786103     
        1719  -2544.8837138425320     
        1720  -2538.9405319180901     
        1721  -2543.2470539789556     
        1722  -2542.9319183701741     
        1723  -2548.9258694557957     
        1724  -2553.9484490094233     
        1725  -2556.7149634432994     
        1726  -2525.7191391757228     
        1727  -2523.1303171332784     
        1728  -2515.1688162456330     
        1729  -2496.0271421727625     
        1730  -2582.6957506402514     
        1731  -2604.5036558108150     
        1732  -2571.5996291815600     
        1733  -2515.2367213902921     
        1734  -2553.5775761645641     
        1735  -2601.4596801236903     
        1736  -2554.7758886476186     
        1737  -2577.9828843143450     
        1738  -2575.4995169133399     
        1739  -2545.1391179775328     
        1740  -2573.3928842285200     
        1741  -2597.7294311552319     
        1742  -2594.9424216827479     
        1743  -2605.1780778351931     
        1744  -2624.3557240836744     
        1745  -2617.0336314081569     
        1746  -2577.5215724398299     
        1747  -2540.9605375366241     
        1748  -2547.1456204559254     
        1749  -2569.9508073431589     
        1750  -2590.1664073598099     
        1751  -2607.1464496705344     
        1752  -2519.7667965843630     
        1753  -2515.8905027049082     
        1754  -2514.5526533751131     
        1755  -2549.7259079953374     
        1756  -2582.7762796173834     
        1757  -2604.4139937904483     
        1758  -2625.7167829718146     
        1759  -2602.3633207937251     
        1760  -2552.8495127378756     
        1761  -2560.5090672404822     
        1762  -2600.4698144025870     
        1763  -2593.4279553373567     
        1764  -2633.8975898780091     
        1765  -2555.2451291614011     
        1766  -2521.6508694047925     
        1767  -2607.8020115138329     
        1768  -2574.0408906764310     
        1769  -2600.6823711361685     
        1770  -2573.7272314179854     
        1771  -2612.6467329869538     
        1772  -2642.0990972310474     
        1773  -2632.2052919035268     
        1774  -2615.0354395758554     
        1775  -2566.6411880730607     
        1776  -2508.8880460241103     
        1777  -2533.8475432947812     
        1778  -2554.6702466077281     
        1779  -2565.5218136753497     
        1780  -2539.0543340193522     
        1781  -2495.5375223100382     
        1782  -2493.1397727063290     
        1783  -2499.7647959761607     
        1784  -2521.5479557134513     
        1785  -2536.0343737303701     
        1786  -2522.0944824237117     
        1787  -2531.4194765403445     
        1788  -2535.4979345755355     
        1789  -2519.6786541412048     
        1790  -2587.3382551003283     
        1791  -2599.0891471045747     
        1792  -2542.3534125552642     
        1793  -2538.4397876312360     
        1794  -2596.6731839634790     
        1795  -2581.7358935191050     
        1796  -2524.9345806320725     
        1797  -2564.2857772774796     
        1798  -2592.1094018088652     
        1799  -2614.5064179883602     
        1800  -2572.9436699874823     
        1801  -2562.3103901801933     
        1802  -2576.4559838640726     
        1803  -2565.6907804415819     
        1804  -2637.2389634281785     
        1805  -2601.3350514242202     
        1806  -2597.6361448050202     
        1807  -2568.0400368038013     
        1808  -2587.6373722090739     
        1809  -2557.5310584123476     
        1810  -2562.3329355698384     
        1811  -2610.8532270808432     
        1812  -2625.1480836912347     
        1813  -2552.1942815717834     
        1814  -2631.2872495478973     
        1815  -2600.9772372485854     
        1816  -2593.6130147028352     
        1817  -2582.8728394213776     
        1818  -2587.8176652239745     
        1819  -2505.3045884203020     
        1820  -2503.1935482948516     
        1821  -2537.3229395970238     
        1822  -2517.4593058889077     
        1823  -2555.0503728906560     
        1824  -2543.4555714424364     
        1825  -2501.3584768638093     
        1826  -2445.2909633604745     
        1827  -2483.9626004816896     
        1828  -2505.3325268870299     
        1829  -2450.9657858040600     
        1830  -2505.9776437781620     
        1831  -2574.7114246961673     
        1832  -2561.2908884308672     
        1833  -2540.4444170556030     
        1834  -2595.4035526299826     
        1835  -2570.4056439392834     
        1836  -2554.2282163281116     
        1837  -2545.3039790699927     
        1838  -2571.8411359073611     
        1839  -2598.9014939207264     
        1840  -2498.6672653365758     
        1841  -2529.4933510715173     
        1842  -2534.6630640762010     
        1843  -2509.1075157656869     
        1844  -2501.0517399835248     
        1845  -2483.4297143394456     
        1846  -2502.4868707303381     
        1847  -2501.5136732553765     
        1848  -2489.5190119421704     
        1849  -2517.1398220231035     
        1850  -2504.5941276455105     
        1851  -2505.4312875327123     
        1852  -2486.9501664957825     
        1853  -2539.4801123058842     
        1854  -2507.0144579720049     
        1855  -2488.2944621912661     
        1856  -2515.8155600251575     
        1857  -2497.6845624164430     
        1858  -2541.9927887605850     
        1859  -2503.3114302427989     
        1860  -2502.8392145528787     
        1861  -2498.3008697735931     
        1862  -2484.3841965611414     
        1863  -2533.0218730874562     
        1864  -2519.8215148428471     
        1865  -2568.8743551689604     
        1866  -2517.3010112217225     
        1867  -2486.1534861291593     
        1868  -2488.3588583897781     
        1869  -2510.2539659077174     
        1870  -2490.1979214684470     
        1871  -2518.0642581588718     
        1872  -2460.2643134333507     
        1873  -2489.9405471292730     
        1874  -2531.2385612174230     
        1875  -2484.1655331554871     
        1876  -2521.9630122564545     
        1877  -2507.5048730973558     
        1878  -2507.5102770082012     
        1879  -2499.9192034230887     
        1880  -2494.0479150405786     
        1881  -2474.8096652414151     
        1882  -2524.2732986974593     
        1883  -2544.8058555799184     
        1884  -2544.3568422113071     
        1885  -2507.9847251405126     
        1886  -2469.0842163885054     
        1887  -2454.6784565561156     
        1888  -2499.9029873733984     
        1889  -2562.0783404274566     
        1890  -2538.3185241816550     
        1891  -2470.7483763457808     
        1892  -2505.2792045883516     
        1893  -2531.8921082532543     
        1894  -2546.7637378051568     
        1895  -2467.1150579982145     
        1896  -2499.5777243237162     
        1897  -2527.6668343127562     
        1898  -2529.7962883706045     
        1899  -2537.8094170139871     
        1900  -2530.8403458176076     
        1901  -2505.4041700124681     
        1902  -2562.0169033238958     
        1903  -2560.1367630937184     
        1904  -2559.0338798069624     
        1905  -2527.7182980706766     
        1906  -2550.3720221355202     
        1907  -2560.9668662877448     
        1908  -2511.4052998673078     
        1909  -2585.7585297704313     
        1910  -2579.0208450534451     
        1911  -2582.1762265742004     
        1912  -2533.4256523746690     
        1913  -2520.7399160153091     
        1914  -2504.4297266914250     
        1915  -2542.0290509128890     
        1916  -2506.0095436982469     
        1917  -2512.3557358556886     
        1918  -2525.5991960558254     
        1919  -2556.7531946214112     
        1920  -2575.6878959127243     
        1921  -2526.5255205414564     
        1922  -2522.6463889166171     
        1923  -2504.4335101369643     
        1924  -2480.8077221843077     
        1925  -2476.2096123385149     
        1926  -2511.3344601715939     
        1927  -2505.6349412288814     
        1928  -2536.4679658662581     
        1929  -2497.6900991572047     
        1930  -2561.5384992174249     
        1931  -2530.1508319838581     
        1932  -2543.4975033317419     
        1933  -2538.1092639552598     
        1934  -2531.2310882522174     
        1935  -2488.3010382968105     
        1936  -2535.3561443150797     
        1937  -2494.6386794170398     
        1938  -2561.4809426251977     
        1939  -2528.9064270154245     
        1940  -2487.8682999963553     
        1941  -2487.1179313540774     
        1942  -2490.4097249190199     
        1943  -2540.9978575660557     
        1944  -2524.6329328180377     
        1945  -2512.7170251538469     
        1946  -2526.0147805608372     
        1947  -2533.7308706848567     
        1948  -2497.6342619576185     
        1949  -2505.6431906766707     
        1950  -2540.6069598072750     
        1951  -2516.5145595426407     
        1952  -2559.6651228955743     
        1953  -2575.7447562696907     
        1954  -2539.7107306851790     
        1955  -2530.2595566821869     
        1956  -2501.4439639054272     
        1957  -2554.9971970136867     
        1958  -2524.3574723500060     
        1959  -2562.2650451485324     
        1960  -2520.9254293623321     
        1961  -2565.0626386859922     
        1962  -2581.1361898606860     
        1963  -2582.5578739811131     
        1964  -2525.4054382123395     
        1965  -2585.8215968477998     
        1966  -2584.4057645412158     
        1967  -2596.3973665035910     
        1968  -2549.3148876020937     
        1969  -2551.8287160926930     
        1970  -2520.0038808580521     
        1971  -2551.4907207789024     
        1972  -2538.2556621869976     
        1973  -2609.2006848145666     
        1974  -2589.8625565438288     
        1975  -2528.8106580447024     
        1976  -2503.8675544908588     
        1977  -2512.2101240920642     
        1978  -2510.8111449643548     
        1979  -2563.1098164361456     
        1980  -2574.5287436011781     
        1981  -2539.4563329130401     
        1982  -2573.7830868101673     
        1983  -2538.0274548563821     
        1984  -2583.5840313177036     
        1985  -2554.1357690474247     
        1986  -2592.1927640574850     
        1987  -2585.1983425995659     
        1988  -2553.7726454083759     
        1989  -2635.2460909976016     
        1990  -2572.4867641342289     
        1991  -2566.6389722110061     
        1992  -2553.7813951173976     
        1993  -2551.8397706885848     
        1994  -2597.2413843620375     
        1995  -2623.7197751274794     
        1996  -2654.9637559873740     
        1997  -2586.1342729384282     
        1998  -2553.2633322380111     
        1999  -2570.3976270835428     
        2000  -2587.8329783401214     
