 SAMPLE,  ENERGY
           1  -2523.7480261343726     
           2  -2511.3071384377313     
           3  -2517.4043536320810     
           4  -2505.5931157351524     
           5  -2492.6273511357085     
           6  -2502.6172546360249     
           7  -2559.0323780744429     
           8  -2519.8261935470564     
           9  -2532.6002142696689     
          10  -2480.5242093702177     
          11  -2501.7978294041009     
          12  -2538.7611756714991     
          13  -2555.5238519538270     
          14  -2561.0831775779725     
          15  -2500.5017264044232     
          16  -2519.1967933086080     
          17  -2485.8811396030633     
          18  -2451.4954069455016     
          19  -2475.1371727731666     
          20  -2511.5502530302574     
          21  -2539.2649863295246     
          22  -2548.4074666163574     
          23  -2544.6860172786314     
          24  -2513.5123617717391     
          25  -2515.7505929216718     
          26  -2570.8642809151684     
          27  -2552.8251680008411     
          28  -2534.4072216927311     
          29  -2494.4009265518266     
          30  -2489.3310322071479     
          31  -2530.5030448414873     
          32  -2547.7786892572731     
          33  -2580.5449981894899     
          34  -2573.2460096945456     
          35  -2537.9537920545267     
          36  -2507.9709706432714     
          37  -2560.3909458335406     
          38  -2544.1558372194299     
          39  -2460.0563811692300     
          40  -2500.6684631585154     
          41  -2510.7267519436286     
          42  -2483.0749848125679     
          43  -2540.8162208847634     
          44  -2530.2669073092202     
          45  -2533.6986225255478     
          46  -2554.7039844370038     
          47  -2525.4286714258665     
          48  -2574.6372303945623     
          49  -2527.9451081383586     
          50  -2516.6613591226865     
          51  -2565.3834860522593     
          52  -2579.1727145305890     
          53  -2538.8991857932638     
          54  -2545.5688941550229     
          55  -2541.9803454099738     
          56  -2513.4492252475338     
          57  -2521.8085427699352     
          58  -2536.9180495813903     
          59  -2536.7519661068000     
          60  -2503.0869412563111     
          61  -2492.1078289820662     
          62  -2511.0680309990025     
          63  -2531.7347223411066     
          64  -2480.7106800454017     
          65  -2470.0650367418966     
          66  -2468.9846575894439     
          67  -2473.5327699364470     
          68  -2547.6612784013064     
          69  -2560.0473636440429     
          70  -2554.5464225395408     
          71  -2582.4705715038021     
          72  -2571.3748356841920     
          73  -2582.7656884561538     
          74  -2615.2939917885865     
          75  -2621.3929264558728     
          76  -2597.9985206409397     
          77  -2584.3901183891417     
          78  -2572.6029251943050     
          79  -2560.4729175695907     
          80  -2536.2787050762122     
          81  -2491.2917219074156     
          82  -2493.3766462053022     
          83  -2507.7004447942745     
          84  -2509.9346710301784     
          85  -2470.2890935280757     
          86  -2470.4800307990913     
          87  -2481.4540724520944     
          88  -2469.2212824128605     
          89  -2490.3699345947953     
          90  -2442.4712243652907     
          91  -2500.9668818720888     
          92  -2528.1986915470256     
          93  -2501.8234888748034     
          94  -2499.8946302055724     
          95  -2463.2879287503638     
          96  -2450.3574019919974     
          97  -2460.3599504520698     
          98  -2493.6545628645486     
          99  -2523.1070304320824     
         100  -2449.5683286720309     
         101  -2505.3722577041622     
         102  -2506.2398442825202     
         103  -2491.0336011421587     
         104  -2484.5504216625577     
         105  -2524.2083071631937     
         106  -2502.3408043774161     
         107  -2514.0525984905489     
         108  -2511.5182203573922     
         109  -2485.3291521351339     
         110  -2487.0852951906290     
         111  -2510.2326264688313     
         112  -2472.1752857370088     
         113  -2507.0746768730623     
         114  -2528.8482066360352     
         115  -2546.2834951152795     
         116  -2486.2815472881562     
         117  -2502.9550749198524     
         118  -2503.1101270148010     
         119  -2527.4775421070776     
         120  -2558.6508386281480     
         121  -2534.9195151427798     
         122  -2561.3854586510406     
         123  -2545.8959620653600     
         124  -2515.9649623905966     
         125  -2558.8277498685593     
         126  -2568.0364766772959     
         127  -2562.8652766379273     
         128  -2552.3509349290607     
         129  -2538.3437915355471     
         130  -2484.1577204161822     
         131  -2491.6160257524780     
         132  -2534.2685286925289     
         133  -2430.7832685116914     
         134  -2459.6113782672310     
         135  -2516.5731819998823     
         136  -2503.2905983379801     
         137  -2492.9522743597349     
         138  -2451.7200853253471     
         139  -2519.9946312371017     
         140  -2519.1565811597602     
         141  -2537.4239890191238     
         142  -2512.0964453402371     
         143  -2509.2934842900249     
         144  -2493.2245856390609     
         145  -2515.3875840584747     
         146  -2532.3944202502475     
         147  -2487.8518315622423     
         148  -2509.0769498495620     
         149  -2481.1217533640292     
         150  -2496.8905664823492     
         151  -2510.7878719510950     
         152  -2485.5829869572381     
         153  -2473.2828542982925     
         154  -2477.4881335128039     
         155  -2479.1208363519122     
         156  -2529.5291285256312     
         157  -2555.4160989361176     
         158  -2585.9628536835903     
         159  -2515.5257316228590     
         160  -2508.4619143182126     
         161  -2507.7709427039326     
         162  -2523.3363330132020     
         163  -2516.9350574630516     
         164  -2508.3200981231885     
         165  -2555.8604851578457     
         166  -2556.0991630731814     
         167  -2577.6896587644442     
         168  -2555.5021367822410     
         169  -2532.6505448584862     
         170  -2546.3598095285042     
         171  -2590.0235068333127     
         172  -2597.0112987707475     
         173  -2571.9852192077410     
         174  -2536.9734814176472     
         175  -2496.8123282477168     
         176  -2517.7111141081814     
         177  -2568.4538982864683     
         178  -2566.9256535100053     
         179  -2555.0482844802800     
         180  -2521.9388563733874     
         181  -2577.0749806586978     
         182  -2587.8266040974049     
         183  -2595.0336515906633     
         184  -2582.1273233033276     
         185  -2595.8438630082392     
         186  -2580.7279599277076     
         187  -2568.8325116795108     
         188  -2582.1130012190215     
         189  -2522.7470268919815     
         190  -2530.3990844250061     
         191  -2541.3579299642201     
         192  -2530.7833226575463     
         193  -2515.9595306419351     
         194  -2535.7245234934753     
         195  -2506.7267803020259     
         196  -2542.1998827712519     
         197  -2527.0035495100642     
         198  -2501.0453201126361     
         199  -2442.4873033465760     
         200  -2480.1585307729438     
         201  -2505.1255440420855     
         202  -2489.4963425058181     
         203  -2474.1573289563084     
         204  -2500.5393636390877     
         205  -2494.8242320332452     
         206  -2473.1323674011551     
         207  -2501.5292095092218     
         208  -2497.8789058476536     
         209  -2468.4910375611853     
         210  -2470.8015680799840     
         211  -2481.5896322153803     
         212  -2571.5024497002732     
         213  -2587.7385523888483     
         214  -2504.0980004394250     
         215  -2480.0193055627801     
         216  -2548.1124774247401     
         217  -2580.0566498590420     
         218  -2559.7043985263854     
         219  -2526.1561319580578     
         220  -2503.1700455938435     
         221  -2550.5788994879331     
         222  -2545.0843752268979     
         223  -2534.9230143386708     
         224  -2499.8479001232427     
         225  -2505.2654735738020     
         226  -2494.8715267292819     
         227  -2487.6460051592721     
         228  -2509.2882432572733     
         229  -2493.5070994013499     
         230  -2465.0110412717790     
         231  -2551.4708093742879     
         232  -2576.8832904400242     
         233  -2577.1404169960088     
         234  -2574.4915999169411     
         235  -2581.6013788915525     
         236  -2548.0726426883316     
         237  -2519.8150929817380     
         238  -2589.7217428006297     
         239  -2557.7569342035872     
         240  -2571.1063864522844     
         241  -2539.9800210682615     
         242  -2480.8449476686669     
         243  -2493.1417989383185     
         244  -2479.5949396604019     
         245  -2529.3279093267111     
         246  -2526.8348255700676     
         247  -2522.5262169235170     
         248  -2506.4143288739929     
         249  -2502.3847950324393     
         250  -2564.8645656059080     
         251  -2528.6609742257833     
         252  -2569.8962371694283     
         253  -2487.5346815402791     
         254  -2526.5154348263932     
         255  -2526.3477757424052     
         256  -2530.0323029574520     
         257  -2527.2189049543381     
         258  -2520.6080775018263     
         259  -2450.2118718402999     
         260  -2485.7828280631729     
         261  -2477.3438776421553     
         262  -2471.3077412214980     
         263  -2513.7123882060814     
         264  -2477.7994933685950     
         265  -2516.9537438931538     
         266  -2526.3365286271296     
         267  -2537.7573304588391     
         268  -2519.3081105902634     
         269  -2509.7665232440750     
         270  -2526.3700254073988     
         271  -2497.6656499254027     
         272  -2472.9227317292743     
         273  -2453.4181299316515     
         274  -2530.7376755250039     
         275  -2520.5155081923713     
         276  -2543.0953805716817     
         277  -2536.9839951810723     
         278  -2507.3903554712379     
         279  -2510.2569751416149     
         280  -2507.7861899090144     
         281  -2502.0874521935743     
         282  -2492.8356316794452     
         283  -2475.7508553947905     
         284  -2517.7158022495887     
         285  -2479.1548131458126     
         286  -2494.4439638455019     
         287  -2517.8812121878750     
         288  -2512.6709012053911     
         289  -2471.8956388477841     
         290  -2481.0731166210035     
         291  -2444.9141891355680     
         292  -2508.8908528693364     
         293  -2515.3647738895593     
         294  -2503.2081598216896     
         295  -2516.2760388778734     
         296  -2553.1127213664954     
         297  -2566.8061683369233     
         298  -2500.8632640480114     
         299  -2519.7317457221307     
         300  -2494.7340222175649     
         301  -2510.3170805142668     
         302  -2515.4112286044879     
         303  -2518.0972362953121     
         304  -2501.0590400426318     
         305  -2524.0080353364856     
         306  -2528.4598959550212     
         307  -2498.0831467282233     
         308  -2539.4563581892089     
         309  -2547.1404510372449     
         310  -2551.8144328712060     
         311  -2507.4188500751593     
         312  -2516.8880131215465     
         313  -2483.6779657025095     
         314  -2501.5082894454322     
         315  -2495.4034149355434     
         316  -2521.4155014246758     
         317  -2477.3629065161813     
         318  -2501.9499015336128     
         319  -2497.9845886299054     
         320  -2507.8951558493095     
         321  -2524.0916772496348     
         322  -2492.2790087817452     
         323  -2505.2013771663378     
         324  -2566.8400970267144     
         325  -2538.7207937034791     
         326  -2505.7535311395968     
         327  -2518.4180149519620     
         328  -2550.6857201689863     
         329  -2497.5108925583750     
         330  -2582.3767155001019     
         331  -2523.4999370889332     
         332  -2525.0088842281730     
         333  -2501.3864626189852     
         334  -2495.2749583852810     
         335  -2496.2190324381240     
         336  -2531.0393220294573     
         337  -2528.4506773678090     
         338  -2529.3050671633391     
         339  -2533.3822498769559     
         340  -2521.7745209894720     
         341  -2500.1688761014093     
         342  -2489.1185726401027     
         343  -2497.9232090959417     
         344  -2530.4640540049841     
         345  -2530.2844000633149     
         346  -2474.8184275325411     
         347  -2500.7728182977871     
         348  -2494.4825968529444     
         349  -2535.5298872601470     
         350  -2499.2423546830619     
         351  -2516.7187166069148     
         352  -2544.2514936794264     
         353  -2544.7343628771755     
         354  -2526.4620759451118     
         355  -2537.4033473099234     
         356  -2464.3745087544535     
         357  -2488.8433990375383     
         358  -2548.1512156717495     
         359  -2519.4686854458955     
         360  -2497.1073216996742     
         361  -2543.9554063759269     
         362  -2540.9671801533823     
         363  -2546.1608988337639     
         364  -2528.6552423394905     
         365  -2516.5091801094154     
         366  -2540.2376648027384     
         367  -2527.5386197628773     
         368  -2532.0072646802587     
         369  -2555.8233465548242     
         370  -2535.8873304699050     
         371  -2505.2268274888511     
         372  -2540.5824108953643     
         373  -2553.2862180542534     
         374  -2564.2985873283287     
         375  -2572.1688363421995     
         376  -2544.1490719851058     
         377  -2580.7598537354934     
         378  -2645.1427258806248     
         379  -2581.3826382810516     
         380  -2578.8413500644456     
         381  -2591.4149455447532     
         382  -2596.0610404290283     
         383  -2590.0229716350896     
         384  -2612.7683761559283     
         385  -2621.0876832933254     
         386  -2569.9192303417731     
         387  -2563.4557726484986     
         388  -2617.1752844269258     
         389  -2627.0273263549921     
         390  -2549.5064895853993     
         391  -2544.3767192073951     
         392  -2561.6601254937477     
         393  -2569.0588902331710     
         394  -2573.7614608806352     
         395  -2542.1359694838188     
         396  -2551.7454408828776     
         397  -2593.8956207892220     
         398  -2617.5595658393659     
         399  -2564.8523032203943     
         400  -2544.3855917598153     
         401  -2515.8311481271380     
         402  -2526.1497777266754     
         403  -2550.5205907090303     
         404  -2506.6217435349777     
         405  -2508.1420749810868     
         406  -2508.4830863899756     
         407  -2523.4940353489610     
         408  -2549.3929604268446     
         409  -2550.3960586438666     
         410  -2484.6514569444594     
         411  -2500.4514810075930     
         412  -2540.6740840473740     
         413  -2518.6494304381454     
         414  -2562.2010776284201     
         415  -2522.0666378690212     
         416  -2516.8507391884359     
         417  -2528.2154705632597     
         418  -2486.0695417491374     
         419  -2517.6036170127350     
         420  -2486.3199833066069     
         421  -2480.1675036829652     
         422  -2507.7812673042981     
         423  -2485.6014558161796     
         424  -2505.8771923270374     
         425  -2508.2107070133138     
         426  -2503.6951726945376     
         427  -2524.2739557453237     
         428  -2524.3626510170716     
         429  -2488.7512060633817     
         430  -2514.8598808721672     
         431  -2538.2110509497502     
         432  -2505.6556377969014     
         433  -2509.6653584259561     
         434  -2547.3559694394298     
         435  -2596.6837406673731     
         436  -2552.4935959759973     
         437  -2531.2998674999826     
         438  -2445.4239831082364     
         439  -2496.0970506278632     
         440  -2497.9184262503591     
         441  -2537.6425266862657     
         442  -2553.6829644611548     
         443  -2506.6814731450113     
         444  -2513.4876789988652     
         445  -2488.4371559862857     
         446  -2533.7288424291828     
         447  -2507.8025959205547     
         448  -2502.5142735677855     
         449  -2522.9283333689614     
         450  -2534.4996060965650     
         451  -2587.5852358886973     
         452  -2582.9335446915675     
         453  -2506.9227725045362     
         454  -2472.4080451638742     
         455  -2524.1641880830589     
         456  -2502.0242228841180     
         457  -2475.5951155542862     
         458  -2479.2779660369683     
         459  -2556.7168991302688     
         460  -2496.2188925718738     
         461  -2565.5825215646478     
         462  -2514.8634211939252     
         463  -2493.2262618674713     
         464  -2500.9950836977937     
         465  -2508.5448450694562     
         466  -2507.2821878814325     
         467  -2577.3531697269509     
         468  -2541.2417836966979     
         469  -2548.3866016714073     
         470  -2534.7779729358153     
         471  -2515.6437699457538     
         472  -2559.9089965445232     
         473  -2519.3379684501310     
         474  -2507.1551147302134     
         475  -2453.1226958236853     
         476  -2544.8861234262649     
         477  -2533.9522090893238     
         478  -2548.6468432165943     
         479  -2562.5024015577651     
         480  -2546.1508284766651     
         481  -2541.2354209839773     
         482  -2533.2566362110038     
         483  -2547.1135412907083     
         484  -2590.4128176168288     
         485  -2584.1890730168234     
         486  -2518.0246481070267     
         487  -2495.2281448510762     
         488  -2508.7527246320592     
         489  -2531.1034640959433     
         490  -2564.0177454104796     
         491  -2585.2187119908617     
         492  -2607.7792920143243     
         493  -2533.2169780725471     
         494  -2520.1030959567456     
         495  -2556.0486423056409     
         496  -2573.2322447439119     
         497  -2574.8426819333722     
         498  -2641.7814935427841     
         499  -2591.4377235051284     
         500  -2569.1051436048697     
         501  -2571.5832155026751     
         502  -2564.3927590210496     
         503  -2563.7590061063429     
         504  -2555.5047722079194     
         505  -2588.5206083679877     
         506  -2586.2131691024506     
         507  -2614.5349402490956     
         508  -2569.9358733595127     
         509  -2585.4462079351392     
         510  -2627.7618903016610     
         511  -2632.6749196871460     
         512  -2600.7243535340672     
         513  -2611.9532952760369     
         514  -2573.4099691967517     
         515  -2560.9244141996687     
         516  -2556.9020531152191     
         517  -2595.2358378257450     
         518  -2615.6613760098489     
         519  -2582.9471484096184     
         520  -2564.7528314817118     
         521  -2586.6571165406162     
         522  -2602.9403985383219     
         523  -2630.7319910299257     
         524  -2593.2573518283934     
         525  -2589.5952872754237     
         526  -2639.8589702423878     
         527  -2614.1547105656655     
         528  -2629.4515670136448     
         529  -2584.7922159290197     
         530  -2545.5151424328874     
         531  -2581.6134739423128     
         532  -2604.1919988737627     
         533  -2569.3641682398029     
         534  -2520.4122755811563     
         535  -2564.9622342766138     
         536  -2598.3706092341740     
         537  -2632.6586678928370     
         538  -2585.9209209683131     
         539  -2612.2265721666104     
         540  -2619.5760813517991     
         541  -2602.7376118921261     
         542  -2571.8667969570915     
         543  -2637.1868010630574     
         544  -2615.5992878342927     
         545  -2610.9900234146289     
         546  -2553.1174427589608     
         547  -2603.5087962596035     
         548  -2577.5335752609017     
         549  -2569.3170810048359     
         550  -2556.8384145288101     
         551  -2616.5941113913136     
         552  -2575.6421512400543     
         553  -2580.5880306644444     
         554  -2560.3842610551264     
         555  -2558.4603279627045     
         556  -2553.7533121780884     
         557  -2512.6086840243984     
         558  -2524.1818629465729     
         559  -2535.9533295374936     
         560  -2530.4827625018888     
         561  -2487.5435260030063     
         562  -2476.2557406406822     
         563  -2547.3657454828535     
         564  -2508.8916720555262     
         565  -2500.7420066847558     
         566  -2512.7437772579187     
         567  -2536.0420117316426     
         568  -2566.1346670352968     
         569  -2538.3804781648287     
         570  -2535.4009580458405     
         571  -2520.7157249729071     
         572  -2522.2998793893194     
         573  -2526.8943718705077     
         574  -2523.4393521674410     
         575  -2552.5596350174742     
         576  -2583.6420961140298     
         577  -2547.5533740379606     
         578  -2476.0972077326364     
         579  -2511.8358329463467     
         580  -2557.3127245411688     
         581  -2544.2277015830427     
         582  -2502.9473988920686     
         583  -2492.6212013908371     
         584  -2479.8606333988341     
         585  -2484.0288343590514     
         586  -2528.5861627720828     
         587  -2547.6673287249919     
         588  -2488.5714236395906     
         589  -2533.9219031267944     
         590  -2516.5607530032253     
         591  -2485.9867295777717     
         592  -2510.3388401681436     
         593  -2516.5772078879445     
         594  -2467.7354312030161     
         595  -2481.1033156832837     
         596  -2505.6463048893688     
         597  -2517.9770754773049     
         598  -2525.3531364221835     
         599  -2532.6789049509284     
         600  -2538.6261939888186     
         601  -2535.3484411900799     
         602  -2524.1550172391371     
         603  -2558.3665230198203     
         604  -2531.3550936084353     
         605  -2514.3874435967073     
         606  -2446.4697253099739     
         607  -2451.1237028221340     
         608  -2428.5701746476429     
         609  -2494.4842430577378     
         610  -2492.7671560991785     
         611  -2522.3703620819479     
         612  -2559.0615533160808     
         613  -2492.6407476408344     
         614  -2533.2414947068069     
         615  -2538.5055773321847     
         616  -2532.1258857157259     
         617  -2551.9432838123862     
         618  -2541.2431913999758     
         619  -2533.2588968290520     
         620  -2537.6395371743001     
         621  -2570.0821655650361     
         622  -2545.6790313033785     
         623  -2561.9533307507018     
         624  -2522.7546615418760     
         625  -2508.2151827662274     
         626  -2515.5966893855407     
         627  -2515.9192016411553     
         628  -2511.9714943307513     
         629  -2540.5174036422454     
         630  -2499.8090053894985     
         631  -2524.1954322759625     
         632  -2520.1197535134129     
         633  -2508.3278349793877     
         634  -2443.1545917301505     
         635  -2471.9930418348713     
         636  -2472.1550373463888     
         637  -2520.6916174819235     
         638  -2538.1385207128105     
         639  -2488.8527551551879     
         640  -2541.0633615514430     
         641  -2510.1932881093421     
         642  -2570.2800369904571     
         643  -2601.9333628306040     
         644  -2572.8504891550579     
         645  -2566.7998163691609     
         646  -2502.1217516059705     
         647  -2507.3241113983909     
         648  -2488.5481638565166     
         649  -2483.8875868182763     
         650  -2458.1848005782622     
         651  -2494.8853286630961     
         652  -2508.8461573997870     
         653  -2528.7366896891344     
         654  -2523.9021793702650     
         655  -2559.9704285488119     
         656  -2558.0652871760744     
         657  -2583.1340415571053     
         658  -2594.5068684799444     
         659  -2551.6779536291820     
         660  -2519.9765363011225     
         661  -2550.6787323983972     
         662  -2556.2805218506624     
         663  -2560.6367182786298     
         664  -2561.8533263130184     
         665  -2552.4679712628117     
         666  -2563.6725170946538     
         667  -2522.0652578640020     
         668  -2551.1079457691571     
         669  -2522.4850904621517     
         670  -2525.6426788319409     
         671  -2512.9655161281016     
         672  -2576.4649597298262     
         673  -2565.9538662418877     
         674  -2578.2131233503451     
         675  -2572.3219636950425     
         676  -2567.8782167613181     
         677  -2622.5605437810341     
         678  -2640.9630356388980     
         679  -2580.6177830030842     
         680  -2573.0443380434281     
         681  -2540.7926082622416     
         682  -2555.6783747540499     
         683  -2563.0025256864378     
         684  -2556.3363641587616     
         685  -2570.6828735860131     
         686  -2601.9968493523520     
         687  -2565.9394092178923     
         688  -2542.9753382104077     
         689  -2541.9327045251753     
         690  -2554.1577990690039     
         691  -2509.1815581263090     
         692  -2503.9035759296594     
         693  -2429.5222753651010     
         694  -2492.8768024643409     
         695  -2491.8360258566850     
         696  -2503.5320900951142     
         697  -2517.5166853766914     
         698  -2516.3693733982300     
         699  -2511.6022961143567     
         700  -2483.0694545869310     
         701  -2516.0497167140584     
         702  -2551.4714978678753     
         703  -2504.1504890381757     
         704  -2533.7970633582636     
         705  -2525.7604399278221     
         706  -2501.8324697431749     
         707  -2551.4401476872131     
         708  -2554.3991381858114     
         709  -2481.7001410962330     
         710  -2535.6082668252247     
         711  -2561.1182963582514     
         712  -2530.4356227451271     
         713  -2474.1137912868176     
         714  -2487.8929709958907     
         715  -2474.2748665496383     
         716  -2419.8098679560849     
         717  -2498.5322598502112     
         718  -2486.3699124863870     
         719  -2500.8908527503891     
         720  -2507.3636589199850     
         721  -2524.2160168429982     
         722  -2510.2214053249804     
         723  -2463.2259236757354     
         724  -2540.1291372354522     
         725  -2578.7429298432808     
         726  -2574.4930011791407     
         727  -2566.9231455153863     
         728  -2553.3859877150585     
         729  -2594.6689403547202     
         730  -2578.9502294640688     
         731  -2531.1799258440228     
         732  -2530.7190596518594     
         733  -2543.6966026641858     
         734  -2508.3009932307586     
         735  -2492.4396331534949     
         736  -2571.2797530287726     
         737  -2557.4959411024638     
         738  -2585.9407219088498     
         739  -2551.1739845332154     
         740  -2566.0903120141588     
         741  -2528.0884206672713     
         742  -2510.2453189205385     
         743  -2542.5008407789201     
         744  -2575.8696931074337     
         745  -2522.6916101937040     
         746  -2544.5471751604632     
         747  -2572.5376636317924     
         748  -2532.5461871281700     
         749  -2543.1634808709837     
         750  -2520.2391526322813     
         751  -2514.8829632044817     
         752  -2499.0315436131405     
         753  -2533.8160006302255     
         754  -2500.2647155783338     
         755  -2542.5005066291155     
         756  -2544.7187954133187     
         757  -2545.4702058492458     
         758  -2575.8623003891157     
         759  -2603.7937186030013     
         760  -2577.4758141809639     
         761  -2519.3277803170604     
         762  -2519.6635608687529     
         763  -2582.2217345996141     
         764  -2566.0263803937937     
         765  -2565.9739701652038     
         766  -2536.7983357548364     
         767  -2583.4622381442910     
         768  -2579.5658159774612     
         769  -2547.4034060440968     
         770  -2591.6660991285571     
         771  -2539.7063724605832     
         772  -2485.6811668129371     
         773  -2503.3056407340587     
         774  -2558.6681039433629     
         775  -2528.3611999292889     
         776  -2565.6476636133339     
         777  -2546.1429757804349     
         778  -2509.1462078662989     
         779  -2513.1152656038494     
         780  -2501.9899429728739     
         781  -2488.5682030267044     
         782  -2471.7495140627084     
         783  -2492.9349918745570     
         784  -2534.6353950765124     
         785  -2520.9282191619059     
         786  -2501.2699339952155     
         787  -2464.1918397469080     
         788  -2464.0358343652492     
         789  -2499.7419077278073     
         790  -2522.1027977270178     
         791  -2494.3259834831210     
         792  -2506.0592814974730     
         793  -2509.8399109691254     
         794  -2520.1149840598027     
         795  -2549.1800113128970     
         796  -2525.0524044137114     
         797  -2520.5484949867714     
         798  -2553.2366087792575     
         799  -2570.4313502420196     
         800  -2562.8200969105965     
         801  -2479.3861755752118     
         802  -2471.9131769750452     
         803  -2475.7661183426449     
         804  -2532.2865688649354     
         805  -2538.3594522632711     
         806  -2513.5224499216852     
         807  -2605.1011638879559     
         808  -2585.5930691752242     
         809  -2550.8114142791296     
         810  -2549.2408537911974     
         811  -2559.9595785703782     
         812  -2537.5298467149973     
         813  -2545.1642484410077     
         814  -2550.4666744928895     
         815  -2545.6313389599336     
         816  -2568.0328788287011     
         817  -2548.2262989161886     
         818  -2542.6305364496629     
         819  -2559.1360601647648     
         820  -2560.2254977195944     
         821  -2549.6440271152037     
         822  -2582.6494626797826     
         823  -2554.7468306297587     
         824  -2565.2166966253794     
         825  -2545.2596712082577     
         826  -2503.3493351576381     
         827  -2529.4929819866138     
         828  -2442.3782901637592     
         829  -2466.1064494383113     
         830  -2447.9149442273310     
         831  -2512.9008581675257     
         832  -2516.8252800280629     
         833  -2500.1279129302388     
         834  -2484.1727647935445     
         835  -2437.4583117241859     
         836  -2491.5546982819965     
         837  -2483.0043170863346     
         838  -2515.0403011869994     
         839  -2516.3214656572491     
         840  -2470.5605532077921     
         841  -2512.0795661868883     
         842  -2471.0171112490102     
         843  -2466.3658654855562     
         844  -2497.1647708709256     
         845  -2491.5444038291712     
         846  -2446.3018090708229     
         847  -2487.3837903427261     
         848  -2487.0218943904210     
         849  -2486.3431674266285     
         850  -2481.5635928763290     
         851  -2421.5126542940707     
         852  -2417.9939454058540     
         853  -2466.4405802882925     
         854  -2425.4915728300130     
         855  -2451.8933793135143     
         856  -2489.4325269629730     
         857  -2516.7862600032645     
         858  -2472.5648850692246     
         859  -2498.6440759982415     
         860  -2449.6543590152842     
         861  -2430.0773692016228     
         862  -2474.2144339679371     
         863  -2457.8016571502985     
         864  -2448.9757603375874     
         865  -2451.6779998521238     
         866  -2496.0557936846672     
         867  -2506.5894681886434     
         868  -2486.9480858246898     
         869  -2464.9525969009455     
         870  -2438.1117801423079     
         871  -2452.8661554899822     
         872  -2455.8736740186805     
         873  -2455.5639460673156     
         874  -2502.2940430390358     
         875  -2495.4363867221291     
         876  -2478.9803911794506     
         877  -2489.4744124979352     
         878  -2521.7011271102497     
         879  -2507.3667195825037     
         880  -2496.4123876583108     
         881  -2484.3081839651031     
         882  -2455.4233486474436     
         883  -2495.1827362510890     
         884  -2447.8997131819187     
         885  -2511.7362502233091     
         886  -2457.9222871744887     
         887  -2491.9458700594132     
         888  -2522.7456513217680     
         889  -2509.0566667551329     
         890  -2499.2701572323217     
         891  -2508.3567704176644     
         892  -2537.2597525812762     
         893  -2541.4923955607110     
         894  -2491.4115750110273     
         895  -2452.7411413573677     
         896  -2502.3028026798588     
         897  -2478.3993421347532     
         898  -2456.4864629366648     
         899  -2456.8354439569434     
         900  -2478.4977231670782     
         901  -2482.0939371621312     
         902  -2463.2732048488515     
         903  -2494.9132556704603     
         904  -2509.9765280552028     
         905  -2495.9409162177112     
         906  -2535.9146558655534     
         907  -2503.2983898511698     
         908  -2517.7411561152476     
         909  -2484.5085688781378     
         910  -2483.1668448401801     
         911  -2459.5431517643638     
         912  -2450.7585238503184     
         913  -2424.7876858804771     
         914  -2499.0103027322129     
         915  -2501.6683505886635     
         916  -2493.0574083816437     
         917  -2440.7429434670275     
         918  -2517.8272673036777     
         919  -2495.9206051615133     
         920  -2486.8570109932334     
         921  -2496.4119606146842     
         922  -2488.2025789262379     
         923  -2503.5024055760387     
         924  -2502.5424693909349     
         925  -2523.3529833564389     
         926  -2570.0776644906232     
         927  -2520.0668622079952     
         928  -2536.6863490040596     
         929  -2516.7625728445428     
         930  -2542.1175856531754     
         931  -2494.2193901248875     
         932  -2461.9824744560287     
         933  -2495.4140306385470     
         934  -2544.2850554354304     
         935  -2585.2820430866414     
         936  -2547.1541940620609     
         937  -2527.6864362903239     
         938  -2487.5779787271063     
         939  -2471.4186361688876     
         940  -2498.0704349500461     
         941  -2524.8177515276070     
         942  -2496.3067163200008     
         943  -2468.0983873184782     
         944  -2456.8178157136408     
         945  -2489.8815691817363     
         946  -2521.2692838950079     
         947  -2476.6561501187052     
         948  -2442.3852126693546     
         949  -2459.1756038725925     
         950  -2517.7660326507348     
         951  -2512.3235249968980     
         952  -2567.5056158440088     
         953  -2558.0811996679431     
         954  -2520.6916859431926     
         955  -2511.8427636158540     
         956  -2527.0295396877641     
         957  -2536.5748835054892     
         958  -2463.5315771073633     
         959  -2484.7387914093774     
         960  -2487.1970825808580     
         961  -2484.7665684227804     
         962  -2490.3538560560996     
         963  -2487.9514155839183     
         964  -2471.3125265198214     
         965  -2458.6869761738385     
         966  -2483.2779954778589     
         967  -2502.9779862395490     
         968  -2498.6664926720600     
         969  -2490.4722116042112     
         970  -2487.3913922147117     
         971  -2506.0700661998508     
         972  -2461.9054123584447     
         973  -2481.3292754191666     
         974  -2512.3647261257261     
         975  -2515.2453021399456     
         976  -2507.8511650987098     
         977  -2520.3527797672905     
         978  -2554.6334446220803     
         979  -2545.0038186802130     
         980  -2453.2933510023959     
         981  -2472.8461909242656     
         982  -2514.9855486159595     
         983  -2511.8564756320593     
         984  -2508.9214387279867     
         985  -2501.7453197273567     
         986  -2519.8406631703242     
         987  -2543.0975247447100     
         988  -2522.5079155690714     
         989  -2568.4013575017307     
         990  -2552.7921407686222     
         991  -2517.8206673771142     
         992  -2512.0401481051449     
         993  -2506.8279273765579     
         994  -2458.8986049824694     
         995  -2472.5839187786955     
         996  -2545.6001912249367     
         997  -2562.9575862947877     
         998  -2565.4938784415876     
         999  -2536.6100607690264     
        1000  -2499.2256978142336     
        1001  -2513.3824579958455     
        1002  -2540.6151509963788     
        1003  -2530.6544826503500     
        1004  -2512.1659128682418     
        1005  -2453.8268648979783     
        1006  -2477.7638013802007     
        1007  -2449.5051817964459     
        1008  -2560.8948174575826     
        1009  -2552.2099586770300     
        1010  -2579.9234769914046     
        1011  -2589.6980396542722     
        1012  -2582.0334160035932     
        1013  -2553.9236923196918     
        1014  -2544.9525506705245     
        1015  -2509.4148460239189     
        1016  -2551.4584923097414     
        1017  -2504.2400925800680     
        1018  -2520.4788375301769     
        1019  -2503.5751611516371     
        1020  -2574.0551231760305     
        1021  -2551.8453104803725     
        1022  -2533.6571843272486     
        1023  -2486.7632259746192     
        1024  -2475.9808813423915     
        1025  -2457.3473755097011     
        1026  -2444.8968468979269     
        1027  -2485.6580179301659     
        1028  -2486.1746195689611     
        1029  -2466.2111971695253     
        1030  -2485.4414291923199     
        1031  -2479.4841437050845     
        1032  -2497.7795489552809     
        1033  -2447.1229114917332     
        1034  -2481.4700644640411     
        1035  -2477.8762795201437     
        1036  -2497.8484300132254     
        1037  -2500.3264840895595     
        1038  -2504.8593683411968     
        1039  -2431.9095589322037     
        1040  -2448.8337200645574     
        1041  -2446.4216454406319     
        1042  -2464.7234494765303     
        1043  -2529.2916132807154     
        1044  -2485.8040816957355     
        1045  -2511.9980407480248     
        1046  -2485.0834552604674     
        1047  -2460.1170339920250     
        1048  -2503.5945191959477     
        1049  -2516.1876710138222     
        1050  -2489.0803983512478     
        1051  -2487.3650337785380     
        1052  -2468.7512400811916     
        1053  -2460.5570117018365     
        1054  -2459.3121661283135     
        1055  -2519.2730095925476     
        1056  -2488.6917884271456     
        1057  -2499.3184055640304     
        1058  -2483.4668520278651     
        1059  -2439.0569789551255     
        1060  -2473.2722108121825     
        1061  -2464.0962936266242     
        1062  -2460.0712837164783     
        1063  -2527.2139719539391     
        1064  -2525.2968096080699     
        1065  -2480.8948262381714     
        1066  -2466.8688269132126     
        1067  -2422.8235089751142     
        1068  -2457.2686692782258     
        1069  -2485.0607059461959     
        1070  -2465.6528141012363     
        1071  -2478.5557566710440     
        1072  -2492.6898898664358     
        1073  -2521.6635529550517     
        1074  -2484.0373931221234     
        1075  -2532.1527501519713     
        1076  -2552.5731695820655     
        1077  -2567.3781155395345     
        1078  -2511.9042926237835     
        1079  -2575.1073090443047     
        1080  -2532.1622638946592     
        1081  -2530.2147232013367     
        1082  -2474.7245002563873     
        1083  -2465.2866735180819     
        1084  -2520.9651739595256     
        1085  -2470.9004582414564     
        1086  -2479.3539860599112     
        1087  -2411.1881906483650     
        1088  -2429.3956011174782     
        1089  -2463.7759924679503     
        1090  -2470.3582362720817     
        1091  -2440.4487761611081     
        1092  -2492.8622597054928     
        1093  -2527.2845942010617     
        1094  -2490.6298152109666     
        1095  -2468.9759759903754     
        1096  -2484.9663417413199     
        1097  -2506.0103455990211     
        1098  -2564.2837596348381     
        1099  -2547.9264605047174     
        1100  -2519.6585031142617     
        1101  -2471.9675688736211     
        1102  -2502.4608631754122     
        1103  -2561.5559475368859     
        1104  -2556.2105381150277     
        1105  -2593.9768623574487     
        1106  -2588.3693347048375     
        1107  -2560.5293486326600     
        1108  -2607.6452618840749     
        1109  -2564.0910505916049     
        1110  -2561.6325881895546     
        1111  -2557.4412340046001     
        1112  -2537.7297729714323     
        1113  -2520.7824783850342     
        1114  -2517.4744022694849     
        1115  -2486.1104511279664     
        1116  -2484.2241999035382     
        1117  -2539.4090389834041     
        1118  -2487.4210923056066     
        1119  -2498.9425214577873     
        1120  -2509.8870415587648     
        1121  -2501.7617176602666     
        1122  -2529.5416167154326     
        1123  -2514.8704703569201     
        1124  -2547.3996158269474     
        1125  -2481.3429396207284     
        1126  -2515.0625419867315     
        1127  -2474.1266861774288     
        1128  -2515.5393754512097     
        1129  -2516.9711280856404     
        1130  -2534.2489653127282     
        1131  -2474.4899298409764     
        1132  -2513.4765385045075     
        1133  -2468.8608375744579     
        1134  -2468.4928216814633     
        1135  -2518.5506597224730     
        1136  -2508.5956681875300     
        1137  -2512.9505652650064     
        1138  -2522.6759857748575     
        1139  -2502.6771047575189     
        1140  -2488.4457434953138     
        1141  -2475.0384144419286     
        1142  -2427.6507726753948     
        1143  -2444.6691310728143     
        1144  -2461.6953591484535     
        1145  -2479.3084277078456     
        1146  -2460.4585305585965     
        1147  -2477.5966816668683     
        1148  -2464.0655457702155     
        1149  -2498.9201313574931     
        1150  -2456.8426590000308     
        1151  -2443.9584720404018     
        1152  -2486.5705052614894     
        1153  -2540.6017987106106     
        1154  -2473.8120465153424     
        1155  -2486.6689265518821     
        1156  -2504.9155168743514     
        1157  -2496.2504438533247     
        1158  -2499.2165215648711     
        1159  -2478.9635961779209     
        1160  -2518.1479510166369     
        1161  -2526.3916288252490     
        1162  -2565.8537042602393     
        1163  -2505.5102077400843     
        1164  -2502.6054511515495     
        1165  -2512.7824691694427     
        1166  -2530.2532177652652     
        1167  -2513.4192461804769     
        1168  -2479.6333378422764     
        1169  -2495.5035329975976     
        1170  -2542.3847457449174     
        1171  -2517.2165816479219     
        1172  -2537.3248428242819     
        1173  -2478.7649431198911     
        1174  -2459.8010098267810     
        1175  -2468.7735767579447     
        1176  -2526.0904950987833     
        1177  -2495.0722483078716     
        1178  -2508.9605437486571     
        1179  -2533.7853374989631     
        1180  -2484.5987243586842     
        1181  -2469.0924437728618     
        1182  -2547.6704479206646     
        1183  -2553.2268020218175     
        1184  -2545.5765513372380     
        1185  -2502.4368020697279     
        1186  -2471.1122604626457     
        1187  -2502.2168085882308     
        1188  -2478.6340159937572     
        1189  -2528.0568054265527     
        1190  -2548.7130934133488     
        1191  -2537.1221405533975     
        1192  -2561.6926072870256     
        1193  -2546.7718447747234     
        1194  -2551.5507219916058     
        1195  -2554.4142819133194     
        1196  -2536.6655578720283     
        1197  -2574.4534026276651     
        1198  -2572.9401991592795     
        1199  -2561.6497021282025     
        1200  -2613.3888114063789     
        1201  -2574.3164055577099     
        1202  -2609.9891512127324     
        1203  -2614.6336701518021     
        1204  -2552.5552079543600     
        1205  -2571.3080623443966     
        1206  -2585.9419450477285     
        1207  -2590.7262768539372     
        1208  -2574.0640077456414     
        1209  -2627.3874331773823     
        1210  -2548.6820577002904     
        1211  -2561.9240990787944     
        1212  -2606.4465380962010     
        1213  -2629.4636329539444     
        1214  -2628.6941004118939     
        1215  -2616.6802391361475     
        1216  -2614.0334556145490     
        1217  -2593.5076713723461     
        1218  -2589.5131810127696     
        1219  -2570.3102061517493     
        1220  -2596.5326799985428     
        1221  -2592.0857357552873     
        1222  -2598.8670546341145     
        1223  -2549.1077596009632     
        1224  -2557.0690192324882     
        1225  -2562.4040225397684     
        1226  -2549.2063591240480     
        1227  -2603.2512669109215     
        1228  -2634.5105187729914     
        1229  -2614.0117088261413     
        1230  -2613.0676417771288     
        1231  -2652.5320762539391     
        1232  -2603.4111154776369     
        1233  -2556.5436543914575     
        1234  -2540.4927075446330     
        1235  -2531.8319377369862     
        1236  -2565.0149250786626     
        1237  -2567.8618515305484     
        1238  -2538.3173148465607     
        1239  -2538.9498655429179     
        1240  -2557.3863645224401     
        1241  -2558.1302494893689     
        1242  -2602.9846914159430     
        1243  -2561.3248621611910     
        1244  -2564.7934490493431     
        1245  -2504.6736582824278     
        1246  -2563.3899791469480     
        1247  -2464.8938476537824     
        1248  -2483.0246709473477     
        1249  -2553.6474824906004     
        1250  -2534.2755518245517     
        1251  -2552.8995788994980     
        1252  -2535.3161850298338     
        1253  -2534.8315361419036     
        1254  -2537.7483105467977     
        1255  -2559.4748911469228     
        1256  -2539.9276901346007     
        1257  -2568.7853323033955     
        1258  -2537.6852276644795     
        1259  -2530.4214170406408     
        1260  -2564.6020104431659     
        1261  -2578.7333154798785     
        1262  -2568.2876300649336     
        1263  -2534.2520473280451     
        1264  -2540.3325979535643     
        1265  -2547.2091550426971     
        1266  -2499.8555504930641     
        1267  -2534.9657977672618     
        1268  -2540.2344829254716     
        1269  -2514.4691079180384     
        1270  -2536.2104054780220     
        1271  -2554.0104301285182     
        1272  -2541.2545814629621     
        1273  -2523.3104979544119     
        1274  -2578.5565130997429     
        1275  -2543.7429034404413     
        1276  -2469.4146928811660     
        1277  -2503.8695895703231     
        1278  -2524.6162103978668     
        1279  -2517.7559282124043     
        1280  -2479.9938666520388     
        1281  -2481.7746575724236     
        1282  -2497.4523545235343     
        1283  -2539.5902431635636     
        1284  -2530.2125833271944     
        1285  -2555.2615853126672     
        1286  -2565.5617966295486     
        1287  -2560.1969113715836     
        1288  -2517.5025173901158     
        1289  -2477.4854997156654     
        1290  -2514.0945530326831     
        1291  -2516.1718205793100     
        1292  -2536.3768413869284     
        1293  -2519.9943691241569     
        1294  -2541.2810659556435     
        1295  -2478.5164955296650     
        1296  -2475.4433658564858     
        1297  -2500.6704323383028     
        1298  -2548.8810664558373     
        1299  -2523.7302026659740     
        1300  -2555.5898356968378     
        1301  -2554.3803670352922     
        1302  -2541.5105612174957     
        1303  -2502.9401353375715     
        1304  -2527.0872765524691     
        1305  -2542.7350557982836     
        1306  -2538.8868448895896     
        1307  -2557.4753975284807     
        1308  -2516.0667216537545     
        1309  -2488.7630564365168     
        1310  -2499.9571152824842     
        1311  -2563.8709027222026     
        1312  -2517.4324561658959     
        1313  -2531.3287343377842     
        1314  -2550.3555960236204     
        1315  -2528.4544655524683     
        1316  -2535.9892726075773     
        1317  -2546.0376616760309     
        1318  -2506.5701081285147     
        1319  -2535.5732018302087     
        1320  -2541.3688375683159     
        1321  -2554.6788793187934     
        1322  -2525.3089085756651     
        1323  -2507.2735110066264     
        1324  -2533.8199492547014     
        1325  -2515.2423164271654     
        1326  -2591.1263751342162     
        1327  -2578.2985768443059     
        1328  -2551.2610094201004     
        1329  -2504.9187691558254     
        1330  -2459.9116263344940     
        1331  -2464.8770317032545     
        1332  -2490.6624138408170     
        1333  -2547.5733575469744     
        1334  -2566.4045411835727     
        1335  -2501.0049306683350     
        1336  -2486.9811771918799     
        1337  -2484.2118735198105     
        1338  -2495.1759465801106     
        1339  -2494.0494149096198     
        1340  -2505.7255953339968     
        1341  -2527.4093051374612     
        1342  -2507.9736418122129     
        1343  -2465.9955750966928     
        1344  -2495.6929989728505     
        1345  -2491.4033701414637     
        1346  -2534.6300804369071     
        1347  -2494.6366279509780     
        1348  -2528.6276427673602     
        1349  -2503.0160273094743     
        1350  -2465.5255897213788     
        1351  -2488.2859613383462     
        1352  -2500.8280398513402     
        1353  -2521.5519737773366     
        1354  -2494.4718442164221     
        1355  -2472.9270645944084     
        1356  -2456.5534294083573     
        1357  -2447.8218433538773     
        1358  -2431.2688789791082     
        1359  -2486.8519529224745     
        1360  -2460.8524048884856     
        1361  -2432.9080135873546     
        1362  -2408.2570160263399     
        1363  -2439.0483008028345     
        1364  -2470.2775236347129     
        1365  -2477.5018377350352     
        1366  -2450.7535886283054     
        1367  -2489.9256188724639     
        1368  -2489.5618207835746     
        1369  -2517.8422862754505     
        1370  -2497.7257394794710     
        1371  -2435.2052083971639     
        1372  -2502.3973867005834     
        1373  -2514.9143594596389     
        1374  -2526.9882859024683     
        1375  -2537.0353569958365     
        1376  -2504.8753002228432     
        1377  -2550.8399307399641     
        1378  -2543.7534696791922     
        1379  -2516.4603750973602     
        1380  -2494.5331516332108     
        1381  -2536.6175057610753     
        1382  -2573.9699716136802     
        1383  -2557.6514485311959     
        1384  -2542.4547989104026     
        1385  -2578.3092484515005     
        1386  -2593.9837310722501     
        1387  -2557.1178751112789     
        1388  -2545.7443818138790     
        1389  -2494.3363634815214     
        1390  -2512.9404601664569     
        1391  -2499.8663907935429     
        1392  -2515.0260232493642     
        1393  -2533.2538189262364     
        1394  -2556.3006653243237     
        1395  -2520.1024373056134     
        1396  -2521.2927594645585     
        1397  -2550.9050732595147     
        1398  -2560.2410770158262     
        1399  -2554.9925228115026     
        1400  -2521.3210178077011     
        1401  -2529.6616987567954     
        1402  -2494.5993291301802     
        1403  -2514.4446046479175     
        1404  -2524.0455582174286     
        1405  -2502.5891202607377     
        1406  -2482.5415631931032     
        1407  -2523.0779221224616     
        1408  -2545.7832786477852     
        1409  -2535.9875424980391     
        1410  -2535.7875239191035     
        1411  -2472.1685247025994     
        1412  -2517.8879171737863     
        1413  -2500.8012897196645     
        1414  -2478.0933563041017     
        1415  -2481.6695104856371     
        1416  -2486.1420121676720     
        1417  -2517.5170131307323     
        1418  -2555.6441008434363     
        1419  -2516.2512647297372     
        1420  -2559.3068257498103     
        1421  -2551.4631340703563     
        1422  -2463.2357342222035     
        1423  -2505.6304764444699     
        1424  -2463.4813992954673     
        1425  -2489.4816268632644     
        1426  -2470.1771524729379     
        1427  -2466.3496513502059     
        1428  -2514.3310847020975     
        1429  -2566.9708128012012     
        1430  -2563.5046618168440     
        1431  -2567.5328638977430     
        1432  -2518.2190541013888     
        1433  -2555.6716020381341     
        1434  -2566.6787600094372     
        1435  -2595.2795028101618     
        1436  -2560.4794063292575     
        1437  -2565.9377212393656     
        1438  -2551.3720142168067     
        1439  -2564.9467964408141     
        1440  -2529.6911723860871     
        1441  -2530.8536613067436     
        1442  -2532.1011517480547     
        1443  -2521.3046479823820     
        1444  -2585.0107728246639     
        1445  -2524.3298115327334     
        1446  -2493.3992170906049     
        1447  -2544.2539369853107     
        1448  -2509.6155735479383     
        1449  -2569.0484378525180     
        1450  -2579.3297010615556     
        1451  -2596.6309801244056     
        1452  -2523.9698729395682     
        1453  -2585.2120242897058     
        1454  -2592.4043296230088     
        1455  -2653.2183297310480     
        1456  -2618.0960794829389     
        1457  -2625.1308638233177     
        1458  -2632.6050987301264     
        1459  -2612.2663931889183     
        1460  -2564.6171903516661     
        1461  -2572.4080910120929     
        1462  -2620.8463625362933     
        1463  -2631.7298376780127     
        1464  -2640.6966823948501     
        1465  -2563.6447430081389     
        1466  -2599.7116133488598     
        1467  -2613.2583195206166     
        1468  -2575.8919579259668     
        1469  -2604.4137807715206     
        1470  -2549.1502473625078     
        1471  -2604.9067951882971     
        1472  -2531.8455909799227     
        1473  -2558.5188101745484     
        1474  -2555.8334980522350     
        1475  -2550.3783442812451     
        1476  -2555.4694772131106     
        1477  -2562.1321742699570     
        1478  -2556.4785106697195     
        1479  -2543.2442308226755     
        1480  -2518.1058271025754     
        1481  -2566.6312445799817     
        1482  -2509.1138507722048     
        1483  -2475.7788190889005     
        1484  -2471.4494776692950     
        1485  -2474.3879778688374     
        1486  -2497.8297551874307     
        1487  -2553.6124712449405     
        1488  -2470.7220650062550     
        1489  -2503.7490751265041     
        1490  -2485.4010641993323     
        1491  -2525.0493210587015     
        1492  -2461.9345336130459     
        1493  -2481.4372799249918     
        1494  -2535.8178770563413     
        1495  -2526.8234960325290     
        1496  -2492.6040048675891     
        1497  -2491.9586589675946     
        1498  -2503.5993497170871     
        1499  -2554.7242537346938     
        1500  -2583.4036525409456     
        1501  -2539.7361635384063     
        1502  -2498.5982502482702     
        1503  -2520.0367671056551     
        1504  -2550.4588899052633     
        1505  -2538.0536562983975     
        1506  -2530.4888893106800     
        1507  -2506.9280438302330     
        1508  -2456.1004664046100     
        1509  -2497.0164002895644     
        1510  -2506.4188329976541     
        1511  -2477.0962729025232     
        1512  -2467.4129496518012     
        1513  -2511.3982667592486     
        1514  -2505.5807808592317     
        1515  -2489.6406819248564     
        1516  -2499.3995971555787     
        1517  -2516.2560731623967     
        1518  -2537.1623331653368     
        1519  -2502.6504172769346     
        1520  -2496.8913401198029     
        1521  -2509.0084643482942     
        1522  -2496.2462909785027     
        1523  -2496.0164325464898     
        1524  -2539.7486986900981     
        1525  -2507.4702403142373     
        1526  -2478.8193156983239     
        1527  -2513.1683354103225     
        1528  -2539.5586563260308     
        1529  -2534.0949028639484     
        1530  -2492.6435539902063     
        1531  -2509.0148876980415     
        1532  -2553.4123113130954     
        1533  -2575.7363244590460     
        1534  -2588.7566531455054     
        1535  -2593.4775475293404     
        1536  -2620.6577709948679     
        1537  -2541.0237357302103     
        1538  -2545.4631555190795     
        1539  -2532.7455709190303     
        1540  -2518.3234376661171     
        1541  -2481.6406141714619     
        1542  -2587.8840614864293     
        1543  -2587.6241777293253     
        1544  -2594.7683803684877     
        1545  -2548.3884439498502     
        1546  -2570.3585594337728     
        1547  -2557.4897165093530     
        1548  -2559.2919274673186     
        1549  -2598.5228291542103     
        1550  -2543.6821064716828     
        1551  -2567.8132439267029     
        1552  -2510.5222411906930     
        1553  -2495.5528106565903     
        1554  -2544.1402123546786     
        1555  -2506.8477642150574     
        1556  -2505.3346440315800     
        1557  -2528.3480476323539     
        1558  -2521.7058609506762     
        1559  -2493.9968445899462     
        1560  -2454.8716085722094     
        1561  -2479.8368877450007     
        1562  -2472.0365340178409     
        1563  -2456.0577957070946     
        1564  -2487.6723043356146     
        1565  -2500.6448162443526     
        1566  -2390.3079465307819     
        1567  -2506.6891892979843     
        1568  -2525.6746279538029     
        1569  -2564.4507203489211     
        1570  -2531.1664361470816     
        1571  -2527.2822297872713     
        1572  -2545.1210705112289     
        1573  -2478.6429906279400     
        1574  -2540.3750394506724     
        1575  -2540.7094671268533     
        1576  -2495.1174399616270     
        1577  -2492.1172981588938     
        1578  -2539.4951461587689     
        1579  -2530.9699188258423     
        1580  -2497.0405847292695     
        1581  -2451.0143213831057     
        1582  -2485.3642767064830     
        1583  -2474.8157308009395     
        1584  -2461.5920349885118     
        1585  -2495.6641878002033     
        1586  -2474.9914701303314     
        1587  -2451.8516032902985     
        1588  -2476.6805180995339     
        1589  -2483.3017013268618     
        1590  -2513.8359135929850     
        1591  -2527.4862091768891     
        1592  -2531.3143338660848     
        1593  -2496.8227538121773     
        1594  -2440.0579203522252     
        1595  -2472.6913352771221     
        1596  -2492.6336392027315     
        1597  -2457.8605477944616     
        1598  -2456.2108378988064     
        1599  -2448.1728475763571     
        1600  -2426.7783223031724     
        1601  -2422.0738140231829     
        1602  -2442.7852756779494     
        1603  -2451.0591343627784     
        1604  -2437.6369348031226     
        1605  -2434.5007824291738     
        1606  -2396.1969707468224     
        1607  -2343.9759679524250     
        1608  -2453.3151833601996     
        1609  -2490.4438253253211     
        1610  -2437.0253948061991     
        1611  -2430.8593635064012     
        1612  -2414.6657210445592     
        1613  -2475.5729853161920     
        1614  -2475.4446147803947     
        1615  -2509.6206033959747     
        1616  -2515.5486613355965     
        1617  -2504.2208065636937     
        1618  -2467.5379983072162     
        1619  -2481.0504821404002     
        1620  -2526.8525061934488     
        1621  -2482.6959210174132     
        1622  -2493.9124092130846     
        1623  -2507.7518203330796     
        1624  -2485.0098134772870     
        1625  -2508.9007825972708     
        1626  -2506.6779315830595     
        1627  -2537.3607294379008     
        1628  -2532.8248941434481     
        1629  -2543.8361281417087     
        1630  -2544.1472175838744     
        1631  -2542.3656057712151     
        1632  -2551.7408425962940     
        1633  -2562.7919640994069     
        1634  -2535.3128560419959     
        1635  -2567.0077233962584     
        1636  -2552.6442558462568     
        1637  -2502.4964219440571     
        1638  -2489.1130772049710     
        1639  -2554.8765559804315     
        1640  -2585.4716739578621     
        1641  -2492.4778652306932     
        1642  -2458.9867806323127     
        1643  -2494.4725479940175     
        1644  -2518.4887919530706     
        1645  -2523.4249485949576     
        1646  -2529.4385185721421     
        1647  -2500.2965643401249     
        1648  -2497.2216564032819     
        1649  -2466.8812995352555     
        1650  -2426.1739086989505     
        1651  -2430.4568696432480     
        1652  -2422.2266325537507     
        1653  -2487.8188888421105     
        1654  -2428.7476345793202     
        1655  -2423.3263097186782     
        1656  -2428.9463997401594     
        1657  -2469.2587665848696     
        1658  -2487.2730234416090     
        1659  -2511.1114518744171     
        1660  -2530.0017835331769     
        1661  -2497.9166096908639     
        1662  -2474.8683386685921     
        1663  -2459.5069330971155     
        1664  -2503.1891127454437     
        1665  -2492.2250104000859     
        1666  -2505.0263224750552     
        1667  -2506.7062398526614     
        1668  -2526.4555963369685     
        1669  -2523.0013872181635     
        1670  -2513.1439007751069     
        1671  -2458.0577158755618     
        1672  -2463.7139226554432     
        1673  -2503.8717807185217     
        1674  -2508.3256930625616     
        1675  -2473.8672223343424     
        1676  -2513.0448174491348     
        1677  -2541.5618755979121     
        1678  -2523.8825353490756     
        1679  -2522.8000369500305     
        1680  -2542.7639991079227     
        1681  -2587.5007702160765     
        1682  -2536.7581598149491     
        1683  -2595.3725974371155     
        1684  -2616.2957250389795     
        1685  -2555.0642514498854     
        1686  -2578.5071769306583     
        1687  -2515.4316719915746     
        1688  -2476.8295927808422     
        1689  -2487.5080608305361     
        1690  -2558.7600645662401     
        1691  -2578.0810842148312     
        1692  -2594.7960706202343     
        1693  -2583.8693818651009     
        1694  -2551.0737548397356     
        1695  -2602.1902990166791     
        1696  -2597.4489126569806     
        1697  -2589.6081775737953     
        1698  -2537.0076312250221     
        1699  -2529.2692105127026     
        1700  -2558.9713787910036     
        1701  -2499.1293372538271     
        1702  -2492.4415359985051     
        1703  -2582.4946302598937     
        1704  -2579.0301467348904     
        1705  -2569.2089444754165     
        1706  -2588.4921047737630     
        1707  -2552.9335340623406     
        1708  -2564.7846572754484     
        1709  -2629.9843013952041     
        1710  -2546.1666817469099     
        1711  -2563.9028553427684     
        1712  -2581.1650370488978     
        1713  -2543.1340517300710     
        1714  -2541.7699390728399     
        1715  -2531.6407446354733     
        1716  -2612.4316629388923     
        1717  -2586.6726293676252     
        1718  -2586.3361031222566     
        1719  -2561.0297978831450     
        1720  -2592.8375442087863     
        1721  -2557.9296612859430     
        1722  -2551.4326352978869     
        1723  -2525.9615453692036     
        1724  -2552.8018192512445     
        1725  -2558.4026260976093     
        1726  -2570.7084286026029     
        1727  -2570.1462180654125     
        1728  -2545.9058582095063     
        1729  -2547.3696598697302     
        1730  -2557.7734787000977     
        1731  -2534.2810017003740     
        1732  -2492.4997842763823     
        1733  -2525.2944642455154     
        1734  -2548.2760993367001     
        1735  -2587.4465627451141     
        1736  -2594.4596583149269     
        1737  -2599.0728018903487     
        1738  -2597.7457401610450     
        1739  -2592.2126213735705     
        1740  -2570.7318293251392     
        1741  -2548.3600687608605     
        1742  -2600.5083212843092     
        1743  -2528.4372200705334     
        1744  -2569.3919534104384     
        1745  -2537.4084750821580     
        1746  -2520.9030775407778     
        1747  -2539.4070818248465     
        1748  -2591.7813796244291     
        1749  -2558.0244468216597     
        1750  -2572.0451835506333     
        1751  -2576.0354689134228     
        1752  -2598.7271881928227     
        1753  -2547.0742211512829     
        1754  -2528.0559958100935     
        1755  -2553.0163794096611     
        1756  -2528.7175559578000     
        1757  -2543.4732447118104     
        1758  -2570.2135054487699     
        1759  -2561.7218480439192     
        1760  -2542.2115746136278     
        1761  -2596.1471292704859     
        1762  -2571.5951923391262     
        1763  -2554.8918058564745     
        1764  -2518.5627340488786     
        1765  -2541.5416160369896     
        1766  -2526.1426798392454     
        1767  -2494.7762015247358     
        1768  -2533.1038401479668     
        1769  -2562.0469605713615     
        1770  -2520.7784886496579     
        1771  -2544.1894531230205     
        1772  -2523.8229251808866     
        1773  -2518.3048169373424     
        1774  -2447.1225851329832     
        1775  -2519.5239136365481     
        1776  -2500.8234351335036     
        1777  -2532.1677861155918     
        1778  -2537.1756997323046     
        1779  -2503.9133895792279     
        1780  -2512.6554629867142     
        1781  -2514.3799318856059     
        1782  -2526.3489983274540     
        1783  -2566.7025865115234     
        1784  -2547.7130695104543     
        1785  -2580.4559906383174     
        1786  -2528.4831992539457     
        1787  -2551.4619171226605     
        1788  -2573.9749268608480     
        1789  -2521.3382190951661     
        1790  -2504.6095546578226     
        1791  -2458.7426716302625     
        1792  -2526.0561068991524     
        1793  -2526.6625377908531     
        1794  -2555.2077155712495     
        1795  -2560.8089482972273     
        1796  -2569.3492324352142     
        1797  -2529.6573570383498     
        1798  -2565.4003931337334     
        1799  -2564.9951790259984     
        1800  -2568.2498233384181     
        1801  -2500.4378127388072     
        1802  -2507.5669940839507     
        1803  -2551.4305868430260     
        1804  -2568.2653960916559     
        1805  -2564.4916562912399     
        1806  -2557.9088125715698     
        1807  -2529.7523017664034     
        1808  -2541.7004558187282     
        1809  -2522.3076353892161     
        1810  -2527.1136069040826     
        1811  -2456.9709828037471     
        1812  -2521.1988862362373     
        1813  -2535.0694819816831     
        1814  -2565.2732338522601     
        1815  -2557.8921660626575     
        1816  -2554.9660451817549     
        1817  -2570.6581552698062     
        1818  -2535.4880663428462     
        1819  -2528.5521381175008     
        1820  -2501.8014276903559     
        1821  -2515.5058905294568     
        1822  -2489.9711397200685     
        1823  -2507.3261980885286     
        1824  -2526.0048700163015     
        1825  -2545.6997957301974     
        1826  -2568.5169815217223     
        1827  -2582.3399458681765     
        1828  -2545.1412311887793     
        1829  -2509.5058595576502     
        1830  -2493.2282585431567     
        1831  -2470.5549952777737     
        1832  -2496.8020819819567     
        1833  -2484.5748552515965     
        1834  -2543.7351511307315     
        1835  -2584.3428252200051     
        1836  -2570.5569263295333     
        1837  -2592.6146600061693     
        1838  -2561.9804436346622     
        1839  -2528.5561303090640     
        1840  -2537.4211198264547     
        1841  -2518.5353609634908     
        1842  -2556.4993655143703     
        1843  -2513.5354174739641     
        1844  -2537.8819214000791     
        1845  -2561.2816836000479     
        1846  -2554.2040452241908     
        1847  -2545.6758062153517     
        1848  -2581.4906399693077     
        1849  -2546.6449399251519     
        1850  -2563.9861582775170     
        1851  -2606.4210465111601     
        1852  -2604.5355698956396     
        1853  -2618.1551509192204     
        1854  -2571.8186573077164     
        1855  -2576.7661358062028     
        1856  -2545.1407283010112     
        1857  -2541.3369336194551     
        1858  -2474.0939826068907     
        1859  -2499.9846279006151     
        1860  -2460.5346735002395     
        1861  -2508.4108015108427     
        1862  -2501.2823898101265     
        1863  -2582.4571394727318     
        1864  -2611.2064939273905     
        1865  -2565.9562263449520     
        1866  -2528.3863520654982     
        1867  -2503.8128799333981     
        1868  -2482.4568584839640     
        1869  -2499.6809687155728     
        1870  -2509.8022747044893     
        1871  -2559.6289551984305     
        1872  -2530.0257019275100     
        1873  -2516.2103035583200     
        1874  -2485.0520026734912     
        1875  -2465.2595740848592     
        1876  -2452.0189177699117     
        1877  -2515.2540449507583     
        1878  -2463.6929970767706     
        1879  -2521.6199068253827     
        1880  -2502.1347490402400     
        1881  -2516.0834115761459     
        1882  -2486.7574695378435     
        1883  -2481.3905124456514     
        1884  -2500.6788406204287     
        1885  -2501.6530689034835     
        1886  -2523.3727331629170     
        1887  -2536.9007206245496     
        1888  -2576.2269327368031     
        1889  -2588.2558049249992     
        1890  -2563.5618857494856     
        1891  -2555.9411096630679     
        1892  -2572.8831683422372     
        1893  -2524.3572665201068     
        1894  -2546.3329478086853     
        1895  -2503.0365222450118     
        1896  -2535.5110234845638     
        1897  -2533.8853559905019     
        1898  -2563.1091395400786     
        1899  -2510.9578332926044     
        1900  -2490.3100228572939     
        1901  -2504.4704422171649     
        1902  -2487.3782372292526     
        1903  -2516.9304745215827     
        1904  -2507.4083986491501     
        1905  -2443.2457197009894     
        1906  -2480.6472492669386     
        1907  -2485.1425985544552     
        1908  -2521.8197514555695     
        1909  -2448.1737557870501     
        1910  -2459.2806564081561     
        1911  -2535.8300296266889     
        1912  -2511.8158753631069     
        1913  -2535.1499299712432     
        1914  -2529.5268565689662     
        1915  -2545.6997833565761     
        1916  -2576.0359345925726     
        1917  -2554.2006904790305     
        1918  -2530.4646134232789     
        1919  -2500.3301619684225     
        1920  -2439.9994948869462     
        1921  -2483.8483821857903     
        1922  -2498.7085587761335     
        1923  -2470.7090787907846     
        1924  -2570.6198563192111     
        1925  -2575.3938772075344     
        1926  -2576.6813408408029     
        1927  -2573.1491951848357     
        1928  -2586.6703212710677     
        1929  -2619.6416318227216     
        1930  -2603.9471356593936     
        1931  -2525.7776578341013     
        1932  -2582.3011622664103     
        1933  -2614.0716814179309     
        1934  -2493.9536570536311     
        1935  -2497.7453913521681     
        1936  -2559.1038552252753     
        1937  -2569.8814923946093     
        1938  -2617.3793378297946     
        1939  -2610.0314011096384     
        1940  -2541.8707752329128     
        1941  -2534.9757639828817     
        1942  -2535.2463531237436     
        1943  -2562.8806942123501     
        1944  -2592.4744999155150     
        1945  -2556.7250059800022     
        1946  -2613.9860337129544     
        1947  -2648.6405727718616     
        1948  -2659.4324087281348     
        1949  -2644.3223828566061     
        1950  -2573.5743644982117     
        1951  -2573.4148951866591     
        1952  -2608.9964119246088     
        1953  -2611.2341191048963     
        1954  -2639.0604097254450     
        1955  -2625.8179600047624     
        1956  -2615.7365307016635     
        1957  -2577.5901028037524     
        1958  -2572.9378900612337     
        1959  -2551.6514845835836     
        1960  -2532.7213019272558     
        1961  -2547.4621232842815     
        1962  -2547.9133260116337     
        1963  -2465.0785034778060     
        1964  -2533.2679307329990     
        1965  -2539.1600404380019     
        1966  -2521.8098529298231     
        1967  -2495.6625900180952     
        1968  -2517.6897817084218     
        1969  -2535.9123050764847     
        1970  -2571.7993943083520     
        1971  -2565.2744599086927     
        1972  -2514.2274192705568     
        1973  -2511.1966637249002     
        1974  -2598.5317859427223     
        1975  -2581.9623436897532     
        1976  -2539.0955713429075     
        1977  -2490.0928844529999     
        1978  -2488.3613410240096     
        1979  -2476.0364626562641     
        1980  -2495.7644896621432     
        1981  -2488.4498006138697     
        1982  -2490.7780392474324     
        1983  -2538.8167618586572     
        1984  -2557.6725763970899     
        1985  -2517.4445483068043     
        1986  -2582.9535882408054     
        1987  -2605.7234043628018     
        1988  -2598.0451368679069     
        1989  -2595.0079009649189     
        1990  -2570.5703928403168     
        1991  -2554.1750648671050     
        1992  -2592.0964234757289     
        1993  -2574.9117538276209     
        1994  -2577.0418466242540     
        1995  -2554.3899096310406     
        1996  -2608.0799343931435     
        1997  -2602.7117592487107     
        1998  -2569.3394373648575     
        1999  -2549.4344865768799     
        2000  -2531.3755207560898     
