 SAMPLE,  ENERGY
           1  -2495.0888209628715     
           2  -2495.9809522170158     
           3  -2447.4997544935327     
           4  -2434.1124994536167     
           5  -2476.3660974674563     
           6  -2444.5176677980648     
           7  -2478.9036840929975     
           8  -2457.5732002963000     
           9  -2485.4834381980827     
          10  -2465.9686931994625     
          11  -2425.0864914221797     
          12  -2452.5022823531995     
          13  -2448.3648368683462     
          14  -2438.7138239920805     
          15  -2453.2879404475143     
          16  -2423.3498135646792     
          17  -2439.4808414244867     
          18  -2460.7790856286183     
          19  -2455.0531881497404     
          20  -2466.7123573067761     
          21  -2476.2851748359312     
          22  -2462.1729305634944     
          23  -2484.9623095202146     
          24  -2489.0137681414571     
          25  -2493.2458771427141     
          26  -2455.8153280929841     
          27  -2450.8396569070137     
          28  -2430.6328302969091     
          29  -2487.2422382587588     
          30  -2516.1457486707864     
          31  -2534.9022718782167     
          32  -2530.7027940813709     
          33  -2507.5539595559703     
          34  -2456.6178460526448     
          35  -2471.9412385719097     
          36  -2478.4404025835588     
          37  -2438.3479336537075     
          38  -2483.5394090170321     
          39  -2505.8173200576425     
          40  -2486.0079601876550     
          41  -2516.7127026773078     
          42  -2493.7574436414111     
          43  -2439.1041288592314     
          44  -2411.9528693479019     
          45  -2481.2749158254796     
          46  -2473.5651045847708     
          47  -2466.3618929590657     
          48  -2516.8042651519672     
          49  -2519.9697087548980     
          50  -2496.6442812138666     
          51  -2472.6747777025221     
          52  -2489.7115924109576     
          53  -2398.9254611365773     
          54  -2441.7826373188577     
          55  -2454.2313119854748     
          56  -2472.2696320123514     
          57  -2462.1688535049320     
          58  -2433.1159243434995     
          59  -2412.7596448416675     
          60  -2448.1282868802709     
          61  -2449.4840122926907     
          62  -2494.7960603521078     
          63  -2511.2160235251504     
          64  -2440.7111159632504     
          65  -2442.6188401619352     
          66  -2429.8668513932307     
          67  -2447.3919044571580     
          68  -2401.0543184289836     
          69  -2459.6765177816806     
          70  -2480.0808556776665     
          71  -2488.4939728234554     
          72  -2436.9751006339870     
          73  -2435.9896374915998     
          74  -2432.7552259495142     
          75  -2435.4654939889224     
          76  -2432.4467324077896     
          77  -2454.8192060663750     
          78  -2425.9512591785442     
          79  -2418.8261530184745     
          80  -2388.1761077388974     
          81  -2478.3997602504305     
          82  -2492.3572639097674     
          83  -2474.4025562895295     
          84  -2463.0804675100799     
          85  -2401.7947300346432     
          86  -2432.9529834212826     
          87  -2476.3053997951679     
          88  -2433.6107227127654     
          89  -2440.7070439689987     
          90  -2416.9590951009814     
          91  -2463.1609770999203     
          92  -2466.5772618673495     
          93  -2492.0246761188300     
          94  -2493.8464804957694     
          95  -2446.4157719490900     
          96  -2411.4408770558312     
          97  -2434.1994252175987     
          98  -2403.7615529053096     
          99  -2450.4552329273902     
         100  -2469.0159445028398     
         101  -2418.6233356682715     
         102  -2448.2999611877381     
         103  -2432.9578911745029     
         104  -2497.5694350221720     
         105  -2465.4548320284616     
         106  -2467.6705862338627     
         107  -2446.8444938362318     
         108  -2486.6713075854027     
         109  -2508.0611268949651     
         110  -2505.5394936543453     
         111  -2520.6546555796094     
         112  -2508.5810454739662     
         113  -2504.2541070358898     
         114  -2522.3535006904822     
         115  -2488.1973524015302     
         116  -2483.0310498038375     
         117  -2434.9481820628848     
         118  -2436.0340146543872     
         119  -2468.4600995818655     
         120  -2518.1904252810778     
         121  -2539.1590619251979     
         122  -2521.0839151116497     
         123  -2562.1753642986305     
         124  -2536.0053452336124     
         125  -2524.3284299302773     
         126  -2476.1320576973335     
         127  -2531.8585157990528     
         128  -2510.1449567231434     
         129  -2474.8769823535181     
         130  -2454.3917603537957     
         131  -2443.9045213089266     
         132  -2499.5652763693374     
         133  -2481.6421360541899     
         134  -2443.4746954697716     
         135  -2452.8640508412991     
         136  -2449.7651813165953     
         137  -2420.3509659893398     
         138  -2439.2212276767759     
         139  -2460.2569858475576     
         140  -2474.3134899191073     
         141  -2473.8384430814640     
         142  -2419.5838922262787     
         143  -2436.5485899549426     
         144  -2457.8515694168291     
         145  -2540.1969244297725     
         146  -2483.2882732568814     
         147  -2443.4694403677204     
         148  -2438.5242676307848     
         149  -2424.3213899316365     
         150  -2491.7346787469273     
         151  -2476.0601471969544     
         152  -2485.0319221398695     
         153  -2499.1440161605515     
         154  -2528.0206555527407     
         155  -2478.0622850053892     
         156  -2514.3420902485400     
         157  -2471.4529835659087     
         158  -2494.4736919202792     
         159  -2458.4797511346546     
         160  -2483.1512496117766     
         161  -2534.8831849143035     
         162  -2470.7449698389191     
         163  -2496.2167492113736     
         164  -2475.6403905730140     
         165  -2462.3133914841269     
         166  -2451.7650683777074     
         167  -2488.5414930808811     
         168  -2474.6246412312880     
         169  -2472.3290568066768     
         170  -2498.4741246370036     
         171  -2523.0614864791037     
         172  -2484.2221217570877     
         173  -2442.8531665731357     
         174  -2471.1677293299826     
         175  -2441.3962926874979     
         176  -2471.8515611139669     
         177  -2471.6893869557152     
         178  -2488.7168094796052     
         179  -2488.7939685641422     
         180  -2516.1854532543930     
         181  -2509.6938346489615     
         182  -2503.7613223325407     
         183  -2530.2357361704949     
         184  -2496.4517382057275     
         185  -2525.0763993135220     
         186  -2517.8918227551312     
         187  -2489.1925821574046     
         188  -2527.7015423890448     
         189  -2507.0847450213832     
         190  -2510.6748566438791     
         191  -2479.0210105523183     
         192  -2493.5896652570100     
         193  -2508.4578542603690     
         194  -2498.1607948379119     
         195  -2504.6988965319474     
         196  -2479.7526941108467     
         197  -2448.7965646925272     
         198  -2418.9861970796210     
         199  -2454.1351452139406     
         200  -2474.7781638619444     
         201  -2445.2999147047235     
         202  -2447.8367295539870     
         203  -2453.2723058470106     
         204  -2431.9142334048606     
         205  -2467.1095271948338     
         206  -2474.7345592868960     
         207  -2447.3300612331223     
         208  -2468.0339164681936     
         209  -2463.6660183035101     
         210  -2494.3160379087212     
         211  -2478.5924964704127     
         212  -2498.1668003949094     
         213  -2512.4150864881767     
         214  -2516.5146077409800     
         215  -2529.2044589369420     
         216  -2518.0218885378708     
         217  -2494.8094767505668     
         218  -2468.5652030552446     
         219  -2471.3807428122068     
         220  -2472.2842625019134     
         221  -2491.0558472129514     
         222  -2527.4912333100383     
         223  -2509.3211758322100     
         224  -2498.4705640725124     
         225  -2503.1218891086064     
         226  -2493.3036038921764     
         227  -2485.2760345479978     
         228  -2499.2690737737830     
         229  -2518.3076511560294     
         230  -2546.7655496000343     
         231  -2546.3771468802483     
         232  -2549.3669280025215     
         233  -2552.9762577930910     
         234  -2521.1082620117718     
         235  -2513.9586720067418     
         236  -2534.3900040744888     
         237  -2555.4165537895201     
         238  -2503.4970873785069     
         239  -2524.6466547630416     
         240  -2535.7650631034007     
         241  -2501.5281195506359     
         242  -2593.4950167377019     
         243  -2566.2994756901544     
         244  -2554.5334052440980     
         245  -2561.8376412898456     
         246  -2569.9993905456004     
         247  -2540.0117901750773     
         248  -2586.1037066507824     
         249  -2526.8243465555365     
         250  -2486.9706622316626     
         251  -2496.7846729788557     
         252  -2564.7513335025374     
         253  -2566.6199943771458     
         254  -2550.5009216891781     
         255  -2507.1310013476859     
         256  -2500.5610556711144     
         257  -2571.6874610789478     
         258  -2574.4428392916780     
         259  -2528.2930036160933     
         260  -2559.8195128909638     
         261  -2508.1096551061623     
         262  -2530.6835713153814     
         263  -2549.6594893035335     
         264  -2524.4144323484288     
         265  -2502.3656157276860     
         266  -2495.5161724435748     
         267  -2500.6007937781083     
         268  -2496.7243311987336     
         269  -2495.0952275415129     
         270  -2499.0699556316299     
         271  -2472.0992636997216     
         272  -2489.0245741055469     
         273  -2487.1589492795829     
         274  -2506.1600189829369     
         275  -2404.0081809342842     
         276  -2467.9374864088795     
         277  -2503.8267961359547     
         278  -2486.2896597247673     
         279  -2515.3369938233982     
         280  -2523.6077333732724     
         281  -2521.3144720630012     
         282  -2498.3723611905793     
         283  -2543.0363053202382     
         284  -2547.0121758354449     
         285  -2519.2367173013449     
         286  -2501.2546783898370     
         287  -2514.4727929385176     
         288  -2482.8289693870083     
         289  -2550.4022451676442     
         290  -2502.9224614634127     
         291  -2511.3103655309246     
         292  -2488.2383737986593     
         293  -2467.1538604810148     
         294  -2454.6981802842729     
         295  -2434.4154926074439     
         296  -2465.3875674446708     
         297  -2433.4240678247802     
         298  -2477.0847186070400     
         299  -2449.1638031542761     
         300  -2458.5894198935457     
         301  -2501.1260539338414     
         302  -2532.7394296181119     
         303  -2475.7635049246283     
         304  -2474.7436039061577     
         305  -2506.0358700628071     
         306  -2523.7112728868310     
         307  -2516.0321247858292     
         308  -2496.1535203292678     
         309  -2511.0125184390449     
         310  -2470.8075849850729     
         311  -2494.4408872306826     
         312  -2507.6883449315660     
         313  -2519.9563906607359     
         314  -2509.2812901479952     
         315  -2517.0616664500280     
         316  -2522.8221576922001     
         317  -2525.1248205736688     
         318  -2552.6645033696227     
         319  -2548.2571286791467     
         320  -2541.8969503303524     
         321  -2546.2149359898358     
         322  -2544.3003196574741     
         323  -2529.0020725524205     
         324  -2499.8505132111700     
         325  -2495.2251663497773     
         326  -2509.6681122190107     
         327  -2444.5697550023824     
         328  -2510.2924081602364     
         329  -2494.4127814104863     
         330  -2473.1692248574559     
         331  -2484.6397000094930     
         332  -2496.7689964048923     
         333  -2488.9451803763081     
         334  -2479.7522131199948     
         335  -2496.5884022211121     
         336  -2497.3425280932829     
         337  -2498.5990443980750     
         338  -2481.1833686838941     
         339  -2512.4476195034617     
         340  -2510.0387034586333     
         341  -2533.8052304924468     
         342  -2487.0703664310449     
         343  -2485.9271127094257     
         344  -2464.6803348978888     
         345  -2521.3965558846703     
         346  -2563.4944459228664     
         347  -2547.3623692385750     
         348  -2549.7736040252212     
         349  -2561.7582915826856     
         350  -2573.7656054511613     
         351  -2597.9353577688748     
         352  -2558.0409924334945     
         353  -2564.4389179946074     
         354  -2595.9096245963847     
         355  -2599.2295904318839     
         356  -2562.1270686100911     
         357  -2566.1221664436252     
         358  -2561.7634079912755     
         359  -2531.7332509266021     
         360  -2521.3739149236162     
         361  -2572.0687924187723     
         362  -2548.6153253422253     
         363  -2509.0754743399680     
         364  -2477.9928270048763     
         365  -2499.4156245546560     
         366  -2516.3925012967579     
         367  -2497.7178690519231     
         368  -2559.7008372541791     
         369  -2499.8999181137588     
         370  -2478.5276513428357     
         371  -2478.6358759356299     
         372  -2482.0393606717116     
         373  -2509.7317046206781     
         374  -2567.3230188769326     
         375  -2541.2192417518222     
         376  -2549.6277731714213     
         377  -2513.5012518915260     
         378  -2541.0260087887436     
         379  -2529.9995249537428     
         380  -2555.2379116343668     
         381  -2575.7481912453663     
         382  -2579.3543063509192     
         383  -2537.1541048153367     
         384  -2511.4830797119712     
         385  -2543.2175621873744     
         386  -2533.7053958887545     
         387  -2484.6400935022189     
         388  -2471.6039800718750     
         389  -2477.7288758905529     
         390  -2510.3627978091995     
         391  -2506.7157451753847     
         392  -2469.1653682305114     
         393  -2492.8529087529873     
         394  -2514.0473807735680     
         395  -2505.5709922468777     
         396  -2466.3453068188728     
         397  -2468.2403127285520     
         398  -2439.3330832971865     
         399  -2498.8167459503684     
         400  -2481.5109032031346     
         401  -2500.0904970727638     
         402  -2501.6324392595525     
         403  -2500.6068269802604     
         404  -2507.1832552597311     
         405  -2434.6637466610518     
         406  -2480.3121288160237     
         407  -2488.7542646029883     
         408  -2513.4709290055475     
         409  -2545.8972378445064     
         410  -2473.2773460611820     
         411  -2458.7383792063492     
         412  -2419.7919326619262     
         413  -2526.1398256263783     
         414  -2520.2075064522360     
         415  -2505.4521826153141     
         416  -2483.3010590342615     
         417  -2438.1818838585550     
         418  -2504.8732647237953     
         419  -2518.2238241143987     
         420  -2480.0248109946433     
         421  -2495.5370067380682     
         422  -2512.9653255262356     
         423  -2512.1565403337008     
         424  -2487.7297070731538     
         425  -2475.7683550269667     
         426  -2499.3812937598022     
         427  -2512.4473790657867     
         428  -2448.3378522589260     
         429  -2484.9181246524809     
         430  -2521.4170366632870     
         431  -2510.7467274263790     
         432  -2541.3417461142312     
         433  -2503.1729086543764     
         434  -2462.9843425556014     
         435  -2467.3729069916503     
         436  -2444.5917798788673     
         437  -2434.0025730910015     
         438  -2449.6659734818472     
         439  -2507.8213858570607     
         440  -2531.9587124476097     
         441  -2514.6617904504333     
         442  -2489.6905660065504     
         443  -2516.0809638457063     
         444  -2511.1163383161488     
         445  -2523.4149132045104     
         446  -2526.7526889891187     
         447  -2490.7948736771036     
         448  -2477.7551996644743     
         449  -2532.7887721243942     
         450  -2490.8939278789999     
         451  -2504.8515201575860     
         452  -2479.0774678689399     
         453  -2517.9975806290722     
         454  -2520.5117341570376     
         455  -2535.5358100546982     
         456  -2508.2232736649789     
         457  -2482.8861715414323     
         458  -2455.9533672767161     
         459  -2432.1427556393382     
         460  -2497.3650205284753     
         461  -2478.0179505733067     
         462  -2495.1112086809130     
         463  -2499.2761547271771     
         464  -2523.8695064280914     
         465  -2493.4745334663066     
         466  -2427.9026540765494     
         467  -2443.1722100660090     
         468  -2527.7015707058704     
         469  -2529.3214872154058     
         470  -2551.5835135895691     
         471  -2515.1373772458337     
         472  -2528.7535748155815     
         473  -2528.8824295765562     
         474  -2517.9233374227124     
         475  -2491.3251354876629     
         476  -2463.4111067688218     
         477  -2471.4369960164868     
         478  -2491.7365617054393     
         479  -2467.2632078375896     
         480  -2496.4247567052289     
         481  -2518.6852603089128     
         482  -2513.5759460777681     
         483  -2487.0674506959604     
         484  -2483.3717755701350     
         485  -2522.4571377447060     
         486  -2532.4994833752871     
         487  -2547.8159418671244     
         488  -2540.5733527338034     
         489  -2538.0227334690712     
         490  -2502.0835815868709     
         491  -2480.4989859081461     
         492  -2447.4527100600726     
         493  -2433.0576607969824     
         494  -2463.8870039638914     
         495  -2508.9003543900394     
         496  -2497.9678174029373     
         497  -2505.2046180084367     
         498  -2529.2822675971333     
         499  -2505.3605634532419     
         500  -2497.6842508443906     
         501  -2519.0809031516828     
         502  -2460.8818104830634     
         503  -2492.4454035450567     
         504  -2491.3800916504551     
         505  -2499.2981662031862     
         506  -2537.4955095412965     
         507  -2539.5831568487361     
         508  -2525.9872227577698     
         509  -2553.0278192819869     
         510  -2571.6570147323055     
         511  -2531.5598845819732     
         512  -2509.3731585034020     
         513  -2409.3259597261508     
         514  -2480.8979014079223     
         515  -2459.0801200490691     
         516  -2482.7247773473823     
         517  -2537.3433323845879     
         518  -2514.8284194573903     
         519  -2498.4851934012199     
         520  -2449.3245042994013     
         521  -2475.3289113921801     
         522  -2474.1396676774029     
         523  -2450.4601031571046     
         524  -2470.8338002416672     
         525  -2459.6729518527791     
         526  -2443.7453194513632     
         527  -2443.1356768043738     
         528  -2464.3125039613956     
         529  -2442.6318762235924     
         530  -2477.2638684576254     
         531  -2481.9567196080875     
         532  -2489.2518212556888     
         533  -2507.6164514071802     
         534  -2492.9742165527432     
         535  -2439.8628395371957     
         536  -2440.4092620591832     
         537  -2525.3126033270000     
         538  -2487.2583701409362     
         539  -2519.3860773593910     
         540  -2507.4346358653856     
         541  -2463.3824330043567     
         542  -2469.4152861205430     
         543  -2497.7384413366185     
         544  -2521.3569075510022     
         545  -2503.5436239432970     
         546  -2479.2881510564580     
         547  -2465.7819203657132     
         548  -2482.4173827974591     
         549  -2426.7971780236362     
         550  -2494.5824030288127     
         551  -2449.9376811898592     
         552  -2484.7232581017920     
         553  -2519.1398885642416     
         554  -2513.4194149606105     
         555  -2526.3714715827136     
         556  -2534.1187226256952     
         557  -2519.5549711704889     
         558  -2540.9252574169154     
         559  -2498.6299842733843     
         560  -2497.4663328589186     
         561  -2508.5896915298099     
         562  -2486.0088745207936     
         563  -2494.3416122704998     
         564  -2486.7864791759716     
         565  -2483.6663962857015     
         566  -2421.0885803572837     
         567  -2458.4429718392867     
         568  -2511.1089982921067     
         569  -2493.4032839179945     
         570  -2478.5629708748506     
         571  -2493.9533241041840     
         572  -2503.4311622930377     
         573  -2513.7006938437407     
         574  -2492.7718732862913     
         575  -2462.2218294092791     
         576  -2537.4952147153585     
         577  -2489.4184295978566     
         578  -2489.4318389298983     
         579  -2507.6305605016687     
         580  -2518.7359930091466     
         581  -2543.0314243044695     
         582  -2534.2241009944237     
         583  -2517.6532778694700     
         584  -2534.7669440005370     
         585  -2518.9419843291921     
         586  -2529.0854374246774     
         587  -2491.7060514947229     
         588  -2468.9059488132762     
         589  -2501.9193649128042     
         590  -2548.6631302839269     
         591  -2558.5803132370233     
         592  -2543.1435364420140     
         593  -2527.4235484017013     
         594  -2514.2387630620265     
         595  -2516.2736872871365     
         596  -2515.5828599689075     
         597  -2517.1322629545089     
         598  -2518.2451432128087     
         599  -2508.9206607679216     
         600  -2543.6136448833468     
         601  -2545.6659242684777     
         602  -2495.8432054570944     
         603  -2533.9849790481526     
         604  -2520.8758274674155     
         605  -2548.6789858821303     
         606  -2491.7786137213834     
         607  -2509.3862790745789     
         608  -2513.1462641676085     
         609  -2530.4055405451531     
         610  -2489.4356425735455     
         611  -2501.7778231708885     
         612  -2540.1685976094691     
         613  -2513.7272568616700     
         614  -2532.4297819843732     
         615  -2540.0100288816338     
         616  -2552.1658835108228     
         617  -2492.0581206443576     
         618  -2521.4944818139561     
         619  -2533.3751082610729     
         620  -2550.8864752194004     
         621  -2515.7678953811564     
         622  -2521.1550728123134     
         623  -2512.3798696351932     
         624  -2552.1032624406034     
         625  -2573.4773807498823     
         626  -2554.6091924334987     
         627  -2549.8074158676095     
         628  -2499.3078176082863     
         629  -2524.7953537985081     
         630  -2549.5342274112454     
         631  -2566.8259397079873     
         632  -2536.9228279951385     
         633  -2533.8469382891185     
         634  -2624.4459482230973     
         635  -2551.6356795759348     
         636  -2557.4812772442920     
         637  -2556.7497599309636     
         638  -2529.8128268100322     
         639  -2487.5114390148719     
         640  -2436.3634570498443     
         641  -2453.0999289625302     
         642  -2547.8289320094623     
         643  -2541.2624727303883     
         644  -2541.7749495420480     
         645  -2585.2035660716797     
         646  -2524.0021541116785     
         647  -2481.2791060426880     
         648  -2528.7399312719067     
         649  -2573.9028308127481     
         650  -2587.1475897720816     
         651  -2584.3921698165304     
         652  -2586.9633684517439     
         653  -2565.9889339341548     
         654  -2518.5449875456861     
         655  -2579.1183407706417     
         656  -2549.2414322886825     
         657  -2497.7758468220063     
         658  -2476.6282383117691     
         659  -2438.4041936024078     
         660  -2474.2042627274850     
         661  -2495.2197371785373     
         662  -2515.4275907915917     
         663  -2465.8754129272279     
         664  -2493.4433018326158     
         665  -2518.5683352344745     
         666  -2477.8668667117495     
         667  -2473.5607046739779     
         668  -2497.2643374439522     
         669  -2522.3062724829924     
         670  -2458.3871246297526     
         671  -2511.6336191047867     
         672  -2542.9542159140392     
         673  -2536.5369923008584     
         674  -2529.6638548804481     
         675  -2506.1471207849145     
         676  -2514.9106828239906     
         677  -2507.2024765177575     
         678  -2502.3555437770606     
         679  -2460.8897068081396     
         680  -2516.1898281523981     
         681  -2503.8045662576519     
         682  -2470.9104103091513     
         683  -2510.8788122319916     
         684  -2492.3156422547240     
         685  -2450.6474556617891     
         686  -2468.9625246934193     
         687  -2535.6872031235962     
         688  -2501.0084902800190     
         689  -2504.9746648925216     
         690  -2519.5626447945979     
         691  -2456.9024606086650     
         692  -2451.9148119006904     
         693  -2452.1932327123745     
         694  -2446.4827120023656     
         695  -2465.8375591154204     
         696  -2481.8889144186678     
         697  -2477.2240341908032     
         698  -2475.3561997217571     
         699  -2498.4925947409083     
         700  -2494.3615419632597     
         701  -2484.4094284993516     
         702  -2465.1256102992179     
         703  -2474.4442068437193     
         704  -2425.9550105846311     
         705  -2442.9286881348357     
         706  -2423.8286491865811     
         707  -2401.5099957300858     
         708  -2453.7949018970648     
         709  -2507.2365152382695     
         710  -2472.2977987229110     
         711  -2438.7090094037094     
         712  -2452.6966847525509     
         713  -2458.6919249249013     
         714  -2451.6459632592723     
         715  -2506.6103870513139     
         716  -2527.5755732616431     
         717  -2433.1797023171871     
         718  -2501.9873461994548     
         719  -2504.3506150308763     
         720  -2519.5584320592616     
         721  -2488.3619697551326     
         722  -2479.3049345149598     
         723  -2526.7720582397169     
         724  -2558.8464186923547     
         725  -2569.7317696614882     
         726  -2556.3237026480033     
         727  -2567.4545564164764     
         728  -2527.1474930083696     
         729  -2477.2554408155324     
         730  -2508.1569213764610     
         731  -2498.9808058489116     
         732  -2532.3923079668475     
         733  -2555.7876916799414     
         734  -2586.3843430341208     
         735  -2515.4216534970810     
         736  -2547.9700350178168     
         737  -2549.3445483078440     
         738  -2505.8615370555835     
         739  -2521.0282716389170     
         740  -2559.5603502999152     
         741  -2541.7570394667441     
         742  -2488.6843262250100     
         743  -2504.5753158632069     
         744  -2494.9416412027354     
         745  -2501.2988218493751     
         746  -2473.9454088155353     
         747  -2503.1026773138824     
         748  -2480.8912397370736     
         749  -2475.8504476975559     
         750  -2484.4572784288939     
         751  -2491.0900813287130     
         752  -2519.1540206935424     
         753  -2485.2837704917833     
         754  -2471.7699851820994     
         755  -2467.0061684792959     
         756  -2507.9438190029728     
         757  -2542.5308841709993     
         758  -2573.6181576612012     
         759  -2538.5289271354281     
         760  -2496.6043548402190     
         761  -2473.0051128890259     
         762  -2455.4908774483697     
         763  -2473.7567703487425     
         764  -2467.1928748632354     
         765  -2532.2850848238459     
         766  -2483.2980455356787     
         767  -2484.0128550343284     
         768  -2463.6615728894799     
         769  -2456.7916296730345     
         770  -2444.4846599374846     
         771  -2397.2058138495117     
         772  -2424.3472169884267     
         773  -2454.6804775409623     
         774  -2435.6600613395685     
         775  -2441.3150214131301     
         776  -2454.9517986514466     
         777  -2463.9990409277266     
         778  -2425.4941107579525     
         779  -2444.1829704082097     
         780  -2448.5801424636375     
         781  -2473.4119527909215     
         782  -2459.3257584630805     
         783  -2460.9733013144364     
         784  -2435.9669335157946     
         785  -2391.1651802778952     
         786  -2382.7625828791206     
         787  -2398.7075705017232     
         788  -2454.1325163444935     
         789  -2489.6441592781252     
         790  -2429.1487295663278     
         791  -2401.5506364877888     
         792  -2452.6538514370704     
         793  -2437.1150957113318     
         794  -2411.3784302626214     
         795  -2373.4419321865348     
         796  -2384.5879999609379     
         797  -2375.2458935148770     
         798  -2356.0604131839200     
         799  -2375.1014723846001     
         800  -2383.4381761677419     
         801  -2386.8435662011484     
         802  -2408.6687655582514     
         803  -2406.2221845425443     
         804  -2431.8825330390573     
         805  -2404.2001247555186     
         806  -2443.5137347918267     
         807  -2491.2691906630412     
         808  -2456.4099531030183     
         809  -2465.7325699566240     
         810  -2460.8734575563008     
         811  -2508.6176113350543     
         812  -2491.1961197310675     
         813  -2479.0154297030740     
         814  -2457.0426941334322     
         815  -2437.0286560172376     
         816  -2433.5716324646587     
         817  -2407.3936114584953     
         818  -2448.1199391826926     
         819  -2431.0521225437728     
         820  -2460.2273936499346     
         821  -2508.2774908316319     
         822  -2512.3147826123482     
         823  -2503.6426831337471     
         824  -2476.6978149245247     
         825  -2484.0031953577873     
         826  -2474.3615779864454     
         827  -2428.9167456828686     
         828  -2435.3086398677306     
         829  -2464.9484164801693     
         830  -2447.1520741596846     
         831  -2464.0765364512945     
         832  -2409.8269788663792     
         833  -2373.1955185920301     
         834  -2435.3807142343394     
         835  -2414.0153546466408     
         836  -2436.3428453823622     
         837  -2407.7744861188171     
         838  -2383.5082506656745     
         839  -2419.7325523472555     
         840  -2446.2252581331304     
         841  -2460.8815336409812     
         842  -2462.0564238311817     
         843  -2462.2710302597511     
         844  -2441.8867613616644     
         845  -2446.7153591544520     
         846  -2492.4899619766902     
         847  -2510.9570396023723     
         848  -2477.0478964442314     
         849  -2492.7621986364297     
         850  -2460.5627176704638     
         851  -2490.4419678245467     
         852  -2488.0663397021831     
         853  -2500.9348791578877     
         854  -2524.1054947029720     
         855  -2469.8764713792984     
         856  -2479.9928804951428     
         857  -2516.9569909038432     
         858  -2529.7161808994579     
         859  -2473.3851053146091     
         860  -2480.5996657876867     
         861  -2445.8891495739244     
         862  -2469.4603972362365     
         863  -2494.9291090697393     
         864  -2458.3583798794093     
         865  -2494.0436549159526     
         866  -2457.8359511889657     
         867  -2435.9877220572298     
         868  -2455.7531246203362     
         869  -2523.8107195707371     
         870  -2525.6222733653431     
         871  -2531.6250237757295     
         872  -2510.7469568277593     
         873  -2512.5234146736534     
         874  -2462.1748947429983     
         875  -2488.5731788164753     
         876  -2466.3325302420758     
         877  -2444.3561523292028     
         878  -2457.4184392168886     
         879  -2454.9340984443247     
         880  -2393.8580310355405     
         881  -2407.1460485144385     
         882  -2381.4774057115656     
         883  -2450.0838806391016     
         884  -2437.7253007856398     
         885  -2415.6110835995114     
         886  -2442.7153850626228     
         887  -2422.6223663955648     
         888  -2416.8397680576954     
         889  -2421.2351701197931     
         890  -2413.4635110510458     
         891  -2415.6422176680330     
         892  -2476.9042353560194     
         893  -2466.9633679808780     
         894  -2470.9540741763931     
         895  -2486.8556421731969     
         896  -2487.3799476312397     
         897  -2452.2648475472688     
         898  -2475.5005401870558     
         899  -2520.2838616331564     
         900  -2548.7568076228663     
         901  -2523.6347354955155     
         902  -2531.5302410289405     
         903  -2515.5923310316821     
         904  -2500.9885981250527     
         905  -2540.6842115791974     
         906  -2538.4638256052945     
         907  -2478.8340689543952     
         908  -2502.5638783602544     
         909  -2493.7268746160998     
         910  -2491.5388665638629     
         911  -2509.1346958642948     
         912  -2495.2419295798386     
         913  -2487.0080347845415     
         914  -2450.2371691302824     
         915  -2485.3779034599024     
         916  -2491.9829103857519     
         917  -2458.5283294647320     
         918  -2475.9091047685656     
         919  -2489.7133609773564     
         920  -2522.0102702957633     
         921  -2501.3925453886500     
         922  -2460.4065527819871     
         923  -2427.0747718492617     
         924  -2459.4312717459015     
         925  -2501.5322694123961     
         926  -2480.3502115120014     
         927  -2431.3433623585993     
         928  -2442.1197874831414     
         929  -2472.0044456692035     
         930  -2514.1316025298333     
         931  -2520.6097471763724     
         932  -2531.3229452190144     
         933  -2488.0297380218863     
         934  -2533.9117372924675     
         935  -2542.7129946675009     
         936  -2560.4007288166363     
         937  -2547.4067788207008     
         938  -2455.6113021392912     
         939  -2480.3872333194813     
         940  -2508.6442866025600     
         941  -2521.6561581124975     
         942  -2523.2190144457454     
         943  -2543.9264313268559     
         944  -2492.6802613814075     
         945  -2476.5801360939263     
         946  -2517.7769327836986     
         947  -2509.4203248396866     
         948  -2503.8967137184522     
         949  -2549.2056327916339     
         950  -2523.8033066146245     
         951  -2448.5852667064278     
         952  -2450.5588258708458     
         953  -2490.3607281124009     
         954  -2510.8435952790683     
         955  -2553.9959355171995     
         956  -2548.4960657945089     
         957  -2532.0889396932639     
         958  -2506.3519427003594     
         959  -2543.5518409081992     
         960  -2545.1045847534178     
         961  -2522.9782659828129     
         962  -2424.4812331948860     
         963  -2503.3908001367868     
         964  -2515.8098951224356     
         965  -2510.3558967292643     
         966  -2494.6051466022482     
         967  -2456.6474381621574     
         968  -2469.1676709745661     
         969  -2502.7637285597248     
         970  -2517.7544539342839     
         971  -2526.5955466176733     
         972  -2488.7812722637118     
         973  -2505.2433057573094     
         974  -2500.1836298482226     
         975  -2474.4484349905501     
         976  -2455.5042509582540     
         977  -2492.5434145691902     
         978  -2552.0664689213645     
         979  -2528.5349927108805     
         980  -2479.3663689554169     
         981  -2513.5254649373410     
         982  -2520.5473484800405     
         983  -2554.7659899386790     
         984  -2556.8486787269735     
         985  -2550.9294773671286     
         986  -2561.0256002635383     
         987  -2563.2636743057374     
         988  -2537.5118185314122     
         989  -2543.1055936312259     
         990  -2538.3342681741888     
         991  -2522.3584316954452     
         992  -2562.2216911621704     
         993  -2537.0626370891364     
         994  -2556.9592393482358     
         995  -2548.5931708454154     
         996  -2527.9497402517468     
         997  -2523.6557055178928     
         998  -2542.0338203881997     
         999  -2591.4829243438940     
        1000  -2554.6797280800542     
        1001  -2551.8319075218251     
        1002  -2525.9700286148382     
        1003  -2547.2703510364977     
        1004  -2534.1279642767527     
        1005  -2549.9920594146993     
        1006  -2550.0784802220096     
        1007  -2572.0024767962705     
        1008  -2613.9035651515501     
        1009  -2567.7267036202461     
        1010  -2551.5332553588250     
        1011  -2545.8169622815212     
        1012  -2510.3631050137747     
        1013  -2516.3869359945475     
        1014  -2583.5459921373222     
        1015  -2586.8598853709623     
        1016  -2564.0768420855147     
        1017  -2506.1569490583433     
        1018  -2538.4042844341529     
        1019  -2490.9958737815350     
        1020  -2522.6830710549507     
        1021  -2560.5372933239846     
        1022  -2544.1094523385000     
        1023  -2530.6983873050808     
        1024  -2475.7205813978726     
        1025  -2503.7366167688351     
        1026  -2496.9810448520452     
        1027  -2477.7121534789494     
        1028  -2478.3394755200334     
        1029  -2539.3591554882328     
        1030  -2463.5964771057979     
        1031  -2505.5819309510352     
        1032  -2459.9281859456314     
        1033  -2417.5131297374774     
        1034  -2506.8883043061182     
        1035  -2516.8321389474891     
        1036  -2470.7483266015192     
        1037  -2503.1159936713552     
        1038  -2516.9014228150436     
        1039  -2494.2717713404545     
        1040  -2493.1993760355240     
        1041  -2517.6433915917673     
        1042  -2516.0066787079149     
        1043  -2506.2381356112442     
        1044  -2486.9179851554964     
        1045  -2463.0006497721251     
        1046  -2473.7592358334400     
        1047  -2463.9474839923409     
        1048  -2472.1485867011302     
        1049  -2443.8130394615168     
        1050  -2527.6172293777258     
        1051  -2536.0469522150124     
        1052  -2516.3583642072745     
        1053  -2512.6682132879050     
        1054  -2527.0616040496629     
        1055  -2525.3975401754687     
        1056  -2480.9738016718184     
        1057  -2458.0631884902587     
        1058  -2524.5864639045085     
        1059  -2498.5007392003859     
        1060  -2515.9431946037330     
        1061  -2474.1992440009758     
        1062  -2472.2762608978878     
        1063  -2490.1707612584787     
        1064  -2482.0382289420104     
        1065  -2502.5639756582395     
        1066  -2544.6273149159074     
        1067  -2536.8634967960165     
        1068  -2502.9868510624497     
        1069  -2526.2863751169684     
        1070  -2552.3075277247976     
        1071  -2559.8129896917558     
        1072  -2534.0977783389294     
        1073  -2520.7513669518330     
        1074  -2524.1713684073675     
        1075  -2538.1264684849375     
        1076  -2545.8027313652492     
        1077  -2536.2740686661609     
        1078  -2487.6551870044782     
        1079  -2528.5748812133056     
        1080  -2506.3653442059613     
        1081  -2555.9785995923148     
        1082  -2567.6440443771571     
        1083  -2629.7919410588970     
        1084  -2632.2860043447267     
        1085  -2583.7573707474307     
        1086  -2522.0245199029100     
        1087  -2507.0305974471448     
        1088  -2489.1677767479873     
        1089  -2544.6034072776743     
        1090  -2480.3161186131438     
        1091  -2511.1211754400356     
        1092  -2558.6453944018476     
        1093  -2522.0375584362891     
        1094  -2535.1790107222796     
        1095  -2526.8972996979560     
        1096  -2535.3510647689973     
        1097  -2557.9352431034445     
        1098  -2457.4415343509509     
        1099  -2495.1509961960460     
        1100  -2523.6180842554163     
        1101  -2535.3322505423466     
        1102  -2501.5127518703957     
        1103  -2513.8374362322106     
        1104  -2548.4954581677393     
        1105  -2516.3905065778013     
        1106  -2494.6814873952371     
        1107  -2512.1875524070529     
        1108  -2502.9091593767362     
        1109  -2472.3695089328639     
        1110  -2480.5900513464399     
        1111  -2520.2436658803308     
        1112  -2544.4766076852798     
        1113  -2452.2950965513446     
        1114  -2509.8215030402034     
        1115  -2528.7049220166837     
        1116  -2525.4131241264681     
        1117  -2512.4101298385617     
        1118  -2536.0690209941849     
        1119  -2524.5297634512567     
        1120  -2545.0526361279308     
        1121  -2550.2825828320615     
        1122  -2520.3375963859876     
        1123  -2538.2500215411333     
        1124  -2559.4730948842584     
        1125  -2574.4514994963815     
        1126  -2564.7445328343147     
        1127  -2576.4414086465981     
        1128  -2582.0668250739741     
        1129  -2543.6243631191114     
        1130  -2483.0624482381372     
        1131  -2518.5883399383060     
        1132  -2546.8351228656179     
        1133  -2523.3441324376540     
        1134  -2508.8689118795510     
        1135  -2567.7951313408803     
        1136  -2576.6002670934208     
        1137  -2570.0317355846487     
        1138  -2578.1556269076946     
        1139  -2524.9344158240692     
        1140  -2538.7428937674554     
        1141  -2577.6110093998782     
        1142  -2566.6968544727897     
        1143  -2536.0738516760284     
        1144  -2573.4787327556169     
        1145  -2540.4744873015957     
        1146  -2549.5585577707275     
        1147  -2615.7444128592642     
        1148  -2596.5926741995181     
        1149  -2550.2010795875540     
        1150  -2536.2232679968320     
        1151  -2474.9582465418575     
        1152  -2467.1672468630636     
        1153  -2512.8416742103091     
        1154  -2555.4791202232000     
        1155  -2536.7626271132567     
        1156  -2496.9660393223990     
        1157  -2472.5661583709311     
        1158  -2486.1553623396403     
        1159  -2527.5319442589330     
        1160  -2544.4932216089205     
        1161  -2480.2591395842874     
        1162  -2424.1149081922417     
        1163  -2499.0554334260632     
        1164  -2551.6820573494801     
        1165  -2577.7002955490793     
        1166  -2517.6887767728967     
        1167  -2473.5992453139670     
        1168  -2485.1583808389937     
        1169  -2537.7759114831297     
        1170  -2513.1928756639441     
        1171  -2488.3101843309391     
        1172  -2460.4898261203048     
        1173  -2523.7330220170420     
        1174  -2499.0251741408233     
        1175  -2504.3194856691839     
        1176  -2439.6659178335540     
        1177  -2411.0190315798200     
        1178  -2425.5612616492422     
        1179  -2454.0974303790344     
        1180  -2482.9623342454615     
        1181  -2495.6855897718656     
        1182  -2497.0781073077833     
        1183  -2480.4841184360735     
        1184  -2462.0002497986970     
        1185  -2523.9436575376003     
        1186  -2505.9319941438516     
        1187  -2503.1482413492845     
        1188  -2495.2810633613813     
        1189  -2459.2486870441417     
        1190  -2384.2224219769696     
        1191  -2432.8225021260605     
        1192  -2459.5827525933846     
        1193  -2443.9739786293385     
        1194  -2464.2337950541551     
        1195  -2453.8392595774344     
        1196  -2456.6297864771345     
        1197  -2458.3554309675524     
        1198  -2451.4182061481356     
        1199  -2481.7482337871988     
        1200  -2448.5157399804925     
        1201  -2477.3336422648231     
        1202  -2487.8368357287281     
        1203  -2458.4216832609200     
        1204  -2470.6259742806296     
        1205  -2437.6128712902760     
        1206  -2454.9541669363452     
        1207  -2478.1320103996413     
        1208  -2467.4098587701128     
        1209  -2451.4458258248092     
        1210  -2493.4640443732183     
        1211  -2530.0709017925114     
        1212  -2534.3707085239080     
        1213  -2530.5718054686918     
        1214  -2491.5115031615505     
        1215  -2443.9028244323849     
        1216  -2485.0218109751513     
        1217  -2514.6182371175128     
        1218  -2511.2990977049985     
        1219  -2485.7101427568937     
        1220  -2505.4466744698020     
        1221  -2424.1289669170137     
        1222  -2441.6516262756536     
        1223  -2456.5869931054153     
        1224  -2454.9579623726518     
        1225  -2448.9616375791552     
        1226  -2476.8267644770617     
        1227  -2488.7340822503429     
        1228  -2497.3002280134501     
        1229  -2491.7524559105068     
        1230  -2499.9554771273179     
        1231  -2492.4567072114878     
        1232  -2522.5242560218462     
        1233  -2491.5394568501588     
        1234  -2468.9900475387681     
        1235  -2497.5995894956955     
        1236  -2475.0156179943160     
        1237  -2386.4071389761707     
        1238  -2430.1287760970395     
        1239  -2404.5903586651357     
        1240  -2416.8273833893495     
        1241  -2404.0828292189058     
        1242  -2398.6378114761806     
        1243  -2417.1774987468170     
        1244  -2387.2008320141381     
        1245  -2437.0488468381659     
        1246  -2427.0231591287634     
        1247  -2440.7410207936914     
        1248  -2432.5836302409753     
        1249  -2476.2688376316150     
        1250  -2425.4836727795946     
        1251  -2401.6211649926090     
        1252  -2434.9411413466655     
        1253  -2464.4780204781227     
        1254  -2439.2841579548835     
        1255  -2412.8765938447359     
        1256  -2379.1959621250894     
        1257  -2357.3141935008293     
        1258  -2422.7314753926539     
        1259  -2393.1617528520037     
        1260  -2406.1101723551997     
        1261  -2462.8545028501485     
        1262  -2450.5694782101891     
        1263  -2453.2222308567589     
        1264  -2464.2258598430212     
        1265  -2438.8356599925287     
        1266  -2464.3831191587346     
        1267  -2465.6959249791544     
        1268  -2462.1025681512060     
        1269  -2449.4770534983386     
        1270  -2476.9154364440592     
        1271  -2521.6228237311666     
        1272  -2516.3037781881048     
        1273  -2527.4852129637434     
        1274  -2501.1637302706777     
        1275  -2507.2135535821071     
        1276  -2486.1077529153754     
        1277  -2489.3094204227823     
        1278  -2522.9926676575546     
        1279  -2470.3662189776273     
        1280  -2451.5685021779877     
        1281  -2467.4063975199865     
        1282  -2444.2830336444499     
        1283  -2503.2575001125560     
        1284  -2455.2246052975488     
        1285  -2522.7572065674217     
        1286  -2529.1465104791259     
        1287  -2500.0673192794329     
        1288  -2504.6760174908395     
        1289  -2492.4540920763179     
        1290  -2483.6093082532288     
        1291  -2492.1478031291913     
        1292  -2465.4269158789643     
        1293  -2501.5113156470256     
        1294  -2475.3537881442471     
        1295  -2438.2221505549678     
        1296  -2454.3528957859226     
        1297  -2446.0646057609852     
        1298  -2476.4332610316183     
        1299  -2452.5919705916435     
        1300  -2502.0647843016363     
        1301  -2496.9348115469666     
        1302  -2478.2439423802321     
        1303  -2458.5494467358731     
        1304  -2449.7211948584113     
        1305  -2448.5227394544781     
        1306  -2466.5142499838121     
        1307  -2462.7878492744253     
        1308  -2446.9877220823259     
        1309  -2427.6308339149869     
        1310  -2459.7690890497379     
        1311  -2492.4723245573123     
        1312  -2531.2352346057446     
        1313  -2538.0082068446814     
        1314  -2521.7012629959954     
        1315  -2496.0378419484214     
        1316  -2500.6104675666920     
        1317  -2430.2087318398662     
        1318  -2458.6473017079506     
        1319  -2486.2800860522930     
        1320  -2459.2723509803391     
        1321  -2449.8329560818315     
        1322  -2430.9343016722573     
        1323  -2402.5486775962227     
        1324  -2428.5471208718263     
        1325  -2462.2121811140191     
        1326  -2457.1085628605324     
        1327  -2449.1366849487681     
        1328  -2437.7323373115537     
        1329  -2431.1153082447863     
        1330  -2405.6821738444987     
        1331  -2398.4328329060618     
        1332  -2384.4916256966185     
        1333  -2441.5852010110434     
        1334  -2439.3209880628528     
        1335  -2417.0898602939624     
        1336  -2410.3191120100323     
        1337  -2380.0537057297715     
        1338  -2439.0679911787170     
        1339  -2425.9323031418644     
        1340  -2384.8385271221132     
        1341  -2412.1764303256932     
        1342  -2410.5419007133814     
        1343  -2493.7451634591166     
        1344  -2424.4673184609433     
        1345  -2444.9349737507000     
        1346  -2413.3029440920013     
        1347  -2445.8577502529874     
        1348  -2441.4291947849838     
        1349  -2445.6249092601224     
        1350  -2422.0270814617475     
        1351  -2412.5044718238923     
        1352  -2437.1881500586678     
        1353  -2408.4931404567042     
        1354  -2466.5853787311753     
        1355  -2447.5799864490505     
        1356  -2486.4727679065727     
        1357  -2501.0907885021106     
        1358  -2466.7591406810161     
        1359  -2522.3824227147820     
        1360  -2496.5131443613695     
        1361  -2502.4315742358162     
        1362  -2472.2469375506830     
        1363  -2519.4206526533908     
        1364  -2494.6346066887791     
        1365  -2517.8247093195700     
        1366  -2442.8560204116111     
        1367  -2497.3383751742854     
        1368  -2533.3096005024177     
        1369  -2527.2794580408004     
        1370  -2491.2254329384014     
        1371  -2483.1384651237122     
        1372  -2517.9376223019176     
        1373  -2506.7202546969233     
        1374  -2501.8359804321567     
        1375  -2490.9652261731439     
        1376  -2511.5631897186540     
        1377  -2511.7853172779210     
        1378  -2468.8604589692359     
        1379  -2507.4035727945006     
        1380  -2484.0002560865419     
        1381  -2510.6215262544551     
        1382  -2501.8314042296693     
        1383  -2492.9090805507003     
        1384  -2510.0506639905411     
        1385  -2495.8094517127474     
        1386  -2506.0709117578990     
        1387  -2502.7136732446279     
        1388  -2460.1910458400662     
        1389  -2473.4590082859831     
        1390  -2493.4884950695996     
        1391  -2483.8408536181519     
        1392  -2468.7025429328673     
        1393  -2429.5693655090172     
        1394  -2454.7659296466554     
        1395  -2469.3562420999274     
        1396  -2483.3758198121145     
        1397  -2433.2438693621179     
        1398  -2446.1538330680282     
        1399  -2449.4051552720221     
        1400  -2486.7880245445376     
        1401  -2470.7942535549646     
        1402  -2450.1576057583079     
        1403  -2440.8423948233271     
        1404  -2437.4030356765466     
        1405  -2423.8343044454941     
        1406  -2466.2792693829720     
        1407  -2493.8682074239991     
        1408  -2459.0575230119330     
        1409  -2429.3097237889378     
        1410  -2465.3378942380923     
        1411  -2490.1839531594919     
        1412  -2467.9723073471600     
        1413  -2371.9790526382581     
        1414  -2381.1869034605365     
        1415  -2421.3815327795528     
        1416  -2472.8503305324948     
        1417  -2504.5810350899528     
        1418  -2485.9851714526426     
        1419  -2442.9660460802866     
        1420  -2492.9151629543253     
        1421  -2527.6748526075926     
        1422  -2476.6433435267636     
        1423  -2441.4300803882725     
        1424  -2433.4902891670513     
        1425  -2458.1172183758131     
        1426  -2539.8754380521978     
        1427  -2514.5775748781880     
        1428  -2534.2190835898550     
        1429  -2518.7948306681478     
        1430  -2483.4546676109453     
        1431  -2490.2498743278557     
        1432  -2483.3826308125899     
        1433  -2451.8344960338300     
        1434  -2543.1868951671759     
        1435  -2499.6245439542454     
        1436  -2549.6543314335422     
        1437  -2560.8863003161746     
        1438  -2481.2245187250728     
        1439  -2481.0203744298501     
        1440  -2463.7301904233468     
        1441  -2479.5267428875104     
        1442  -2491.7811811235429     
        1443  -2480.2466716449239     
        1444  -2558.3104937502267     
        1445  -2514.5256175011855     
        1446  -2521.7199540614702     
        1447  -2547.8711364963324     
        1448  -2467.9876167788630     
        1449  -2475.4952753571588     
        1450  -2523.3545100316219     
        1451  -2535.1589959484481     
        1452  -2523.5703011016135     
        1453  -2534.4455217952604     
        1454  -2517.7403891754584     
        1455  -2473.5627012105265     
        1456  -2437.9094833083368     
        1457  -2485.0518220031731     
        1458  -2519.8864341450853     
        1459  -2504.4352782754977     
        1460  -2527.6853053373466     
        1461  -2509.9429602472069     
        1462  -2516.7696649576296     
        1463  -2484.6364104071640     
        1464  -2506.6122694400833     
        1465  -2513.9950949160270     
        1466  -2494.9639908708009     
        1467  -2434.9740836568758     
        1468  -2503.4279307717989     
        1469  -2534.5491155217601     
        1470  -2462.8007177055260     
        1471  -2446.1933708932092     
        1472  -2500.1625511248626     
        1473  -2470.0564832558521     
        1474  -2471.5042765170456     
        1475  -2486.8260334655506     
        1476  -2544.7029054297595     
        1477  -2547.1675134258899     
        1478  -2468.2770252755413     
        1479  -2476.6863034914036     
        1480  -2508.9361483170846     
        1481  -2481.2341476277129     
        1482  -2532.4108609178238     
        1483  -2534.8362946787065     
        1484  -2487.8552483938761     
        1485  -2528.3687906054988     
        1486  -2511.2989479225780     
        1487  -2531.8954923617243     
        1488  -2515.5328332111990     
        1489  -2589.7469967125126     
        1490  -2588.0331120434125     
        1491  -2580.4327664657749     
        1492  -2525.9786697891459     
        1493  -2568.3315621154911     
        1494  -2589.9599977488597     
        1495  -2575.4395424776153     
        1496  -2529.4751536664517     
        1497  -2567.8875102124853     
        1498  -2582.1664109660669     
        1499  -2569.5632143705525     
        1500  -2563.8730601666989     
        1501  -2598.0324150166662     
        1502  -2593.7060939057742     
        1503  -2580.1274139659927     
        1504  -2527.1751363344642     
        1505  -2570.9876052314917     
        1506  -2591.8314892492804     
        1507  -2579.8180019817942     
        1508  -2591.1207659228899     
        1509  -2553.7413839452188     
        1510  -2548.5020949705286     
        1511  -2544.5489823842850     
        1512  -2559.4325984422485     
        1513  -2570.0754799745669     
        1514  -2606.8606813691645     
        1515  -2604.3185595014393     
        1516  -2606.9955827893064     
        1517  -2598.2977874284134     
        1518  -2619.9002261912246     
        1519  -2551.5380958961869     
        1520  -2559.9619339841934     
        1521  -2554.3442264055002     
        1522  -2584.0501693875126     
        1523  -2550.1096412349680     
        1524  -2545.2558921020964     
        1525  -2547.8189493975533     
        1526  -2523.1136534706488     
        1527  -2477.6836383420000     
        1528  -2568.1295901935155     
        1529  -2530.4104899691692     
        1530  -2501.7727316897826     
        1531  -2512.9174081210754     
        1532  -2518.6060140328809     
        1533  -2516.3217539207294     
        1534  -2482.2614240597304     
        1535  -2474.2143665850717     
        1536  -2468.6247045664986     
        1537  -2470.8834316865027     
        1538  -2505.7014427669696     
        1539  -2522.8830822005802     
        1540  -2546.8259909027097     
        1541  -2573.2838896496996     
        1542  -2520.9939566074172     
        1543  -2526.1995638480576     
        1544  -2516.2201144030851     
        1545  -2530.9307369337103     
        1546  -2531.5649033660416     
        1547  -2529.4859648799543     
        1548  -2514.3283788760646     
        1549  -2521.0045442902351     
        1550  -2436.9570682194017     
        1551  -2448.2178498420099     
        1552  -2441.5943287483815     
        1553  -2498.0006960181709     
        1554  -2489.2598878606659     
        1555  -2473.8876832194219     
        1556  -2529.7575645441893     
        1557  -2532.7230808581762     
        1558  -2550.6445247412703     
        1559  -2534.9862037626867     
        1560  -2545.3606800073435     
        1561  -2546.1667142084652     
        1562  -2526.4115236904477     
        1563  -2578.9882198620749     
        1564  -2545.1568456265195     
        1565  -2558.3495171917575     
        1566  -2570.6639405680298     
        1567  -2565.7879452461234     
        1568  -2577.2687020562548     
        1569  -2523.7926483850688     
        1570  -2488.9412499337177     
        1571  -2476.7215823668985     
        1572  -2536.6034138029922     
        1573  -2531.9870635018642     
        1574  -2544.9255694579451     
        1575  -2561.8253936055512     
        1576  -2561.1732780870052     
        1577  -2530.6028900887704     
        1578  -2522.8875313779195     
        1579  -2546.6413834075670     
        1580  -2561.8153848924494     
        1581  -2520.8669727459196     
        1582  -2526.6603208103943     
        1583  -2572.3496278711450     
        1584  -2542.3775346991133     
        1585  -2576.2597935348349     
        1586  -2578.4847633225304     
        1587  -2531.4192077294883     
        1588  -2520.0151839926048     
        1589  -2526.8350441429443     
        1590  -2517.9274954504922     
        1591  -2538.2758182343973     
        1592  -2525.8262231138101     
        1593  -2561.5690016964631     
        1594  -2573.1858113426465     
        1595  -2594.8233217211668     
        1596  -2611.9946795567998     
        1597  -2617.6878233778662     
        1598  -2622.0663199821111     
        1599  -2622.5798968289978     
        1600  -2596.0262218073949     
        1601  -2580.9834968545460     
        1602  -2595.2069814007928     
        1603  -2607.1201939112161     
        1604  -2609.4910586469036     
        1605  -2607.7962793186280     
        1606  -2560.1459532649333     
        1607  -2540.4997119449199     
        1608  -2539.5554955367711     
        1609  -2603.9511878164944     
        1610  -2579.8569476025564     
        1611  -2537.7504720094648     
        1612  -2475.2263571097446     
        1613  -2527.0081086564869     
        1614  -2549.9284868207228     
        1615  -2550.1671620710445     
        1616  -2506.3427339125969     
        1617  -2520.2070646832535     
        1618  -2549.3220737885667     
        1619  -2550.1775708673140     
        1620  -2498.4241648317061     
        1621  -2558.3063944212290     
        1622  -2539.2253748407620     
        1623  -2569.3513891731291     
        1624  -2565.3096077330601     
        1625  -2564.7530691204875     
        1626  -2549.7622225776963     
        1627  -2565.9789662842782     
        1628  -2535.5749464274963     
        1629  -2475.7697799340212     
        1630  -2524.6331567090574     
        1631  -2498.4289797297147     
        1632  -2519.9549704269284     
        1633  -2497.3012465519869     
        1634  -2477.7431838571401     
        1635  -2494.8499965381770     
        1636  -2504.7177391844484     
        1637  -2518.3154960545903     
        1638  -2540.3677521462960     
        1639  -2517.7428212586879     
        1640  -2487.2993960737322     
        1641  -2456.0409613928696     
        1642  -2476.9509779093901     
        1643  -2483.6682616158382     
        1644  -2489.8329797896677     
        1645  -2509.6324573313868     
        1646  -2546.8805194341676     
        1647  -2525.0012311403702     
        1648  -2481.7574035312982     
        1649  -2469.0694377293107     
        1650  -2547.8727915322124     
        1651  -2539.8570651017772     
        1652  -2535.3028765409254     
        1653  -2562.9382061166848     
        1654  -2526.3025404918676     
        1655  -2516.3764309052326     
        1656  -2532.1018490025385     
        1657  -2492.1998245943391     
        1658  -2490.5262463153285     
        1659  -2493.7727291557244     
        1660  -2470.0447636176959     
        1661  -2472.5230379713171     
        1662  -2503.4831527005522     
        1663  -2529.9668585004961     
        1664  -2524.8931422520604     
        1665  -2539.5119064296287     
        1666  -2511.5254041725766     
        1667  -2577.3207562491402     
        1668  -2513.6079922065164     
        1669  -2488.1251129392876     
        1670  -2511.6098743705365     
        1671  -2474.6010269968956     
        1672  -2460.8423225363090     
        1673  -2520.3899803538307     
        1674  -2541.9818472434608     
        1675  -2494.2456470932984     
        1676  -2492.4916587675202     
        1677  -2527.2525614456476     
        1678  -2525.1691953656086     
        1679  -2604.2454538956445     
        1680  -2572.4990686078222     
        1681  -2528.5431928417397     
        1682  -2550.6236320186190     
        1683  -2542.7750764453444     
        1684  -2523.8175793891478     
        1685  -2549.6103771173011     
        1686  -2497.7053736742869     
        1687  -2533.7330191657329     
        1688  -2527.2765073203186     
        1689  -2492.1829398869741     
        1690  -2480.0786614311096     
        1691  -2485.0225657524234     
        1692  -2511.7019691669811     
        1693  -2439.1975140141644     
        1694  -2436.6343841651606     
        1695  -2455.3349729984911     
        1696  -2455.2968485634970     
        1697  -2454.3781463251266     
        1698  -2447.8030223126302     
        1699  -2505.7871024973879     
        1700  -2505.1621944925600     
        1701  -2541.1920051014831     
        1702  -2543.8706941472342     
        1703  -2554.7142410217461     
        1704  -2544.9897388151776     
        1705  -2515.5616434182612     
        1706  -2542.5790824203568     
        1707  -2543.5605406186760     
        1708  -2545.9814835026582     
        1709  -2523.5786152754436     
        1710  -2536.6463393691420     
        1711  -2507.6693367226303     
        1712  -2528.4175863159453     
        1713  -2535.4295226339859     
        1714  -2525.3037579186266     
        1715  -2528.2277978404159     
        1716  -2519.3739222906693     
        1717  -2556.0945089606143     
        1718  -2540.6330620345343     
        1719  -2546.9425558448993     
        1720  -2514.4121870170407     
        1721  -2477.3717737803154     
        1722  -2514.8831124862209     
        1723  -2530.4541206112258     
        1724  -2519.3266383068217     
        1725  -2512.3000202266344     
        1726  -2505.6770141655779     
        1727  -2491.9789194156838     
        1728  -2526.0172197966358     
        1729  -2553.2214466579430     
        1730  -2528.7756901726957     
        1731  -2510.0318926414411     
        1732  -2498.7801437878056     
        1733  -2483.4774194787642     
        1734  -2501.2678782394491     
        1735  -2517.4474731314608     
        1736  -2512.9399307151693     
        1737  -2457.0984574244285     
        1738  -2440.4769882339115     
        1739  -2390.2159541271940     
        1740  -2408.9015934331414     
        1741  -2433.2769189021205     
        1742  -2443.7989817448870     
        1743  -2402.0286307962251     
        1744  -2477.3897763298669     
        1745  -2432.5218960047100     
        1746  -2481.1322403384111     
        1747  -2519.7269581047663     
        1748  -2518.3531643580004     
        1749  -2524.9672684064822     
        1750  -2498.5085765957542     
        1751  -2521.9747857421407     
        1752  -2534.4676549202813     
        1753  -2531.7892955975472     
        1754  -2529.3780386571989     
        1755  -2559.7002722794791     
        1756  -2532.0256299700677     
        1757  -2470.3698180156503     
        1758  -2521.2822050399736     
        1759  -2471.6250924160190     
        1760  -2478.2657166241079     
        1761  -2482.2590400317004     
        1762  -2501.1665844180407     
        1763  -2524.5824553826369     
        1764  -2518.3421498266848     
        1765  -2520.6775211810887     
        1766  -2536.7538584095719     
        1767  -2536.9182064474367     
        1768  -2535.9920549008903     
        1769  -2524.0991337976602     
        1770  -2549.7869983888218     
        1771  -2547.6987809232683     
        1772  -2535.0392205491157     
        1773  -2476.9703107070877     
        1774  -2511.0682123885258     
        1775  -2507.7864989585628     
        1776  -2526.6062541765955     
        1777  -2538.9442583231698     
        1778  -2556.8882195251936     
        1779  -2514.0122665389508     
        1780  -2473.7211152357600     
        1781  -2490.9836170483140     
        1782  -2459.6796287673587     
        1783  -2505.7072562528542     
        1784  -2484.9613081293528     
        1785  -2527.3733239473650     
        1786  -2523.1031419788992     
        1787  -2538.2304902484980     
        1788  -2512.6066808212813     
        1789  -2532.6195757624291     
        1790  -2503.9317309292819     
        1791  -2512.5953570888041     
        1792  -2463.5477931600362     
        1793  -2458.6419008632815     
        1794  -2462.9355343761922     
        1795  -2494.7025514018019     
        1796  -2462.0789370848870     
        1797  -2441.4776258689849     
        1798  -2498.5391845252288     
        1799  -2537.7432703809782     
        1800  -2512.3143857507494     
        1801  -2521.8565139142388     
        1802  -2475.3458090663762     
        1803  -2486.3565743421686     
        1804  -2468.6179067548610     
        1805  -2496.6570095461516     
        1806  -2493.1155827441316     
        1807  -2526.8860723735693     
        1808  -2502.0806311050469     
        1809  -2511.7627510146608     
        1810  -2482.8293172744843     
        1811  -2504.0155294679012     
        1812  -2447.9495697706598     
        1813  -2451.3178601089344     
        1814  -2434.6384607470609     
        1815  -2416.6986620670596     
        1816  -2429.6124507487934     
        1817  -2427.9879671391077     
        1818  -2485.1989124569122     
        1819  -2488.8473707925514     
        1820  -2475.0044754977494     
        1821  -2497.3062593215841     
        1822  -2469.9136825634746     
        1823  -2496.5475697071452     
        1824  -2447.4994445660013     
        1825  -2462.3757125727743     
        1826  -2461.7213721745334     
        1827  -2505.4191657323950     
        1828  -2495.5233907532920     
        1829  -2493.1080047471255     
        1830  -2474.7523679482388     
        1831  -2496.3103358469498     
        1832  -2459.7017137007474     
        1833  -2474.1920699680386     
        1834  -2465.6309823760535     
        1835  -2468.1983322863430     
        1836  -2452.2947670283897     
        1837  -2420.6704631353268     
        1838  -2435.5579178970665     
        1839  -2454.1959487764907     
        1840  -2463.9587379798568     
        1841  -2496.3699452660135     
        1842  -2473.1951627005892     
        1843  -2481.6909157421310     
        1844  -2492.0755328085629     
        1845  -2528.0918476123825     
        1846  -2520.4610992429712     
        1847  -2479.7216976324407     
        1848  -2490.5897566688163     
        1849  -2480.7094092460466     
        1850  -2485.2159010747214     
        1851  -2439.3872899318603     
        1852  -2463.1350603258411     
        1853  -2477.9124589765879     
        1854  -2457.3490061025991     
        1855  -2457.5582350484201     
        1856  -2455.0265210567309     
        1857  -2444.9100783440281     
        1858  -2463.3564894318674     
        1859  -2481.1561583127664     
        1860  -2465.8266603534089     
        1861  -2479.6835195936119     
        1862  -2481.7451610058106     
        1863  -2530.5698803648565     
        1864  -2497.6970893941425     
        1865  -2500.8141457441297     
        1866  -2438.9067859976390     
        1867  -2474.2862668970411     
        1868  -2478.1938471543112     
        1869  -2463.2406489075170     
        1870  -2504.7291012253095     
        1871  -2436.2049744005567     
        1872  -2394.3818307770985     
        1873  -2453.9123647747083     
        1874  -2448.9981705832110     
        1875  -2410.4928388311064     
        1876  -2393.6472540854697     
        1877  -2420.9235982215328     
        1878  -2409.9545105398897     
        1879  -2443.6626219005643     
        1880  -2427.9484671496421     
        1881  -2486.1164112594870     
        1882  -2467.6077459522253     
        1883  -2434.7630680357997     
        1884  -2408.2389277156058     
        1885  -2438.8590895149046     
        1886  -2423.4634281544809     
        1887  -2445.7031207476698     
        1888  -2437.4363228037960     
        1889  -2483.3295337929708     
        1890  -2444.2423020110473     
        1891  -2457.9252633158012     
        1892  -2476.1415813256490     
        1893  -2490.0584524992319     
        1894  -2503.8826195852271     
        1895  -2494.4070358356221     
        1896  -2432.6620771807443     
        1897  -2479.1686645425898     
        1898  -2491.8488474205988     
        1899  -2522.3445140444655     
        1900  -2540.4981147333856     
        1901  -2540.3295087472411     
        1902  -2502.1664451140878     
        1903  -2506.9053074231115     
        1904  -2402.6001558469793     
        1905  -2477.9697567336852     
        1906  -2459.1654131292426     
        1907  -2471.8719415264245     
        1908  -2465.1007323765302     
        1909  -2489.5875410771027     
        1910  -2495.0870217152715     
        1911  -2545.4239383471663     
        1912  -2471.2469391674576     
        1913  -2499.3552477209832     
        1914  -2496.9574736114118     
        1915  -2543.2619702780466     
        1916  -2487.0313123431474     
        1917  -2509.3988766395901     
        1918  -2487.8622693045118     
        1919  -2466.6751158454695     
        1920  -2500.3482612202633     
        1921  -2516.7558860796662     
        1922  -2489.9008351893813     
        1923  -2476.6949221412833     
        1924  -2527.9786442985096     
        1925  -2505.0912047831239     
        1926  -2487.6470431509047     
        1927  -2484.9113570948530     
        1928  -2493.0165359892726     
        1929  -2489.3488692553819     
        1930  -2482.6356366558866     
        1931  -2486.1117753813196     
        1932  -2515.1774805889663     
        1933  -2525.7383130245444     
        1934  -2522.2293541898921     
        1935  -2548.8188160743393     
        1936  -2527.4567362452435     
        1937  -2523.5468189321109     
        1938  -2522.1060707868814     
        1939  -2482.9664866673370     
        1940  -2471.6621885163590     
        1941  -2462.3878709973283     
        1942  -2464.9321757965276     
        1943  -2489.5934013410961     
        1944  -2485.3036348172868     
        1945  -2553.3475405842296     
        1946  -2556.7087817022320     
        1947  -2552.7340387199310     
        1948  -2512.5844384803045     
        1949  -2530.7806609353606     
        1950  -2541.6174319445613     
        1951  -2543.5154396610064     
        1952  -2522.2425628060450     
        1953  -2485.1895424570807     
        1954  -2507.6050997841453     
        1955  -2476.4913601958701     
        1956  -2498.1708927124419     
        1957  -2529.8801556384901     
        1958  -2488.3601391418792     
        1959  -2495.3927571633180     
        1960  -2497.5050952522915     
        1961  -2487.8388194382842     
        1962  -2464.3108804851336     
        1963  -2498.3876869405167     
        1964  -2482.9013707739596     
        1965  -2494.5762192064467     
        1966  -2459.3401466207101     
        1967  -2472.3301067671782     
        1968  -2485.0971746649702     
        1969  -2512.0870393442610     
        1970  -2449.9484330694518     
        1971  -2504.1949001283133     
        1972  -2500.0427985707515     
        1973  -2476.2995642199608     
        1974  -2473.7398651257759     
        1975  -2477.3239162012401     
        1976  -2486.7384875566077     
        1977  -2481.8947917850542     
        1978  -2484.4438472074476     
        1979  -2492.7045955145254     
        1980  -2443.1041673918189     
        1981  -2528.2609373370697     
        1982  -2522.9184063243083     
        1983  -2506.1316162279063     
        1984  -2485.1519837426249     
        1985  -2477.9169306213416     
        1986  -2496.0729766821496     
        1987  -2532.3045742139961     
        1988  -2537.1425217478909     
        1989  -2495.2785736024166     
        1990  -2495.7962066616442     
        1991  -2504.6532045524932     
        1992  -2479.8813325296746     
        1993  -2468.9891294726694     
        1994  -2504.2765627596618     
        1995  -2526.6968301585453     
        1996  -2553.9296285947394     
        1997  -2564.2015256169020     
        1998  -2507.8791675821099     
        1999  -2542.6842442730194     
        2000  -2514.8552137587908     
