 SAMPLE,  ENERGY
           1  -1856.1602489603954     
           2  -1853.9781623224160     
           3  -1859.8014054150426     
           4  -1834.0356375925726     
           5  -1830.0254261535072     
           6  -1853.6462415111409     
           7  -1809.2357530186025     
           8  -1844.6136374410901     
           9  -1858.8066580641248     
          10  -1866.4055651573278     
          11  -1873.5765472488565     
          12  -1888.1558021024080     
          13  -1910.5952567082907     
          14  -1899.5509185410465     
          15  -1906.2268684540184     
          16  -1861.3683573515525     
          17  -1889.5785050930649     
          18  -1855.4473558729749     
          19  -1864.9555810837844     
          20  -1828.0967499735980     
          21  -1825.3453346771016     
          22  -1849.9598773078633     
          23  -1834.0630240903697     
          24  -1834.7715260744490     
          25  -1857.6318255428093     
          26  -1864.1620316918836     
          27  -1846.9259212685588     
          28  -1867.5335292089651     
          29  -1833.5736088691121     
          30  -1866.5742712098945     
          31  -1841.4393197611503     
          32  -1848.3461184604832     
          33  -1852.7159747574960     
          34  -1830.1448650266054     
          35  -1862.0593442163931     
          36  -1851.7768313622762     
          37  -1878.3882578919481     
          38  -1877.2962082904912     
          39  -1880.2686450805070     
          40  -1859.2166899175684     
          41  -1875.7208167915549     
          42  -1871.5336870728765     
          43  -1851.5718304537809     
          44  -1849.7267523832159     
          45  -1831.3471928327110     
          46  -1825.1852916788741     
          47  -1848.6853507101753     
          48  -1809.9463379059171     
          49  -1824.1395846419580     
          50  -1832.0283553044387     
          51  -1835.7645531118308     
          52  -1794.7980730957286     
          53  -1798.8426740312568     
          54  -1794.6538851893631     
          55  -1815.0110678066294     
          56  -1832.4584344243096     
          57  -1825.4374704019008     
          58  -1856.8940888190536     
          59  -1852.2863356310709     
          60  -1809.2839922462090     
          61  -1817.5860614251164     
          62  -1836.7058616984546     
          63  -1833.5873171420228     
          64  -1856.4921381734548     
          65  -1850.3024163876842     
          66  -1844.5945467079343     
          67  -1840.3758513461407     
          68  -1844.0333799256014     
          69  -1848.1425102224421     
          70  -1879.6772591640115     
          71  -1856.9733432224712     
          72  -1881.6039843905919     
          73  -1815.0726652046196     
          74  -1818.1251445977935     
          75  -1799.5255104410990     
          76  -1802.2040705055035     
          77  -1795.3718649729246     
          78  -1822.4132247476866     
          79  -1834.7760361987096     
          80  -1813.5300785638615     
          81  -1801.6428310183396     
          82  -1836.3212827581940     
          83  -1833.7008345098216     
          84  -1832.3640407656069     
          85  -1841.8134125381573     
          86  -1840.1596530434972     
          87  -1838.9290075994450     
          88  -1839.8114376091391     
          89  -1834.3250537600077     
          90  -1833.4927731776158     
          91  -1830.3712338384330     
          92  -1839.9742858648094     
          93  -1817.6648463888178     
          94  -1810.6960756564297     
          95  -1793.4474118931782     
          96  -1803.3884084752049     
          97  -1770.0554014214126     
          98  -1784.0817744833632     
          99  -1795.1854664016030     
         100  -1779.8805840235416     
         101  -1794.9547628869327     
         102  -1806.0782124214525     
         103  -1743.6783445588071     
         104  -1739.5508640012506     
         105  -1760.3921839638197     
         106  -1735.4086779791639     
         107  -1758.4760634993443     
         108  -1760.6661128808450     
         109  -1794.0223180150881     
         110  -1789.8893653487216     
         111  -1742.4582744662675     
         112  -1752.2948808729493     
         113  -1759.4273909622138     
         114  -1758.2023906963373     
         115  -1782.1432417060632     
         116  -1803.3568377928334     
         117  -1832.6568038025453     
         118  -1846.5017479778082     
         119  -1818.8139130163886     
         120  -1827.5696842468246     
         121  -1852.6898903158556     
         122  -1825.4005870332951     
         123  -1826.7322953461021     
         124  -1844.6833880714767     
         125  -1815.6717894373430     
         126  -1823.5307419953333     
         127  -1821.3794807845968     
         128  -1825.7777630221033     
         129  -1829.2344558619502     
         130  -1765.0329078769096     
         131  -1765.5022204578988     
         132  -1809.0384355087858     
         133  -1813.8568810558045     
         134  -1817.1898168451323     
         135  -1807.6924811682995     
         136  -1834.0504101361551     
         137  -1861.7491215907128     
         138  -1825.6257278290825     
         139  -1812.4838852152186     
         140  -1854.8644685638064     
         141  -1826.9657086223697     
         142  -1811.1015036975350     
         143  -1824.5079824340835     
         144  -1803.0745047655630     
         145  -1784.5010479538955     
         146  -1791.7451998942515     
         147  -1806.2704328785444     
         148  -1804.8133035551521     
         149  -1791.4738988689703     
         150  -1778.3552450868228     
         151  -1809.5212014849124     
         152  -1831.0479997084931     
         153  -1798.8632295862947     
         154  -1776.6606961524355     
         155  -1788.8234808499255     
         156  -1791.6849840603386     
         157  -1785.8102133140794     
         158  -1815.2484605510704     
         159  -1815.6053775589510     
         160  -1794.4460752734540     
         161  -1795.9666287811690     
         162  -1798.8024788812827     
         163  -1795.0410838880389     
         164  -1817.3686960382081     
         165  -1797.3626740545383     
         166  -1781.6283295997191     
         167  -1781.5651569548613     
         168  -1788.9632438111287     
         169  -1768.8875571021651     
         170  -1732.2958625452973     
         171  -1787.5949210504068     
         172  -1787.1835539776898     
         173  -1800.2872631562218     
         174  -1759.0194813431024     
         175  -1766.5109487433599     
         176  -1766.7347755204974     
         177  -1788.0187483881807     
         178  -1788.4525458847477     
         179  -1842.8036693309584     
         180  -1862.0903584763762     
         181  -1892.7553312482241     
         182  -1872.6689616828899     
         183  -1877.7442515764208     
         184  -1870.4836719574182     
         185  -1865.8906489206893     
         186  -1884.5969554990452     
         187  -1867.1858519946657     
         188  -1874.5292777345985     
         189  -1876.2818517262126     
         190  -1882.0491975915741     
         191  -1847.8712920042904     
         192  -1850.0664708545992     
         193  -1857.3480107056660     
         194  -1867.0976874387259     
         195  -1870.9758681315773     
         196  -1884.9672093215224     
         197  -1871.1613178022487     
         198  -1864.6959027577645     
         199  -1834.8206135394696     
         200  -1844.2112315645782     
         201  -1836.3229856954886     
         202  -1827.4735087826887     
         203  -1847.6052706674902     
         204  -1840.6537730805537     
         205  -1840.9501839332283     
         206  -1833.5018858617150     
         207  -1834.8321570450942     
         208  -1845.4646489476534     
         209  -1845.4251292184331     
         210  -1839.2278364376771     
         211  -1847.9393635985723     
         212  -1846.6742854933625     
         213  -1856.3901038556758     
         214  -1822.7975808900178     
         215  -1822.8565034642209     
         216  -1767.1910719157690     
         217  -1781.8537006810222     
         218  -1813.2017728951396     
         219  -1808.7517631560252     
         220  -1793.6133412425070     
         221  -1828.5813243290086     
         222  -1804.5153509955474     
         223  -1797.1414770992865     
         224  -1813.5942796078989     
         225  -1849.3381356521734     
         226  -1839.7572281571356     
         227  -1856.9552955649933     
         228  -1847.7993231925891     
         229  -1884.9173440883974     
         230  -1881.3223707974496     
         231  -1879.1142157711622     
         232  -1867.9402367583627     
         233  -1868.5663907080557     
         234  -1857.6612886409337     
         235  -1855.0710199186017     
         236  -1804.3621283787611     
         237  -1825.9401298449436     
         238  -1811.0547625647603     
         239  -1803.2321121601547     
         240  -1807.8256533479964     
         241  -1814.5345776847380     
         242  -1776.0331021161419     
         243  -1764.4940340663595     
         244  -1795.9896478614799     
         245  -1786.7296455414155     
         246  -1764.3045646352480     
         247  -1756.2448914614931     
         248  -1780.7730165060823     
         249  -1811.5845040831418     
         250  -1820.9992924841442     
         251  -1832.1752519263168     
         252  -1818.7252343796195     
         253  -1820.2081827596728     
         254  -1789.5228269008571     
         255  -1811.0254750290205     
         256  -1803.5829120989474     
         257  -1826.3582451093373     
         258  -1830.8886439572891     
         259  -1823.0231518115140     
         260  -1812.9439203636432     
         261  -1808.9539461143452     
         262  -1808.6591127118475     
         263  -1771.2579784144498     
         264  -1810.9353346390387     
         265  -1814.8546300322425     
         266  -1799.6122712691247     
         267  -1758.5712962375183     
         268  -1793.9037815618758     
         269  -1771.5146158774280     
         270  -1809.2303783678258     
         271  -1817.9593696480913     
         272  -1827.2900767837948     
         273  -1853.6550225686540     
         274  -1836.2742082259808     
         275  -1801.4182239849260     
         276  -1760.6247372690589     
         277  -1758.1230369478637     
         278  -1773.6674489497429     
         279  -1770.3436400657231     
         280  -1772.0299577101366     
         281  -1739.0123501098885     
         282  -1799.4790393929181     
         283  -1788.2682284922546     
         284  -1806.7425276806384     
         285  -1775.9206784604053     
         286  -1758.6919439715857     
         287  -1765.3617372028775     
         288  -1752.6484864228748     
         289  -1738.4616251641430     
         290  -1729.6361833886911     
         291  -1716.4615442326140     
         292  -1707.5245255458929     
         293  -1721.5587278792893     
         294  -1724.0909811988492     
         295  -1731.6738440079805     
         296  -1742.4524185550679     
         297  -1759.7538971568792     
         298  -1758.9920452801739     
         299  -1748.9415531595318     
         300  -1755.4070669575740     
         301  -1782.9648991193417     
         302  -1735.7536680592073     
         303  -1726.4747376034647     
         304  -1751.7117796373627     
         305  -1732.9063973658967     
         306  -1703.1358455437896     
         307  -1749.1612576449020     
         308  -1725.2811446589358     
         309  -1722.1963982335812     
         310  -1721.3929282487354     
         311  -1705.6950085824419     
         312  -1727.9983135296841     
         313  -1724.4046563783675     
         314  -1760.7148744430306     
         315  -1739.9245589134125     
         316  -1747.9321704611400     
         317  -1760.6826818437396     
         318  -1771.1581182432324     
         319  -1744.7474084847584     
         320  -1760.6867085353567     
         321  -1733.2508695801610     
         322  -1768.8707556523350     
         323  -1803.4663326406135     
         324  -1788.3169327568180     
         325  -1776.7420125049191     
         326  -1808.9583056803983     
         327  -1818.3188993857295     
         328  -1816.2350513126667     
         329  -1819.8069396594731     
         330  -1807.8226350720554     
         331  -1797.1048253595559     
         332  -1767.6549439163166     
         333  -1777.0993907654045     
         334  -1766.0703452336882     
         335  -1771.9895865842345     
         336  -1749.0756632733126     
         337  -1813.3120428006059     
         338  -1783.6757628297264     
         339  -1806.6652380385949     
         340  -1855.7299546850454     
         341  -1849.7131018535281     
         342  -1812.0938202944967     
         343  -1840.9984692238515     
         344  -1805.3713160688078     
         345  -1809.0847011957319     
         346  -1797.0773600965310     
         347  -1785.0998433006664     
         348  -1776.0734567200709     
         349  -1793.9491591809374     
         350  -1795.4562054341900     
         351  -1799.1396647206404     
         352  -1817.9874161039647     
         353  -1787.9685620647585     
         354  -1779.6709139537977     
         355  -1790.8480414977073     
         356  -1805.1239080174387     
         357  -1818.6848603518044     
         358  -1797.3588771466657     
         359  -1839.7242557170450     
         360  -1848.2262471974389     
         361  -1843.5554345258111     
         362  -1833.1406198235386     
         363  -1850.7444481235839     
         364  -1828.3172826070675     
         365  -1872.1941091262288     
         366  -1882.0340250667748     
         367  -1845.7040701349547     
         368  -1812.0512168747848     
         369  -1860.3850285275514     
         370  -1860.1219394675372     
         371  -1879.5727869614882     
         372  -1900.8192604586645     
         373  -1901.5880033070223     
         374  -1870.7258215920749     
         375  -1866.9686881498583     
         376  -1871.9911124070084     
         377  -1910.2482262094243     
         378  -1907.2887708961900     
         379  -1878.5040898617135     
         380  -1863.5575324704650     
         381  -1874.7699486813065     
         382  -1864.1879501763399     
         383  -1823.2135327094493     
         384  -1847.7907006208054     
         385  -1854.3908585932991     
         386  -1860.9801511049270     
         387  -1878.2715793235052     
         388  -1874.2110802310815     
         389  -1874.9628073582619     
         390  -1886.4870014855908     
         391  -1841.7362789707777     
         392  -1833.1372417849616     
         393  -1791.0378801093530     
         394  -1795.6006078428697     
         395  -1774.5756619825788     
         396  -1794.1168318906209     
         397  -1797.8397038330370     
         398  -1780.6000849552540     
         399  -1797.3702371252332     
         400  -1777.5613855844822     
         401  -1810.3648716519581     
         402  -1832.5994059987820     
         403  -1867.0479005288860     
         404  -1857.0869667982765     
         405  -1900.1819431258828     
         406  -1886.3744163438728     
         407  -1897.6721482636547     
         408  -1868.2850098213119     
         409  -1882.3115915893859     
         410  -1856.8619125022035     
         411  -1843.4278595346825     
         412  -1875.6627475155888     
         413  -1885.0468806490835     
         414  -1844.5500236960077     
         415  -1850.2461341406940     
         416  -1851.0139817888928     
         417  -1839.5525890324359     
         418  -1808.2091352845184     
         419  -1841.5627290027842     
         420  -1818.9455976544284     
         421  -1811.1321181342416     
         422  -1822.7335659072248     
         423  -1823.6402637392466     
         424  -1844.1290320767148     
         425  -1844.1157433402077     
         426  -1843.7850727388532     
         427  -1829.9084414022286     
         428  -1852.4115080913937     
         429  -1868.4817455424757     
         430  -1901.5152914327459     
         431  -1901.6853802999990     
         432  -1870.0489748123871     
         433  -1894.1579641418625     
         434  -1881.3053532217834     
         435  -1888.8279630850643     
         436  -1905.6805084869773     
         437  -1891.0614778290437     
         438  -1888.9531767137464     
         439  -1903.8461388372000     
         440  -1887.8123339665044     
         441  -1878.9662105811881     
         442  -1860.2216131615357     
         443  -1854.5626611573198     
         444  -1886.3181898400255     
         445  -1842.4687246363160     
         446  -1876.0180336735475     
         447  -1883.3528821006835     
         448  -1888.1787174558497     
         449  -1873.7136373042415     
         450  -1878.5849976410652     
         451  -1842.1123655067179     
         452  -1855.3893455325610     
         453  -1868.1817555079347     
         454  -1850.4413148306546     
         455  -1856.7898322459371     
         456  -1870.3415606089229     
         457  -1835.9178811068980     
         458  -1823.1708539237238     
         459  -1819.8621141267492     
         460  -1847.4600032814656     
         461  -1855.7408810856145     
         462  -1867.0971623064572     
         463  -1830.4126269624464     
         464  -1827.1163177111669     
         465  -1818.8602299763472     
         466  -1808.4192732595002     
         467  -1811.7784654643765     
         468  -1832.9545681353036     
         469  -1838.4683221555335     
         470  -1813.5660871003961     
         471  -1811.0242115195636     
         472  -1838.5744964006772     
         473  -1806.9235010202906     
         474  -1857.9078417193812     
         475  -1826.0757847581126     
         476  -1812.7059717844693     
         477  -1822.0443467957109     
         478  -1806.2658668798467     
         479  -1841.3357355691537     
         480  -1844.6101809079851     
         481  -1815.7156888541549     
         482  -1821.9768039703774     
         483  -1822.0281601381394     
         484  -1834.8712205737925     
         485  -1808.3338985639418     
         486  -1787.8592805035630     
         487  -1799.3243333000116     
         488  -1801.1089642428863     
         489  -1842.3171586508665     
         490  -1829.7922730680241     
         491  -1842.6731093982960     
         492  -1847.7767993140051     
         493  -1851.8284389967596     
         494  -1889.0477399593062     
         495  -1852.6341338297093     
         496  -1826.4759810013854     
         497  -1879.4168129515131     
         498  -1877.0338399984296     
         499  -1863.7847098641714     
         500  -1833.7159422740788     
         501  -1817.3411070709492     
         502  -1792.5952518858496     
         503  -1808.0692867312723     
         504  -1787.3174527214114     
         505  -1792.7943391936133     
         506  -1794.9602532418592     
         507  -1792.0197011076448     
         508  -1806.7113297901635     
         509  -1850.6392606476363     
         510  -1829.5355910286144     
         511  -1784.6827691546014     
         512  -1793.9042075416935     
         513  -1818.1248577534329     
         514  -1823.6387500277008     
         515  -1825.4266265052677     
         516  -1850.0546741699168     
         517  -1831.8011584310086     
         518  -1821.9939039263952     
         519  -1818.7723685846411     
         520  -1845.2019411557390     
         521  -1826.5011085914864     
         522  -1846.2252069744502     
         523  -1839.2770500231775     
         524  -1814.0593072883200     
         525  -1828.7043189869385     
         526  -1822.4021426204424     
         527  -1826.9135319468917     
         528  -1822.3049915289650     
         529  -1805.0992460947873     
         530  -1814.8732407162033     
         531  -1840.0997545569041     
         532  -1823.6825698682567     
         533  -1824.0730381904123     
         534  -1821.6378991948400     
         535  -1842.1285647273114     
         536  -1851.0931358076477     
         537  -1836.8596163501752     
         538  -1855.0108398373527     
         539  -1863.0377004406957     
         540  -1871.1090323024816     
         541  -1849.6900586447532     
         542  -1860.6175964755002     
         543  -1840.7183528943285     
         544  -1882.9598854999917     
         545  -1853.6501481382097     
         546  -1828.6777049688035     
         547  -1803.0626809002397     
         548  -1825.3355441976098     
         549  -1818.0176355042549     
         550  -1842.3455358546303     
         551  -1856.1874025358620     
         552  -1838.4159557141707     
         553  -1799.9328535809445     
         554  -1787.8743735497178     
         555  -1800.0584153127954     
         556  -1810.2157168742622     
         557  -1793.8304868873847     
         558  -1772.2752808976654     
         559  -1800.6365249374890     
         560  -1807.3714509966196     
         561  -1799.3414891735815     
         562  -1814.0927724934481     
         563  -1802.4755662902207     
         564  -1797.8196309485675     
         565  -1791.3811139649536     
         566  -1806.9525800013262     
         567  -1801.8295210315846     
         568  -1774.8549686887718     
         569  -1764.0342753213490     
         570  -1759.1027055330337     
         571  -1749.3403776527668     
         572  -1775.7554744914021     
         573  -1768.8710629229920     
         574  -1814.9024355782831     
         575  -1826.8214955245041     
         576  -1814.2800635929882     
         577  -1777.6742214602759     
         578  -1830.2493811680254     
         579  -1865.2257312971824     
         580  -1856.7833870982488     
         581  -1840.9862137587977     
         582  -1845.3120321616884     
         583  -1867.4930668659865     
         584  -1849.3994628158032     
         585  -1867.0303828638257     
         586  -1864.7368658409064     
         587  -1880.4419482904800     
         588  -1879.1022154412060     
         589  -1862.3264171730066     
         590  -1903.4430643471121     
         591  -1904.2417856932825     
         592  -1893.1925442570509     
         593  -1874.2144006120179     
         594  -1879.9012907517238     
         595  -1921.1621081762339     
         596  -1894.6052645031264     
         597  -1929.2708181174714     
         598  -1889.3538633782946     
         599  -1865.7594720988182     
         600  -1920.0389023973235     
         601  -1890.8840579709829     
         602  -1906.0263740752498     
         603  -1896.0428294347823     
         604  -1879.9682260139839     
         605  -1887.7459974886522     
         606  -1879.3748333160827     
         607  -1844.2690298884636     
         608  -1827.5023114055562     
         609  -1817.6227349018091     
         610  -1863.1683580846366     
         611  -1822.1859380835965     
         612  -1806.2766530618021     
         613  -1797.8462486822011     
         614  -1797.2300747408713     
         615  -1839.5541259526606     
         616  -1798.6339585387050     
         617  -1781.9713525555435     
         618  -1829.2470040963344     
         619  -1823.9861955247197     
         620  -1819.8392712716091     
         621  -1779.2333925537671     
         622  -1797.1395342035883     
         623  -1777.2927730990307     
         624  -1789.3599893223843     
         625  -1804.8026829929668     
         626  -1774.6597861396497     
         627  -1801.2393113138321     
         628  -1811.2410409426927     
         629  -1824.8931585947039     
         630  -1797.7083196718563     
         631  -1808.4078213843411     
         632  -1763.7784674184957     
         633  -1786.1147011178157     
         634  -1774.2338526701635     
         635  -1744.8588252506538     
         636  -1787.2821659046456     
         637  -1768.9969668450726     
         638  -1771.9672193753452     
         639  -1758.1040365196284     
         640  -1779.4402796094644     
         641  -1829.7716629931372     
         642  -1852.8030180909768     
         643  -1816.0020685939123     
         644  -1823.6272725459726     
         645  -1816.1572031264575     
         646  -1789.5127497835288     
         647  -1786.4961800154235     
         648  -1789.9795617253192     
         649  -1771.8961596740019     
         650  -1800.3722515970915     
         651  -1801.1733117915562     
         652  -1795.4039260394229     
         653  -1815.8364411445621     
         654  -1815.1878675657199     
         655  -1800.0941835417432     
         656  -1778.7220318574193     
         657  -1808.0685282461814     
         658  -1789.8259351289214     
         659  -1798.3848147553276     
         660  -1823.9925572574557     
         661  -1807.9081152824606     
         662  -1814.1854347985468     
         663  -1824.3492295123895     
         664  -1824.6684357450824     
         665  -1843.1487162768478     
         666  -1816.4090287969154     
         667  -1826.6131999962993     
         668  -1813.6412466837089     
         669  -1829.8533996131073     
         670  -1790.4781955019946     
         671  -1795.7974894282429     
         672  -1779.6661045083749     
         673  -1782.9535471452816     
         674  -1814.3258945965272     
         675  -1838.7908029561531     
         676  -1835.0942749395879     
         677  -1777.7797166837843     
         678  -1799.9002393525161     
         679  -1797.0009367872387     
         680  -1801.1424974381237     
         681  -1765.6780381295398     
         682  -1797.2841602997105     
         683  -1823.8256458001060     
         684  -1845.6446747787970     
         685  -1837.4130063286154     
         686  -1827.4003244351261     
         687  -1826.2626466131640     
         688  -1823.9777993385724     
         689  -1845.6799117126639     
         690  -1834.2110009070079     
         691  -1810.8267311597858     
         692  -1793.1204796028710     
         693  -1843.3721821034480     
         694  -1818.6407904068089     
         695  -1829.1425760515608     
         696  -1823.4000148751261     
         697  -1857.6346704658629     
         698  -1842.8615439690252     
         699  -1857.6732419339858     
         700  -1887.0729768504279     
         701  -1870.3506617232529     
         702  -1890.1356260698794     
         703  -1856.4179856425926     
         704  -1904.0195998762745     
         705  -1900.3883285773024     
         706  -1909.3093995819261     
         707  -1934.8457618751224     
         708  -1943.0238266376871     
         709  -1977.1682487240685     
         710  -1968.1358129884140     
         711  -1957.3990079825949     
         712  -1957.7663987756387     
         713  -1946.9336464366515     
         714  -1920.7025049248409     
         715  -1943.1066294929126     
         716  -1918.7188115583181     
         717  -1914.5806704847369     
         718  -1932.3379008490572     
         719  -1939.0023524305102     
         720  -1928.9981105451488     
         721  -1877.3730230950712     
         722  -1900.7472634848539     
         723  -1906.5385445261247     
         724  -1890.5008261786406     
         725  -1910.5355742730183     
         726  -1904.6542379080383     
         727  -1902.7660470305698     
         728  -1889.3435948187614     
         729  -1892.9203657327214     
         730  -1872.5862156809458     
         731  -1872.9159900660245     
         732  -1873.9726725941380     
         733  -1847.2225409749556     
         734  -1860.7014396195955     
         735  -1883.8525159043488     
         736  -1878.4550047726530     
         737  -1871.4882840694177     
         738  -1847.1764327738049     
         739  -1831.5758392585456     
         740  -1836.2435271763793     
         741  -1829.5607460558558     
         742  -1829.5235920764226     
         743  -1821.9973148801917     
         744  -1825.7910176157648     
         745  -1860.7037411497786     
         746  -1836.5357299784632     
         747  -1819.1476558693023     
         748  -1828.9262349659957     
         749  -1826.8898776205169     
         750  -1850.8933598544222     
         751  -1840.0624700213182     
         752  -1830.6337063695257     
         753  -1789.2819936813773     
         754  -1781.0714609374461     
         755  -1757.9668317289174     
         756  -1820.0802182546724     
         757  -1851.3058910339546     
         758  -1792.0641342398460     
         759  -1810.2116434041254     
         760  -1820.7942073980812     
         761  -1841.0964996003440     
         762  -1788.2018609400664     
         763  -1839.7393816670660     
         764  -1832.1421646993178     
         765  -1822.1825761404350     
         766  -1828.3946743461845     
         767  -1807.8980736626720     
         768  -1788.4650202776768     
         769  -1794.3682193940940     
         770  -1802.5844882259428     
         771  -1799.4699679920861     
         772  -1802.2460564244259     
         773  -1791.8282310305535     
         774  -1810.5967577789397     
         775  -1820.8509031523865     
         776  -1803.9962687571351     
         777  -1786.7969381005744     
         778  -1764.8463523233895     
         779  -1779.4257320437252     
         780  -1786.4568101797508     
         781  -1766.8589123196398     
         782  -1793.6446624110988     
         783  -1830.4645904271667     
         784  -1842.1175621197369     
         785  -1842.2207389872638     
         786  -1863.5228813052479     
         787  -1848.3913641163795     
         788  -1813.3714740109501     
         789  -1828.0820543334605     
         790  -1848.7836085390798     
         791  -1840.9879946148931     
         792  -1814.9063826620711     
         793  -1789.2085330478865     
         794  -1793.1144756708670     
         795  -1770.4705137374003     
         796  -1752.6574217330979     
         797  -1753.1715873422090     
         798  -1761.3878880943546     
         799  -1745.0903881685147     
         800  -1696.3081699949278     
         801  -1730.1475144177864     
         802  -1760.9848523016490     
         803  -1771.3331678232780     
         804  -1785.3039676275464     
         805  -1767.2349442497268     
         806  -1759.3571377736655     
         807  -1780.3949034819809     
         808  -1779.4498893802404     
         809  -1772.8990395528974     
         810  -1790.2519613232871     
         811  -1812.7462927280492     
         812  -1825.4089495504395     
         813  -1821.0450185250434     
         814  -1828.7716703555225     
         815  -1851.7009575248078     
         816  -1853.2771669668023     
         817  -1829.1273776223582     
         818  -1828.1249782977679     
         819  -1824.2836424752741     
         820  -1812.6092891255107     
         821  -1824.4014292106419     
         822  -1834.0807027869364     
         823  -1857.0446313943330     
         824  -1862.1893863863841     
         825  -1918.2650218653657     
         826  -1884.5065105094059     
         827  -1896.5899307554155     
         828  -1880.0207829877729     
         829  -1836.3383536202339     
         830  -1846.6527181860549     
         831  -1864.5835189996444     
         832  -1888.5896812296037     
         833  -1907.0879614028390     
         834  -1894.7596321935794     
         835  -1891.6651764738940     
         836  -1883.0968887931656     
         837  -1914.5213175341707     
         838  -1913.8960594002135     
         839  -1885.7772312306524     
         840  -1894.4630140372462     
         841  -1853.0620804200148     
         842  -1874.9484200495772     
         843  -1909.1692535648594     
         844  -1907.1113583942665     
         845  -1923.6828729946949     
         846  -1915.3663416204529     
         847  -1924.0586641964396     
         848  -1907.2985960434530     
         849  -1890.4126892931317     
         850  -1889.7281374821237     
         851  -1899.3442516374678     
         852  -1901.0670625157804     
         853  -1855.5675861492607     
         854  -1868.6113687538802     
         855  -1866.2914488837487     
         856  -1856.7091982951526     
         857  -1820.4639085294805     
         858  -1840.3617930868415     
         859  -1856.3781868811502     
         860  -1887.0926624866922     
         861  -1880.5375592516291     
         862  -1821.0232085462951     
         863  -1805.0841559384776     
         864  -1821.8186864897687     
         865  -1831.6163393924821     
         866  -1865.2350783536604     
         867  -1816.9906370270601     
         868  -1845.6347518255263     
         869  -1800.1869122652936     
         870  -1801.1219851914036     
         871  -1828.5046662002489     
         872  -1801.8173245492023     
         873  -1865.9894484759800     
         874  -1845.3601507628987     
         875  -1850.1534646480427     
         876  -1861.7675669758005     
         877  -1820.0956323516011     
         878  -1825.4043191699495     
         879  -1816.6037836482969     
         880  -1808.8012922949365     
         881  -1824.7807955364647     
         882  -1860.2499384778953     
         883  -1822.7043364833428     
         884  -1867.3135137879308     
         885  -1875.7803073720447     
         886  -1885.2192529573442     
         887  -1855.0965872251006     
         888  -1857.9814245756836     
         889  -1837.2886294183561     
         890  -1807.3818267418631     
         891  -1826.0862715272658     
         892  -1820.3698479364575     
         893  -1803.9073246836942     
         894  -1808.9815926634024     
         895  -1826.3361315596715     
         896  -1791.1525485700440     
         897  -1795.0769868262121     
         898  -1797.5249364783569     
         899  -1778.5275327034440     
         900  -1783.4476925807278     
         901  -1795.0655698194910     
         902  -1848.9531287938778     
         903  -1838.1532818711269     
         904  -1804.3027663996559     
         905  -1797.0739454462121     
         906  -1802.7065366129261     
         907  -1803.9229317493794     
         908  -1813.2738913725043     
         909  -1813.5626172080435     
         910  -1768.8652984087021     
         911  -1797.1983372096033     
         912  -1770.5799905470135     
         913  -1775.5426206536890     
         914  -1793.7171794132435     
         915  -1804.7286736059505     
         916  -1841.1048256223680     
         917  -1844.6358662231371     
         918  -1846.0548306931328     
         919  -1837.8327164338491     
         920  -1833.2666223141605     
         921  -1816.5194708937859     
         922  -1800.4080416176830     
         923  -1814.4762010443694     
         924  -1823.7043167864842     
         925  -1820.7296773631811     
         926  -1823.9176542283560     
         927  -1813.0346782852012     
         928  -1819.8799636103288     
         929  -1821.1156435657222     
         930  -1797.2436908557499     
         931  -1757.9817993406784     
         932  -1757.2730618886249     
         933  -1724.7434827305517     
         934  -1794.0122207721331     
         935  -1789.7174115893349     
         936  -1782.8039911622700     
         937  -1781.3445104596922     
         938  -1782.0859458885366     
         939  -1760.0805951194036     
         940  -1769.4378267345676     
         941  -1755.5774593085353     
         942  -1769.3655717091167     
         943  -1753.7408267914054     
         944  -1726.6085040522846     
         945  -1747.8159358742471     
         946  -1775.5895770561908     
         947  -1788.1966595398317     
         948  -1798.7588167335402     
         949  -1787.0953930928933     
         950  -1815.5918485321577     
         951  -1828.9251822926033     
         952  -1797.5942790536349     
         953  -1819.8273841454657     
         954  -1804.4705299914024     
         955  -1768.9013371016929     
         956  -1768.9762514717054     
         957  -1757.5858710315988     
         958  -1738.8489452945155     
         959  -1756.1039920952305     
         960  -1752.1924027483014     
         961  -1734.8699054576150     
         962  -1716.5915301613527     
         963  -1720.5602143933752     
         964  -1709.0115015085157     
         965  -1699.9310677461101     
         966  -1727.9350033407691     
         967  -1756.0510796677879     
         968  -1759.8048621064524     
         969  -1767.8093971442313     
         970  -1772.2463321893608     
         971  -1801.1083450405808     
         972  -1765.0450349842233     
         973  -1747.7234782059343     
         974  -1784.8879304436202     
         975  -1765.6561028029746     
         976  -1795.9884302163348     
         977  -1796.9515908129447     
         978  -1812.9858579980914     
         979  -1812.9075990781091     
         980  -1797.7590849060607     
         981  -1791.6768039189080     
         982  -1779.5115013741790     
         983  -1746.9441923726204     
         984  -1764.9084185331571     
         985  -1751.6721121028436     
         986  -1772.6244163797144     
         987  -1789.8003710953565     
         988  -1815.7884989037768     
         989  -1802.6812746091298     
         990  -1798.8798052782122     
         991  -1802.3747786972581     
         992  -1772.1951144605828     
         993  -1801.2630614688524     
         994  -1784.9264986583760     
         995  -1828.3596168343051     
         996  -1822.3120560974949     
         997  -1809.7325696556240     
         998  -1780.9446414950480     
         999  -1781.5519596273366     
        1000  -1793.2211853589924     
        1001  -1798.1242838878841     
        1002  -1800.3860943804400     
        1003  -1804.2372951271686     
        1004  -1824.0765088655014     
        1005  -1804.5333327606313     
        1006  -1809.5023482801519     
        1007  -1818.2288321746564     
        1008  -1824.8847536579508     
        1009  -1822.6379441262707     
        1010  -1844.6250414445794     
        1011  -1848.1629325218560     
        1012  -1840.6236636643248     
        1013  -1859.7483329892825     
        1014  -1881.3994323347447     
        1015  -1844.2644513792204     
        1016  -1822.7799605957730     
        1017  -1810.5974370886233     
        1018  -1786.9711458543293     
        1019  -1796.5813836638622     
        1020  -1784.9576821267062     
        1021  -1794.4263968502521     
        1022  -1807.6798986817998     
        1023  -1783.1164633270769     
        1024  -1776.8753963856398     
        1025  -1817.7756549384537     
        1026  -1793.1055785616820     
        1027  -1774.8403059386039     
        1028  -1785.4680344354567     
        1029  -1803.0843020147872     
        1030  -1831.2104363806218     
        1031  -1832.6257809220926     
        1032  -1847.2086125319440     
        1033  -1858.7770621589077     
        1034  -1860.1589145609894     
        1035  -1853.0735788913507     
        1036  -1813.7117204399581     
        1037  -1856.4385999203998     
        1038  -1859.0815447098248     
        1039  -1882.9604601265653     
        1040  -1848.0044111585821     
        1041  -1837.0636352356291     
        1042  -1813.6403959276377     
        1043  -1864.4391621353200     
        1044  -1830.6774485375777     
        1045  -1859.9122488065068     
        1046  -1838.5986692193378     
        1047  -1853.2427072562264     
        1048  -1867.4346379726228     
        1049  -1872.0287811540579     
        1050  -1843.8386534648721     
        1051  -1859.2923231166062     
        1052  -1868.4587836571459     
        1053  -1855.0852202541239     
        1054  -1836.4775664587087     
        1055  -1816.6774826676719     
        1056  -1823.2666544612780     
        1057  -1809.3103420909720     
        1058  -1788.8604192561008     
        1059  -1788.9580091894586     
        1060  -1818.1880449943660     
        1061  -1813.6424649307926     
        1062  -1821.9143126175366     
        1063  -1837.5423797540852     
        1064  -1829.0849922214152     
        1065  -1818.3746250508395     
        1066  -1841.4241552243498     
        1067  -1822.7285424427530     
        1068  -1850.3337863904535     
        1069  -1871.0353121141411     
        1070  -1881.6627175150336     
        1071  -1864.0843291953270     
        1072  -1857.8671999698040     
        1073  -1849.9304955436990     
        1074  -1843.0837823308391     
        1075  -1840.8928284398373     
        1076  -1798.6944271900834     
        1077  -1799.8999798565937     
        1078  -1818.3259895891395     
        1079  -1777.9099109393405     
        1080  -1806.5076094429926     
        1081  -1819.2830613317515     
        1082  -1849.8805223684565     
        1083  -1831.7747061378188     
        1084  -1859.7296375421993     
        1085  -1872.2378999768284     
        1086  -1838.9988993190054     
        1087  -1851.2225097412863     
        1088  -1812.3122986330466     
        1089  -1823.7274220116599     
        1090  -1815.2063570181992     
        1091  -1810.4472509734080     
        1092  -1797.5531697678118     
        1093  -1823.7862763010905     
        1094  -1822.9475909445487     
        1095  -1857.2182305193669     
        1096  -1812.6618196148468     
        1097  -1809.0125356858446     
        1098  -1801.5780288685573     
        1099  -1795.7649640846512     
        1100  -1802.8578123844954     
        1101  -1825.9784712107589     
        1102  -1825.2478773427845     
        1103  -1872.7337684202807     
        1104  -1855.2186992426184     
        1105  -1853.2410799098059     
        1106  -1853.2709105873098     
        1107  -1887.0141426870703     
        1108  -1835.3119813219726     
        1109  -1853.4663738773477     
        1110  -1838.0548796639730     
        1111  -1823.0449478088208     
        1112  -1858.9355295871947     
        1113  -1882.4370074365493     
        1114  -1847.1450108160391     
        1115  -1827.2617825415848     
        1116  -1822.1723325578232     
        1117  -1834.5566764625596     
        1118  -1836.7156616293994     
        1119  -1859.2150885601620     
        1120  -1832.6562759479777     
        1121  -1791.1189782146034     
        1122  -1795.6746256308882     
        1123  -1791.6768757076318     
        1124  -1831.3420041487313     
        1125  -1826.7384256743173     
        1126  -1804.7685038325083     
        1127  -1816.7982594196696     
        1128  -1801.6542983042905     
        1129  -1786.7826523659703     
        1130  -1811.2803315928584     
        1131  -1818.8068116061531     
        1132  -1833.7421925989172     
        1133  -1825.3577525610142     
        1134  -1814.6152363249862     
        1135  -1817.6108202198218     
        1136  -1814.1248127021988     
        1137  -1803.5699818766386     
        1138  -1824.8159089177882     
        1139  -1840.4992290406351     
        1140  -1802.5437553753518     
        1141  -1810.5999979881392     
        1142  -1805.9434939967716     
        1143  -1849.3208734265563     
        1144  -1854.6144307657189     
        1145  -1817.1631198681835     
        1146  -1796.1782692137997     
        1147  -1797.4095900011614     
        1148  -1815.8672361486747     
        1149  -1853.8683056164207     
        1150  -1837.6325425879463     
        1151  -1822.8286849236069     
        1152  -1793.8824983098750     
        1153  -1785.9392259803205     
        1154  -1816.5154102055888     
        1155  -1830.7413012179479     
        1156  -1797.8430767313087     
        1157  -1809.3345771581157     
        1158  -1809.3929560149586     
        1159  -1819.2451843619906     
        1160  -1798.7635530599116     
        1161  -1806.5268402784757     
        1162  -1797.6228300214616     
        1163  -1800.8043851716802     
        1164  -1802.6109472067442     
        1165  -1799.6158304165986     
        1166  -1787.8644077634019     
        1167  -1802.9406751718864     
        1168  -1837.8507143243426     
        1169  -1827.4234613534475     
        1170  -1863.9446552203906     
        1171  -1871.1868406084218     
        1172  -1847.2554401257087     
        1173  -1834.3937905987636     
        1174  -1821.5561068231500     
        1175  -1840.2070586368191     
        1176  -1829.4452591823199     
        1177  -1834.8809066603553     
        1178  -1840.0719165992041     
        1179  -1854.4834022723103     
        1180  -1879.9752046428023     
        1181  -1899.4113033358656     
        1182  -1890.0266740312886     
        1183  -1874.4764609583135     
        1184  -1908.0046154777983     
        1185  -1877.1731990648902     
        1186  -1823.1905482271172     
        1187  -1858.7142484946312     
        1188  -1836.3828786969914     
        1189  -1834.3202172477352     
        1190  -1836.7400350145401     
        1191  -1828.8678949187652     
        1192  -1828.0011094873814     
        1193  -1826.7686103559627     
        1194  -1841.8022302228439     
        1195  -1869.7948903835631     
        1196  -1833.7701230978382     
        1197  -1815.8573342437119     
        1198  -1826.4079905300778     
        1199  -1823.0461694525579     
        1200  -1812.7003254218639     
        1201  -1825.1184206803825     
        1202  -1838.2057729460516     
        1203  -1837.0159181129509     
        1204  -1831.9551392803883     
        1205  -1821.7288153264183     
        1206  -1835.5390904914759     
        1207  -1841.6669689206360     
        1208  -1800.4377283843287     
        1209  -1811.6652543089870     
        1210  -1793.9056535957325     
        1211  -1756.2721862216954     
        1212  -1794.3389514533305     
        1213  -1836.0920643813536     
        1214  -1884.8657709222302     
        1215  -1893.9380561464013     
        1216  -1898.4495610320387     
        1217  -1880.0544954882321     
        1218  -1879.4815945660357     
        1219  -1850.1581114491048     
        1220  -1837.1074089114443     
        1221  -1865.0448963980934     
        1222  -1852.9622373080788     
        1223  -1837.3829944306808     
        1224  -1819.0167029444544     
        1225  -1827.2163211491929     
        1226  -1836.9246513929536     
        1227  -1831.3931745438472     
        1228  -1815.3337629497003     
        1229  -1814.3636126601996     
        1230  -1811.4983013168342     
        1231  -1801.7938822813016     
        1232  -1826.2415715222612     
        1233  -1800.6215614999696     
        1234  -1796.4259313528134     
        1235  -1778.8286817819624     
        1236  -1757.5512462582471     
        1237  -1788.0229695839769     
        1238  -1763.1261318662155     
        1239  -1773.6989018886461     
        1240  -1807.8174429419680     
        1241  -1795.4464232683213     
        1242  -1806.1992178271032     
        1243  -1813.8717314984979     
        1244  -1810.1814862927911     
        1245  -1715.9369670364977     
        1246  -1749.7946561755621     
        1247  -1743.8406783438579     
        1248  -1740.2726441389368     
        1249  -1731.4924819728112     
        1250  -1745.5149807393084     
        1251  -1770.7055299023946     
        1252  -1776.6309680479471     
        1253  -1764.1611654922012     
        1254  -1776.6881975932724     
        1255  -1775.1880932541785     
        1256  -1748.5820153535481     
        1257  -1772.1271681607391     
        1258  -1791.1534757234169     
        1259  -1802.7907836579122     
        1260  -1845.5428656184467     
        1261  -1846.5190815887729     
        1262  -1839.5055971336712     
        1263  -1823.6167566024105     
        1264  -1839.7349580512650     
        1265  -1822.4244984317334     
        1266  -1801.2347141518753     
        1267  -1788.6997548431789     
        1268  -1818.3768690035365     
        1269  -1805.4923458002449     
        1270  -1819.2106112248341     
        1271  -1815.4710321294506     
        1272  -1834.9875909648467     
        1273  -1815.5645970200326     
        1274  -1817.2962133248325     
        1275  -1772.7272773367029     
        1276  -1743.4064481711362     
        1277  -1773.9557807022629     
        1278  -1797.3591251127148     
        1279  -1807.0733921134458     
        1280  -1828.7311887836916     
        1281  -1825.3388501428078     
        1282  -1791.8097901445212     
        1283  -1795.2164748643161     
        1284  -1791.5449955376130     
        1285  -1798.7538303444906     
        1286  -1813.5432632211866     
        1287  -1815.8767854258665     
        1288  -1840.8771664463243     
        1289  -1830.9572912604099     
        1290  -1817.3824673481349     
        1291  -1848.6977707632780     
        1292  -1834.9497975723120     
        1293  -1872.9744623706258     
        1294  -1845.1563420476432     
        1295  -1853.2307678649788     
        1296  -1889.8514308256629     
        1297  -1902.9897934979790     
        1298  -1861.6283287005249     
        1299  -1854.1802568971420     
        1300  -1843.5874139103823     
        1301  -1813.0501854187628     
        1302  -1775.7850177998973     
        1303  -1815.3488563640758     
        1304  -1805.6111637276733     
        1305  -1845.2270430206584     
        1306  -1849.3471701480964     
        1307  -1863.8319691923080     
        1308  -1822.3759741639531     
        1309  -1835.6046677348461     
        1310  -1877.4730853602371     
        1311  -1867.0832713125228     
        1312  -1846.6637083043111     
        1313  -1848.6170405085052     
        1314  -1845.8118585659215     
        1315  -1836.6203673671478     
        1316  -1831.1438136262893     
        1317  -1834.2991305558041     
        1318  -1846.3007558147435     
        1319  -1858.0582327310512     
        1320  -1851.3817818465518     
        1321  -1866.7431150751058     
        1322  -1832.8968699706249     
        1323  -1791.4809962027325     
        1324  -1811.3936315061351     
        1325  -1776.1542080277668     
        1326  -1796.2562617794138     
        1327  -1781.0793358762119     
        1328  -1808.6563610380219     
        1329  -1835.1618182102725     
        1330  -1865.7129836151744     
        1331  -1864.9692308418687     
        1332  -1872.3767645902776     
        1333  -1868.9061103616204     
        1334  -1864.8727256363761     
        1335  -1885.8540106428063     
        1336  -1849.4643164010399     
        1337  -1869.9662078182316     
        1338  -1888.6652340156841     
        1339  -1894.3579860930961     
        1340  -1894.7782932193688     
        1341  -1932.2224614600896     
        1342  -1916.5523222976040     
        1343  -1888.9010326964928     
        1344  -1889.1993667974405     
        1345  -1871.6033856269219     
        1346  -1872.1163395646295     
        1347  -1875.1018231501128     
        1348  -1869.1404501215634     
        1349  -1871.5433610660468     
        1350  -1874.0783567732258     
        1351  -1911.4831436013483     
        1352  -1911.5570266022282     
        1353  -1884.7848594151988     
        1354  -1881.3757031835758     
        1355  -1860.4586750081314     
        1356  -1867.0943597494847     
        1357  -1843.0287254599125     
        1358  -1823.1780519779309     
        1359  -1814.8221877256258     
        1360  -1801.2561342392767     
        1361  -1798.5383614448228     
        1362  -1805.2267820817985     
        1363  -1820.2002506434019     
        1364  -1853.7677932309577     
        1365  -1859.3497386034494     
        1366  -1891.5515221514800     
        1367  -1877.6662183923759     
        1368  -1899.3306862714064     
        1369  -1906.2545765549673     
        1370  -1899.0834498216966     
        1371  -1880.2588816929615     
        1372  -1865.2178615642636     
        1373  -1869.2333423504269     
        1374  -1873.8801898244158     
        1375  -1870.0092837440563     
        1376  -1830.2444093439710     
        1377  -1813.0747727833602     
        1378  -1850.9202367220294     
        1379  -1868.9650099922949     
        1380  -1879.2621183405954     
        1381  -1876.6525518596361     
        1382  -1840.6440716711024     
        1383  -1822.0339442377833     
        1384  -1812.1553312441436     
        1385  -1825.0737551658726     
        1386  -1835.3282345212535     
        1387  -1851.6685503194497     
        1388  -1823.1479946565025     
        1389  -1800.6417909714492     
        1390  -1815.8024477973297     
        1391  -1820.8849437042286     
        1392  -1840.1835482176755     
        1393  -1836.9376123401883     
        1394  -1819.2741584283403     
        1395  -1815.5100433518846     
        1396  -1820.9427884211836     
        1397  -1826.3615804121471     
        1398  -1845.0161535463803     
        1399  -1847.3795027616723     
        1400  -1845.1891630942737     
        1401  -1827.3045235170300     
        1402  -1815.4497899803996     
        1403  -1866.1458349319867     
        1404  -1871.6935312845415     
        1405  -1855.5216026981802     
        1406  -1876.8436118953662     
        1407  -1881.8364384728277     
        1408  -1912.7804464898074     
        1409  -1912.4459784796936     
        1410  -1903.8720208290724     
        1411  -1856.5744843828138     
        1412  -1853.5385020239562     
        1413  -1846.3983597384661     
        1414  -1857.6140722017667     
        1415  -1867.0271647178531     
        1416  -1860.7034984818206     
        1417  -1858.6335369674166     
        1418  -1853.2759329040757     
        1419  -1850.0347438502731     
        1420  -1882.2538095169025     
        1421  -1870.8264192723702     
        1422  -1852.5722512850507     
        1423  -1855.9817834934795     
        1424  -1876.1971774124456     
        1425  -1891.9327607930900     
        1426  -1893.4236457280524     
        1427  -1866.2404648647409     
        1428  -1858.2277665304132     
        1429  -1864.4022459858238     
        1430  -1847.6284695359182     
        1431  -1851.3348110914494     
        1432  -1868.9725127263487     
        1433  -1865.6045378106326     
        1434  -1865.6076362955944     
        1435  -1894.4894634971495     
        1436  -1890.3631971658613     
        1437  -1881.6636471438089     
        1438  -1890.9210378269991     
        1439  -1872.1703632435572     
        1440  -1881.0232436584386     
        1441  -1859.6273513790577     
        1442  -1815.2852756816669     
        1443  -1833.1058182721017     
        1444  -1806.2649563100324     
        1445  -1798.3585903758164     
        1446  -1768.8141485135279     
        1447  -1809.9456473627934     
        1448  -1830.1827954481189     
        1449  -1854.3873496139779     
        1450  -1819.0985626012523     
        1451  -1799.8079554234337     
        1452  -1812.3550229832022     
        1453  -1816.4595019447427     
        1454  -1835.9824025660089     
        1455  -1810.6622569358149     
        1456  -1825.8827338008689     
        1457  -1834.0443746592541     
        1458  -1777.1283450739006     
        1459  -1772.8564363761514     
        1460  -1789.3955717145614     
        1461  -1795.6510071602838     
        1462  -1792.0848813799655     
        1463  -1769.4419339913263     
        1464  -1746.8887035389489     
        1465  -1760.7425377583647     
        1466  -1729.7945717957243     
        1467  -1769.1378830270273     
        1468  -1767.6849167043592     
        1469  -1786.8565237025307     
        1470  -1793.6915063377512     
        1471  -1765.1213097210884     
        1472  -1758.9079804365936     
        1473  -1794.7398819761545     
        1474  -1791.4041663655257     
        1475  -1826.0630638562582     
        1476  -1821.4009326429436     
        1477  -1848.8005590318107     
        1478  -1837.5843436013411     
        1479  -1836.5569904749077     
        1480  -1812.4689900095268     
        1481  -1823.3636693881881     
        1482  -1823.3024369636080     
        1483  -1825.2194900841873     
        1484  -1837.8029318631529     
        1485  -1829.8195474854283     
        1486  -1839.8728009065171     
        1487  -1822.7552622299359     
        1488  -1860.0419747047490     
        1489  -1825.3911869874476     
        1490  -1848.2941103444282     
        1491  -1869.8735363541882     
        1492  -1894.8172321863053     
        1493  -1885.2590463000909     
        1494  -1819.5672247895209     
        1495  -1860.9925596029273     
        1496  -1874.5000895985029     
        1497  -1827.4067726505173     
        1498  -1854.2523241084534     
        1499  -1851.3416435616739     
        1500  -1830.2115983066562     
        1501  -1832.9297908793960     
        1502  -1838.4148363513125     
        1503  -1833.9628751395403     
        1504  -1874.5057179120947     
        1505  -1809.3819802048661     
        1506  -1825.9555702440207     
        1507  -1802.0789979111121     
        1508  -1820.9519684548959     
        1509  -1820.5726818282203     
        1510  -1841.4026056018117     
        1511  -1831.1330154154969     
        1512  -1856.9581366808256     
        1513  -1856.6215921866019     
        1514  -1872.5444297381691     
        1515  -1867.3306031006648     
        1516  -1869.1409625171502     
        1517  -1875.3933178376899     
        1518  -1874.8106984740405     
        1519  -1812.2110586535346     
        1520  -1822.0480553895852     
        1521  -1832.4784153676210     
        1522  -1837.6024379470969     
        1523  -1890.4111601837521     
        1524  -1881.3263539414058     
        1525  -1850.7527490424973     
        1526  -1889.3285536957299     
        1527  -1889.7613487842591     
        1528  -1883.3389292361298     
        1529  -1883.8624755035637     
        1530  -1874.0499207902596     
        1531  -1865.6906077520769     
        1532  -1856.5163703764013     
        1533  -1846.6151572434142     
        1534  -1872.4056299481567     
        1535  -1848.2920554259583     
        1536  -1865.8264217922585     
        1537  -1870.3330069320562     
        1538  -1859.4989922096188     
        1539  -1882.5416538702386     
        1540  -1892.4345617358497     
        1541  -1894.0655533496956     
        1542  -1894.8864502308274     
        1543  -1884.6660109585068     
        1544  -1872.5636090193450     
        1545  -1892.5370819780592     
        1546  -1930.4386233141090     
        1547  -1937.1804550849586     
        1548  -1928.5993115579720     
        1549  -1920.1549683472729     
        1550  -1890.7358543173737     
        1551  -1882.0413206533472     
        1552  -1884.9236616792373     
        1553  -1842.8589316641267     
        1554  -1871.6296341090422     
        1555  -1828.6678831348547     
        1556  -1811.8482661099731     
        1557  -1822.1506362591729     
        1558  -1799.6300335899975     
        1559  -1803.2134603921952     
        1560  -1800.0017121170995     
        1561  -1800.4583789261669     
        1562  -1784.5028447984421     
        1563  -1782.7362294927050     
        1564  -1789.4633168541870     
        1565  -1798.5221356191068     
        1566  -1796.4286413752047     
        1567  -1807.3767071937714     
        1568  -1797.9136233380243     
        1569  -1799.0935411230269     
        1570  -1856.9675746503506     
        1571  -1858.5902358120602     
        1572  -1879.3286740901112     
        1573  -1889.3340340375946     
        1574  -1897.5544600190174     
        1575  -1875.2428514285282     
        1576  -1842.6704064358769     
        1577  -1834.7297544574542     
        1578  -1840.0921473010249     
        1579  -1838.1542506631693     
        1580  -1825.5615985531470     
        1581  -1798.1347223494270     
        1582  -1799.9397639262190     
        1583  -1792.2174895635681     
        1584  -1820.5069594795978     
        1585  -1841.7683007568535     
        1586  -1814.3441643520343     
        1587  -1813.5686679504499     
        1588  -1788.0122224206059     
        1589  -1781.6621983897953     
        1590  -1803.0109144094697     
        1591  -1811.6895115264090     
        1592  -1808.5550145197137     
        1593  -1817.3563566129619     
        1594  -1800.7304712164985     
        1595  -1804.5430503536350     
        1596  -1796.8000601333879     
        1597  -1767.7925888918453     
        1598  -1795.8529402818831     
        1599  -1815.5595698928526     
        1600  -1809.0494444455012     
        1601  -1794.6093415306141     
        1602  -1837.2108175108158     
        1603  -1825.4290897907458     
        1604  -1848.6801677951544     
        1605  -1845.2843775299395     
        1606  -1863.2836891633017     
        1607  -1830.5877824359291     
        1608  -1834.8132249850912     
        1609  -1868.0587757779531     
        1610  -1859.4492275564207     
        1611  -1833.7767829504130     
        1612  -1833.5474169743072     
        1613  -1843.2835514631113     
        1614  -1853.2131970000514     
        1615  -1853.1090645027709     
        1616  -1828.2074731065507     
        1617  -1784.5205512053899     
        1618  -1775.8768041873229     
        1619  -1780.3513845124724     
        1620  -1801.2643343717896     
        1621  -1833.2558298201648     
        1622  -1823.8796885356433     
        1623  -1845.4001173922843     
        1624  -1834.3997341610623     
        1625  -1820.2536330313412     
        1626  -1849.6651432305343     
        1627  -1837.5835845915590     
        1628  -1839.5243354310726     
        1629  -1817.3862391851208     
        1630  -1819.0011036663216     
        1631  -1843.3451183640170     
        1632  -1788.3389790612941     
        1633  -1799.6976973492281     
        1634  -1810.3510878989084     
        1635  -1826.1260231338636     
        1636  -1809.7577438018059     
        1637  -1793.6647557099795     
        1638  -1776.2290273171377     
        1639  -1760.4382419875867     
        1640  -1780.5564128499104     
        1641  -1802.9033681536878     
        1642  -1778.6126648747925     
        1643  -1778.8992113195343     
        1644  -1786.0327287245564     
        1645  -1777.9689595920950     
        1646  -1762.2277455244907     
        1647  -1764.2715974566736     
        1648  -1796.0221488473287     
        1649  -1784.8678140014608     
        1650  -1816.7603638419721     
        1651  -1815.2862011564378     
        1652  -1793.5380481486870     
        1653  -1835.8215677835010     
        1654  -1838.0943916594533     
        1655  -1817.2321650970819     
        1656  -1859.8528512285018     
        1657  -1840.4611512553611     
        1658  -1803.0484190385382     
        1659  -1849.1757278762411     
        1660  -1834.2644294571421     
        1661  -1853.0638876596120     
        1662  -1851.0961647196491     
        1663  -1884.0164094003239     
        1664  -1858.7574716907870     
        1665  -1831.6937473925752     
        1666  -1818.4899878799538     
        1667  -1802.3069896110769     
        1668  -1795.9230798979427     
        1669  -1807.1637851667308     
        1670  -1855.0840198343499     
        1671  -1829.8283986091581     
        1672  -1816.5586845805378     
        1673  -1852.5478826005724     
        1674  -1832.4663838673011     
        1675  -1817.1042963427080     
        1676  -1828.0766617283452     
        1677  -1799.7577572139587     
        1678  -1796.4656644357449     
        1679  -1830.4114497635453     
        1680  -1833.3787614706409     
        1681  -1794.9779466903328     
        1682  -1825.9877006848878     
        1683  -1852.4140266760089     
        1684  -1852.9248223121288     
        1685  -1858.1986485482878     
        1686  -1901.0359788186627     
        1687  -1910.4847245467417     
        1688  -1901.4221283482441     
        1689  -1905.5535993375713     
        1690  -1907.0406159500646     
        1691  -1913.6865332043690     
        1692  -1895.5143150431254     
        1693  -1902.1217873109090     
        1694  -1933.2259827342730     
        1695  -1922.3627034255805     
        1696  -1895.3422347667642     
        1697  -1890.0498367590524     
        1698  -1874.7317966980775     
        1699  -1860.1302142233119     
        1700  -1867.0886069270634     
        1701  -1874.2643984679796     
        1702  -1883.7359522125312     
        1703  -1880.3480685916518     
        1704  -1882.7465457065282     
        1705  -1882.2656526543929     
        1706  -1872.6595880196953     
        1707  -1897.5083881645735     
        1708  -1904.2415387402693     
        1709  -1887.0296384567598     
        1710  -1894.9790980377593     
        1711  -1885.9006818814946     
        1712  -1847.9120568814599     
        1713  -1853.7308422040549     
        1714  -1861.8668943575215     
        1715  -1833.6054761596913     
        1716  -1841.8603909753831     
        1717  -1850.4266856648003     
        1718  -1829.4847412172119     
        1719  -1833.7290087100305     
        1720  -1832.8379851693894     
        1721  -1817.2166376878874     
        1722  -1804.1179011846032     
        1723  -1816.8976330708570     
        1724  -1798.6220770872487     
        1725  -1806.4566276581954     
        1726  -1799.6834003528199     
        1727  -1815.9987792203640     
        1728  -1832.7652506033799     
        1729  -1816.0600134127137     
        1730  -1799.5791235118304     
        1731  -1782.9753470877943     
        1732  -1817.3313740008016     
        1733  -1800.9510135672767     
        1734  -1790.8848540775018     
        1735  -1778.6411244719482     
        1736  -1763.2947362594189     
        1737  -1788.3150798479428     
        1738  -1782.6709184794965     
        1739  -1806.8154316142306     
        1740  -1810.4413355660884     
        1741  -1812.3768859247846     
        1742  -1847.5749201344227     
        1743  -1855.2428786001901     
        1744  -1854.2192728536133     
        1745  -1887.6617787361783     
        1746  -1884.2017656819417     
        1747  -1901.2605937687676     
        1748  -1885.2463622782409     
        1749  -1894.7522240609005     
        1750  -1886.1751740231691     
        1751  -1885.8593279002534     
        1752  -1918.1891944026818     
        1753  -1885.0829617741722     
        1754  -1841.7931936856537     
        1755  -1850.1462736295991     
        1756  -1857.7969742083978     
        1757  -1843.4835800940666     
        1758  -1848.5604239498571     
        1759  -1815.5011200459512     
        1760  -1824.7304238158840     
        1761  -1779.5637707695107     
        1762  -1810.8690066571294     
        1763  -1805.0360779881885     
        1764  -1777.6728094075054     
        1765  -1784.9682447434848     
        1766  -1802.1737610721680     
        1767  -1794.2856360149533     
        1768  -1799.2403616468371     
        1769  -1821.9768432472463     
        1770  -1832.2831980988196     
        1771  -1837.3846890686243     
        1772  -1859.8667358543146     
        1773  -1850.5668812230240     
        1774  -1868.3224557338983     
        1775  -1848.1469966791176     
        1776  -1825.4247586244769     
        1777  -1830.7455390699431     
        1778  -1788.8284116016771     
        1779  -1760.8417130557027     
        1780  -1755.7086251089324     
        1781  -1773.4018143369319     
        1782  -1744.9347691196510     
        1783  -1733.9459312929146     
        1784  -1758.3159210751728     
        1785  -1719.6407547151241     
        1786  -1721.0908996284927     
        1787  -1722.4762884573311     
        1788  -1707.4406344624761     
        1789  -1752.6336423995249     
        1790  -1782.1882034603252     
        1791  -1781.5566345855932     
        1792  -1808.3385347491405     
        1793  -1791.8045874356142     
        1794  -1796.3868789780011     
        1795  -1774.8753626082610     
        1796  -1785.3504673300454     
        1797  -1768.7818053669689     
        1798  -1797.0602667194992     
        1799  -1771.9191059818893     
        1800  -1769.0061824286308     
        1801  -1787.6875468690180     
        1802  -1806.5373839251793     
        1803  -1818.2095441960741     
        1804  -1805.8690015435486     
        1805  -1867.3269178639982     
        1806  -1852.5912774292015     
        1807  -1846.6447471335555     
        1808  -1859.9425755396192     
        1809  -1858.3816556746565     
        1810  -1848.9991494631197     
        1811  -1865.6396154676129     
        1812  -1862.8584188239495     
        1813  -1878.2761398984533     
        1814  -1913.5579611807152     
        1815  -1916.6703935744056     
        1816  -1894.7682428066537     
        1817  -1896.7604650988915     
        1818  -1886.1388274462217     
        1819  -1857.3019587620076     
        1820  -1839.3998156907708     
        1821  -1832.6501496705253     
        1822  -1789.1476375886330     
        1823  -1818.0755016716605     
        1824  -1801.8600029264719     
        1825  -1821.4751979176260     
        1826  -1842.2031207463369     
        1827  -1840.1188892549253     
        1828  -1795.1080660895570     
        1829  -1848.9401632699405     
        1830  -1844.0384769681507     
        1831  -1847.3235640312080     
        1832  -1855.9570733642479     
        1833  -1846.5916560608998     
        1834  -1900.7843524986351     
        1835  -1885.9110339832862     
        1836  -1904.3545617004354     
        1837  -1878.3448263063287     
        1838  -1879.4828924173598     
        1839  -1895.1354947971997     
        1840  -1860.8213788722107     
        1841  -1869.1670879556539     
        1842  -1863.1600064411530     
        1843  -1871.3926609158837     
        1844  -1893.0730145032885     
        1845  -1880.9586596229378     
        1846  -1867.3153557558246     
        1847  -1830.7604746740503     
        1848  -1837.5191780076905     
        1849  -1837.9305450660861     
        1850  -1844.2828088953258     
        1851  -1874.9793654251487     
        1852  -1857.4653321225053     
        1853  -1844.7082218907349     
        1854  -1837.2958434582815     
        1855  -1854.3367112120886     
        1856  -1820.5355049982181     
        1857  -1826.2779960310784     
        1858  -1814.4911597407850     
        1859  -1850.9877729951641     
        1860  -1839.5422923493131     
        1861  -1823.1483509806558     
        1862  -1830.3198023732509     
        1863  -1851.2823906138174     
        1864  -1840.6638316182516     
        1865  -1862.4428250436383     
        1866  -1862.3629709562128     
        1867  -1867.7146242044114     
        1868  -1869.9808719679284     
        1869  -1892.8485909369076     
        1870  -1861.5232980141272     
        1871  -1872.6916901126338     
        1872  -1858.0074521040374     
        1873  -1825.0191480900196     
        1874  -1807.2555383011181     
        1875  -1816.7356144800415     
        1876  -1820.8788675653925     
        1877  -1806.2195253704465     
        1878  -1813.7749626347984     
        1879  -1849.5931792487588     
        1880  -1842.2951231380748     
        1881  -1837.8703463450538     
        1882  -1879.6758649155804     
        1883  -1853.5552913746033     
        1884  -1843.1277579334308     
        1885  -1854.8328108648775     
        1886  -1863.1577905642966     
        1887  -1859.6400935717816     
        1888  -1852.6523800684997     
        1889  -1851.7262081953400     
        1890  -1834.8698894126260     
        1891  -1849.2613983449428     
        1892  -1844.5204677042314     
        1893  -1863.1796518710280     
        1894  -1825.2196434337604     
        1895  -1786.9727398880941     
        1896  -1833.2837611087814     
        1897  -1810.9013376766732     
        1898  -1794.1201352303647     
        1899  -1760.2234247442475     
        1900  -1749.5138292227446     
        1901  -1777.8270752926555     
        1902  -1760.4756152395578     
        1903  -1809.6653870416660     
        1904  -1829.0065151260239     
        1905  -1790.8446508903351     
        1906  -1809.5331062193893     
        1907  -1808.9385973273768     
        1908  -1826.0021083722906     
        1909  -1808.3644855363075     
        1910  -1800.3739777357548     
        1911  -1836.4223428479852     
        1912  -1802.1395911202387     
        1913  -1810.4857950309420     
        1914  -1794.7909006161606     
        1915  -1811.8074737422787     
        1916  -1781.3507936798203     
        1917  -1790.1681404169144     
        1918  -1777.9255786077608     
        1919  -1780.4545432189802     
        1920  -1784.7017923644314     
        1921  -1783.4116460641631     
        1922  -1775.7429053998178     
        1923  -1796.0791939194135     
        1924  -1806.7928935227565     
        1925  -1804.4339444054126     
        1926  -1785.4766828042484     
        1927  -1772.2489579240189     
        1928  -1772.5143810618104     
        1929  -1772.4722008628539     
        1930  -1780.8879395709416     
        1931  -1777.2067070837011     
        1932  -1786.4715349343287     
        1933  -1799.4213889067123     
        1934  -1791.4192121279609     
        1935  -1805.8972264835318     
        1936  -1776.5499296492412     
        1937  -1773.1279201490706     
        1938  -1790.1647008699506     
        1939  -1806.9951520279672     
        1940  -1783.0642908457783     
        1941  -1792.1938981378232     
        1942  -1806.1737294063223     
        1943  -1812.3684223864111     
        1944  -1834.1626639957437     
        1945  -1844.3757728425426     
        1946  -1821.8449410734149     
        1947  -1836.8743032514515     
        1948  -1810.0220046962156     
        1949  -1815.5548594099421     
        1950  -1823.4224158360814     
        1951  -1819.3978637246878     
        1952  -1797.7601152267234     
        1953  -1776.9927699403243     
        1954  -1772.9877089719162     
        1955  -1808.2321009009768     
        1956  -1759.9809988979055     
        1957  -1799.7384480221908     
        1958  -1772.3560812254204     
        1959  -1779.1518931122282     
        1960  -1786.0698910843689     
        1961  -1807.3149822438190     
        1962  -1807.3815682239167     
        1963  -1823.9032115665480     
        1964  -1823.2346749134820     
        1965  -1809.6118188219225     
        1966  -1818.0247578818864     
        1967  -1850.2653848269422     
        1968  -1829.3276892223905     
        1969  -1822.8725289290976     
        1970  -1812.5775536593715     
        1971  -1800.1917815656759     
        1972  -1803.5362980601894     
        1973  -1774.8774978808055     
        1974  -1795.4415936215144     
        1975  -1787.6370556152415     
        1976  -1810.6177268605959     
        1977  -1766.8287587961649     
        1978  -1783.5062702582611     
        1979  -1769.3098312977954     
        1980  -1771.2684400778558     
        1981  -1768.1904364996715     
        1982  -1793.2916125272982     
        1983  -1792.4998955322933     
        1984  -1764.2252039637169     
        1985  -1747.8200664764254     
        1986  -1796.6270923263976     
        1987  -1830.1510173121471     
        1988  -1840.1963642484420     
        1989  -1813.8829564370938     
        1990  -1788.0325390729254     
        1991  -1782.4158419765554     
        1992  -1774.1746741158820     
        1993  -1792.0830505985543     
        1994  -1769.6282523899213     
        1995  -1790.2643775916383     
        1996  -1793.2565896788442     
        1997  -1812.5603602141955     
        1998  -1799.0286825471717     
        1999  -1792.4491771467726     
        2000  -1773.7654540860103     
