 SAMPLE,  ENERGY
           1  -2293.2759557443737     
           2  -2296.0910715939085     
           3  -2314.0746698635398     
           4  -2342.9551436629836     
           5  -2336.1989620319164     
           6  -2333.4492945300130     
           7  -2360.1518453622671     
           8  -2343.6466553701630     
           9  -2396.3100121346324     
          10  -2338.7011334548683     
          11  -2332.4438817469013     
          12  -2353.7620424336851     
          13  -2345.0068533478538     
          14  -2320.2213257732042     
          15  -2317.7747394440225     
          16  -2323.1384754493729     
          17  -2324.2055817173182     
          18  -2279.7857963540364     
          19  -2293.7216438795017     
          20  -2273.6830565018749     
          21  -2276.1391016168914     
          22  -2273.0966547473922     
          23  -2292.6778596136487     
          24  -2344.4266983992716     
          25  -2322.6807428467255     
          26  -2326.1958210561224     
          27  -2325.7510942938175     
          28  -2281.8422163703667     
          29  -2269.4002349096081     
          30  -2291.4993752280270     
          31  -2294.7195021784205     
          32  -2277.8980751715731     
          33  -2293.7334553350111     
          34  -2242.1603605194096     
          35  -2255.3381768121726     
          36  -2275.8407734950747     
          37  -2285.6475108839313     
          38  -2304.2218044287356     
          39  -2320.7083910058614     
          40  -2282.7538373975508     
          41  -2295.6096625484283     
          42  -2299.6069080643297     
          43  -2299.0561570756386     
          44  -2296.8308786020125     
          45  -2284.5054450377233     
          46  -2265.5503554538759     
          47  -2318.9415608504114     
          48  -2301.4900692392539     
          49  -2318.9348268587196     
          50  -2341.9423136835740     
          51  -2317.0446780080811     
          52  -2300.6444183056883     
          53  -2319.8696621570939     
          54  -2274.2756075111338     
          55  -2346.9191171342554     
          56  -2272.6296455411834     
          57  -2353.8073281132015     
          58  -2394.6549126628975     
          59  -2393.9034886797522     
          60  -2376.1763568524020     
          61  -2349.8913275533146     
          62  -2366.8231097076591     
          63  -2317.4079949046636     
          64  -2293.6705607857753     
          65  -2305.9507100080446     
          66  -2321.6079077445643     
          67  -2314.5368457379741     
          68  -2341.7153591331248     
          69  -2371.1087194753209     
          70  -2383.8914972855828     
          71  -2389.4687829699646     
          72  -2353.4668451511639     
          73  -2355.5878590432844     
          74  -2332.9080365404770     
          75  -2353.1781913744312     
          76  -2353.2250741582616     
          77  -2353.0766512408022     
          78  -2350.1620127313508     
          79  -2360.9660251160403     
          80  -2376.6712840733771     
          81  -2312.9774336661580     
          82  -2348.3670980261218     
          83  -2343.2672719793800     
          84  -2338.0464535787078     
          85  -2308.5260609176021     
          86  -2319.4337777352616     
          87  -2309.3436492962710     
          88  -2314.3741185915915     
          89  -2327.4279513370761     
          90  -2338.3090899646900     
          91  -2374.9596764990724     
          92  -2385.2914145803343     
          93  -2332.5487671373476     
          94  -2360.6776160899058     
          95  -2390.2370012726356     
          96  -2314.9599453565729     
          97  -2331.3806866312507     
          98  -2327.4215065486082     
          99  -2344.0666544520441     
         100  -2354.5251539544038     
         101  -2367.4822539363267     
         102  -2329.0719926912366     
         103  -2354.6781165210464     
         104  -2336.2357254590956     
         105  -2319.7228830357449     
         106  -2285.6270544161166     
         107  -2312.1335416618440     
         108  -2308.6681158519132     
         109  -2315.1701860203648     
         110  -2337.6541072322352     
         111  -2290.9139481627867     
         112  -2301.8185676479316     
         113  -2287.5991887436621     
         114  -2304.9422385617831     
         115  -2309.2427527927121     
         116  -2303.2900507557806     
         117  -2319.4750898526031     
         118  -2335.6653392474523     
         119  -2281.8827433718538     
         120  -2347.7529991315910     
         121  -2336.7570571713709     
         122  -2380.7799461300287     
         123  -2347.0253934717689     
         124  -2353.1413390003331     
         125  -2337.0037967855283     
         126  -2341.2878232639227     
         127  -2367.1580412892081     
         128  -2395.4028368371055     
         129  -2406.6250183023644     
         130  -2335.3554497584410     
         131  -2359.2453326557288     
         132  -2359.1303416343894     
         133  -2390.5182552140363     
         134  -2391.5388253241281     
         135  -2369.5045829001920     
         136  -2337.4658386026513     
         137  -2298.0603785766543     
         138  -2291.1314007413389     
         139  -2322.5389491804253     
         140  -2367.6215089254929     
         141  -2332.7002928053503     
         142  -2303.6293635106890     
         143  -2325.0365495584269     
         144  -2325.2384753828096     
         145  -2352.7961871595157     
         146  -2358.5063866419177     
         147  -2356.1711634236876     
         148  -2389.1944814956146     
         149  -2298.8269199730139     
         150  -2303.3096292198452     
         151  -2292.9814781724890     
         152  -2365.4970331412401     
         153  -2392.4133447998024     
         154  -2360.0561892865221     
         155  -2394.9964431304611     
         156  -2365.3847175024075     
         157  -2395.8521571628498     
         158  -2389.1100660535431     
         159  -2382.1301665615565     
         160  -2372.4287706191935     
         161  -2352.6484641991215     
         162  -2340.0031121525635     
         163  -2401.1987153485970     
         164  -2382.9705370475331     
         165  -2381.6050044264016     
         166  -2414.8237742485544     
         167  -2416.4353581053883     
         168  -2420.2744178485855     
         169  -2441.5028542209207     
         170  -2444.4987086489309     
         171  -2397.3464665151728     
         172  -2383.8551498038028     
         173  -2412.3557823064625     
         174  -2418.1114002921240     
         175  -2392.3740775901947     
         176  -2375.9462590935523     
         177  -2381.8303938837676     
         178  -2386.0488529553604     
         179  -2408.4432450909276     
         180  -2392.4443335327455     
         181  -2374.7593151030374     
         182  -2375.7356243824461     
         183  -2400.9843129845754     
         184  -2355.9225083216929     
         185  -2360.8882922126450     
         186  -2356.6298078222994     
         187  -2303.0553200919253     
         188  -2258.8855295309831     
         189  -2294.3149017780111     
         190  -2321.8712259420604     
         191  -2318.5708783273453     
         192  -2300.7080603378772     
         193  -2293.7849754646963     
         194  -2314.3997719958770     
         195  -2317.2793224661355     
         196  -2290.6089481781455     
         197  -2295.5035118777723     
         198  -2242.4599879274015     
         199  -2245.0358843626200     
         200  -2268.2475283739172     
         201  -2279.2339065754854     
         202  -2250.4534237072048     
         203  -2327.9260344293884     
         204  -2339.2279788463875     
         205  -2340.5672630172680     
         206  -2332.2164478459690     
         207  -2331.6361176790829     
         208  -2304.5796230207143     
         209  -2315.5637817463967     
         210  -2342.1247887553163     
         211  -2332.3003976001446     
         212  -2337.7398999596981     
         213  -2331.7708149286427     
         214  -2322.2857618149851     
         215  -2353.3385119865775     
         216  -2358.8140110708036     
         217  -2331.1811678953973     
         218  -2348.6422530884511     
         219  -2338.0859006543142     
         220  -2339.3939115481503     
         221  -2353.8773279337875     
         222  -2356.2205873900202     
         223  -2323.7678091599314     
         224  -2337.8831087458493     
         225  -2352.9986634507500     
         226  -2329.0210387144316     
         227  -2380.2165342782091     
         228  -2396.5352720619421     
         229  -2388.2965688021895     
         230  -2363.2249751851241     
         231  -2328.3219829622403     
         232  -2355.8624582024668     
         233  -2352.6071090674341     
         234  -2360.7455627858149     
         235  -2347.4684569134729     
         236  -2338.8378588336186     
         237  -2351.1338042570887     
         238  -2348.0702939898783     
         239  -2389.4909643696069     
         240  -2357.4794960456247     
         241  -2388.0858753798771     
         242  -2412.3571123818492     
         243  -2330.8275209946401     
         244  -2378.3641411016611     
         245  -2376.2364408139160     
         246  -2386.6909103614253     
         247  -2398.0052465652407     
         248  -2388.0806325322765     
         249  -2361.3988677031257     
         250  -2352.3029045654539     
         251  -2393.2968860652450     
         252  -2329.4319345688887     
         253  -2342.8873152727933     
         254  -2359.0342428716476     
         255  -2333.4019865125460     
         256  -2385.3641041968967     
         257  -2391.1091367345207     
         258  -2359.4079323029619     
         259  -2347.7117720621377     
         260  -2349.2445756919310     
         261  -2374.4533825197846     
         262  -2402.8546623234483     
         263  -2395.2242052522961     
         264  -2358.8916645303293     
         265  -2366.3834610562076     
         266  -2383.2636694438515     
         267  -2367.3436711807944     
         268  -2381.7053507059290     
         269  -2367.8924988334397     
         270  -2386.9845960744083     
         271  -2337.3959480480448     
         272  -2362.5337696097477     
         273  -2344.0934714781120     
         274  -2347.0775020655387     
         275  -2308.6134773991071     
         276  -2327.0106825854496     
         277  -2282.3967264604189     
         278  -2303.0226100752270     
         279  -2295.7969587809266     
         280  -2302.6969824561293     
         281  -2361.8867989754249     
         282  -2328.4614936454664     
         283  -2316.8934566390099     
         284  -2321.0911024386855     
         285  -2291.4568849102834     
         286  -2297.8903158442463     
         287  -2298.3360627024513     
         288  -2278.1809693780633     
         289  -2317.0063258715409     
         290  -2308.0172654512248     
         291  -2326.0305577192189     
         292  -2265.9881409873447     
         293  -2282.8647178322490     
         294  -2297.1973377777681     
         295  -2281.6766495229904     
         296  -2276.3722492219249     
         297  -2300.1102750370578     
         298  -2326.2664319935643     
         299  -2318.3454432055196     
         300  -2293.7407211087493     
         301  -2250.2594732594002     
         302  -2260.4837639600123     
         303  -2272.1849958384828     
         304  -2264.9495983584811     
         305  -2286.2343409871214     
         306  -2272.4093842662305     
         307  -2309.3397367728758     
         308  -2329.5590496780610     
         309  -2343.2742966911114     
         310  -2311.9433128632245     
         311  -2306.7998730537688     
         312  -2303.9354444616506     
         313  -2267.5262685715838     
         314  -2299.6613441613026     
         315  -2306.1652219245875     
         316  -2330.0142176077334     
         317  -2316.7970948138723     
         318  -2299.8945429570767     
         319  -2298.7301045702620     
         320  -2342.7202048105773     
         321  -2318.7855643685471     
         322  -2305.0519758085179     
         323  -2293.8351151380343     
         324  -2353.1471739856306     
         325  -2310.0924070848232     
         326  -2341.0562305455401     
         327  -2377.6147778076152     
         328  -2360.7418838529657     
         329  -2315.8028010113462     
         330  -2334.7628477402300     
         331  -2328.7029343061340     
         332  -2303.2062409972400     
         333  -2319.9720210229561     
         334  -2320.7163552400393     
         335  -2311.2080657005240     
         336  -2275.9252164270447     
         337  -2294.7907893958236     
         338  -2309.6208657969487     
         339  -2339.8556449018183     
         340  -2330.3216987921992     
         341  -2304.2316727548196     
         342  -2296.0445346789666     
         343  -2278.8273698557928     
         344  -2329.0555252423133     
         345  -2367.7104799705526     
         346  -2337.9218137079465     
         347  -2345.9562655315526     
         348  -2322.5999092979851     
         349  -2303.0044917573682     
         350  -2299.0173295979016     
         351  -2313.6862980681321     
         352  -2292.8912401098241     
         353  -2279.1553997240271     
         354  -2281.8998277810238     
         355  -2300.3048150358418     
         356  -2307.4648904684677     
         357  -2283.2994207643446     
         358  -2266.8182819860358     
         359  -2306.3437444865676     
         360  -2301.0275082548624     
         361  -2290.3141427609171     
         362  -2268.0459025991536     
         363  -2246.4322525925913     
         364  -2271.3762014639183     
         365  -2242.5082955800376     
         366  -2264.9054820682045     
         367  -2290.2988623063143     
         368  -2268.1846819565699     
         369  -2257.8899579833701     
         370  -2256.6126144466302     
         371  -2271.4475996232718     
         372  -2292.8685857965324     
         373  -2237.3174998874892     
         374  -2294.6881862417981     
         375  -2285.3205580623503     
         376  -2269.6648640020944     
         377  -2300.1929854168466     
         378  -2311.5809219399594     
         379  -2323.3303599555329     
         380  -2333.0598885366098     
         381  -2285.7280153847300     
         382  -2317.7798949307371     
         383  -2291.2285460966696     
         384  -2293.0178568021634     
         385  -2247.2703282770312     
         386  -2286.8019302466437     
         387  -2304.6677376246794     
         388  -2276.2903476760453     
         389  -2267.7875674701800     
         390  -2295.7552579073608     
         391  -2292.4320414595277     
         392  -2267.0484348106706     
         393  -2295.1137868633796     
         394  -2277.8522705586479     
         395  -2271.2141990535947     
         396  -2286.6105281348018     
         397  -2236.9360552303747     
         398  -2207.6472539974243     
         399  -2257.8565116937284     
         400  -2228.4926981478247     
         401  -2262.3776418313178     
         402  -2225.2015368704078     
         403  -2264.3576410650167     
         404  -2257.7611419300160     
         405  -2228.7266585619168     
         406  -2213.0035038345695     
         407  -2234.6464810041311     
         408  -2236.3175122949947     
         409  -2221.4843828902603     
         410  -2239.6958919162389     
         411  -2272.2130242858111     
         412  -2249.6437466474135     
         413  -2219.8295169266139     
         414  -2220.5429888977510     
         415  -2231.8435171434321     
         416  -2247.5301383996330     
         417  -2234.7822860171377     
         418  -2198.6260971880224     
         419  -2225.0829928032927     
         420  -2258.6413469986987     
         421  -2269.2495652571556     
         422  -2245.4148438920593     
         423  -2214.9536057473529     
         424  -2234.3074671768859     
         425  -2247.1277665309226     
         426  -2269.3425476888820     
         427  -2296.8252365448930     
         428  -2262.6782805957860     
         429  -2261.2157903508819     
         430  -2279.2724489378334     
         431  -2336.6039963350272     
         432  -2299.7253363407763     
         433  -2320.5202520571183     
         434  -2385.3546433448050     
         435  -2367.5451229847740     
         436  -2329.1377760690052     
         437  -2344.7287225816272     
         438  -2349.9751534107522     
         439  -2382.2521183768076     
         440  -2358.6792962678496     
         441  -2333.3253027813807     
         442  -2307.1782814401017     
         443  -2305.2022573053841     
         444  -2318.8620731301276     
         445  -2338.7054337399691     
         446  -2394.5555276617752     
         447  -2384.0654416034440     
         448  -2341.7699369916259     
         449  -2365.4073619585056     
         450  -2365.6593207109677     
         451  -2356.6581694807387     
         452  -2303.1146165921309     
         453  -2361.0799108440046     
         454  -2359.7379151657551     
         455  -2332.0999099894552     
         456  -2342.5159823163635     
         457  -2307.4431063794204     
         458  -2326.8632897034895     
         459  -2317.8281543791772     
         460  -2342.8103659451967     
         461  -2305.4538864089991     
         462  -2331.6109984135619     
         463  -2323.5961839872139     
         464  -2341.9007369521005     
         465  -2297.2070292694534     
         466  -2290.0026309825712     
         467  -2281.0696455812945     
         468  -2329.0299165748656     
         469  -2349.8335108243109     
         470  -2348.8920786883255     
         471  -2331.4405871539288     
         472  -2380.7560886985593     
         473  -2303.1677294725400     
         474  -2321.2057824563617     
         475  -2313.1623911762276     
         476  -2376.3002601343624     
         477  -2332.2785141536478     
         478  -2309.8120082115533     
         479  -2304.2888291001927     
         480  -2308.7176789557998     
         481  -2354.5845741163744     
         482  -2359.5256461986505     
         483  -2341.5415570972432     
         484  -2343.3713138442808     
         485  -2343.6176982452093     
         486  -2357.2436836799620     
         487  -2370.2171351496986     
         488  -2337.3189418896341     
         489  -2360.5995502664296     
         490  -2365.0919043347089     
         491  -2373.0330511880256     
         492  -2397.7341887763196     
         493  -2367.5774858133432     
         494  -2369.5537159623309     
         495  -2386.7953529116189     
         496  -2352.7576710459775     
         497  -2362.9998239102379     
         498  -2342.8389447499717     
         499  -2355.6343923695304     
         500  -2360.4321254740998     
         501  -2335.0974897173455     
         502  -2348.8328260661201     
         503  -2307.2940141148533     
         504  -2348.8686883842656     
         505  -2381.1017953204864     
         506  -2362.3980724111698     
         507  -2304.1546149700698     
         508  -2334.3100895653297     
         509  -2324.2766990393538     
         510  -2301.1771479963450     
         511  -2321.9595345177318     
         512  -2365.9157738078898     
         513  -2357.2073014787202     
         514  -2370.7667952795568     
         515  -2348.3377357800987     
         516  -2376.4022932883854     
         517  -2355.8023651535264     
         518  -2340.9597248947575     
         519  -2338.5118357231499     
         520  -2319.1282493425620     
         521  -2303.1115299948187     
         522  -2333.4981775956244     
         523  -2339.1262049613852     
         524  -2338.1695944598100     
         525  -2390.0151491460356     
         526  -2339.7506812100014     
         527  -2348.6735669648633     
         528  -2342.1024708237724     
         529  -2344.9676889257935     
         530  -2332.0828860598240     
         531  -2328.1937975511687     
         532  -2318.3370363955787     
         533  -2319.3911269942764     
         534  -2317.7790182327253     
         535  -2333.1467780295902     
         536  -2330.1880065835057     
         537  -2363.8393123235201     
         538  -2374.5581051242370     
         539  -2395.3541582004882     
         540  -2406.8992675071049     
         541  -2371.1034669533778     
         542  -2368.4751810341427     
         543  -2335.9822024756127     
         544  -2342.6594464568043     
         545  -2307.6412324347580     
         546  -2333.1160700659070     
         547  -2365.4970259772435     
         548  -2389.6193235934725     
         549  -2401.4223494789335     
         550  -2379.4344926695321     
         551  -2408.3466992818471     
         552  -2437.3788812297234     
         553  -2407.6553188402004     
         554  -2383.0739476703247     
         555  -2379.3006491157576     
         556  -2377.9885732054508     
         557  -2360.7171613716828     
         558  -2404.2890930884914     
         559  -2398.1486307957116     
         560  -2410.8699053400019     
         561  -2421.8163659194133     
         562  -2386.0685242252325     
         563  -2415.3566405577394     
         564  -2388.5255310811799     
         565  -2381.1737249989978     
         566  -2409.7946289665374     
         567  -2372.5588630020497     
         568  -2372.1371792702257     
         569  -2402.9875479790849     
         570  -2366.9482477089045     
         571  -2389.1244457313619     
         572  -2348.9482454705912     
         573  -2340.7182515341178     
         574  -2324.7333450318561     
         575  -2341.9206948245542     
         576  -2377.7502524084402     
         577  -2372.8230587893117     
         578  -2409.9897073800580     
         579  -2385.1950681960348     
         580  -2402.9435878739723     
         581  -2378.0769825812899     
         582  -2371.6016459763728     
         583  -2382.3576011840146     
         584  -2372.9389990811155     
         585  -2376.7777866655251     
         586  -2351.9369249119413     
         587  -2381.9967230138391     
         588  -2356.4363301596377     
         589  -2356.2798858838119     
         590  -2324.2888412296916     
         591  -2329.6321335460748     
         592  -2302.1283416654910     
         593  -2356.6326859354508     
         594  -2311.2915774742041     
         595  -2332.5379419957690     
         596  -2356.2278179107157     
         597  -2355.4422609118283     
         598  -2334.0294552296768     
         599  -2340.7910147343164     
         600  -2336.0638963087226     
         601  -2273.9973753876898     
         602  -2291.6682833802374     
         603  -2292.4021629636195     
         604  -2275.3341096523723     
         605  -2298.3087803185595     
         606  -2357.3373411670000     
         607  -2307.8112798508205     
         608  -2305.6033328731469     
         609  -2282.6343531309435     
         610  -2294.2676254162848     
         611  -2276.9540444703116     
         612  -2252.9498264188132     
         613  -2292.5699782605307     
         614  -2268.6062047950531     
         615  -2270.8580239659505     
         616  -2313.5436621696240     
         617  -2293.3023939531695     
         618  -2310.9867444568313     
         619  -2316.4773722426457     
         620  -2325.2821172128720     
         621  -2331.3698983919835     
         622  -2332.8482711613015     
         623  -2273.2515820101385     
         624  -2274.2764712290855     
         625  -2308.5946458301196     
         626  -2278.7890295028869     
         627  -2301.4704452745100     
         628  -2334.4360304443071     
         629  -2318.6761493884051     
         630  -2313.3935016152845     
         631  -2313.3086409832908     
         632  -2339.6615248236958     
         633  -2331.1384784735524     
         634  -2347.8213635481538     
         635  -2340.8712683375456     
         636  -2350.1967119918008     
         637  -2311.7642485598844     
         638  -2327.0047574917198     
         639  -2333.1413773517543     
         640  -2349.8305374790102     
         641  -2325.6601517060012     
         642  -2307.1669977533284     
         643  -2286.5565265190339     
         644  -2310.1644361116232     
         645  -2326.5976409411651     
         646  -2290.4475201207588     
         647  -2312.4330177291572     
         648  -2304.5002032410280     
         649  -2324.8953622373365     
         650  -2337.7839240187805     
         651  -2357.3472552277594     
         652  -2366.6236118913416     
         653  -2323.7842306646553     
         654  -2320.0277855965987     
         655  -2332.1871672283269     
         656  -2304.4102427989692     
         657  -2317.7766791434560     
         658  -2272.8622516138576     
         659  -2319.0367510153233     
         660  -2313.3931371163958     
         661  -2263.3924108283718     
         662  -2341.2112623687372     
         663  -2337.0448141932134     
         664  -2339.5482692881387     
         665  -2289.6561582370123     
         666  -2274.1169961842634     
         667  -2294.0182461775566     
         668  -2290.2917589560520     
         669  -2309.6231980097477     
         670  -2354.8679990398414     
         671  -2348.7872591202345     
         672  -2348.2076950061264     
         673  -2346.7803466428240     
         674  -2367.8811559729711     
         675  -2358.0148086856948     
         676  -2345.2407293254355     
         677  -2360.1235345402911     
         678  -2349.6951571544096     
         679  -2321.3504504990647     
         680  -2307.0086329738901     
         681  -2318.7419078440694     
         682  -2318.3587647947302     
         683  -2277.3136916420449     
         684  -2269.3862718476194     
         685  -2282.3172901390772     
         686  -2294.2667561157373     
         687  -2276.7418034012676     
         688  -2266.8506896877993     
         689  -2294.5498453175246     
         690  -2230.4759777754748     
         691  -2243.7546255474158     
         692  -2241.7192782612879     
         693  -2250.2157435922422     
         694  -2267.5203277135752     
         695  -2286.3250693173832     
         696  -2300.5721886055858     
         697  -2301.5445116365559     
         698  -2276.8799399592449     
         699  -2319.1993309186100     
         700  -2279.4258830621998     
         701  -2285.7474936185681     
         702  -2304.9067056969648     
         703  -2296.3314920153334     
         704  -2242.9656444455027     
         705  -2272.2057641552824     
         706  -2309.3434553661118     
         707  -2311.6701543569279     
         708  -2328.6256637663223     
         709  -2339.1590980772676     
         710  -2354.2365101902360     
         711  -2327.1139549264121     
         712  -2320.4827178720766     
         713  -2322.6747381324876     
         714  -2300.2179954290991     
         715  -2292.8585280483403     
         716  -2300.6274099958728     
         717  -2314.5327060433265     
         718  -2241.8753696049298     
         719  -2232.3858053188965     
         720  -2274.4922018891270     
         721  -2294.3913112922801     
         722  -2266.1758529250815     
         723  -2307.5859857154182     
         724  -2290.4189723379195     
         725  -2283.4023323326692     
         726  -2263.7502823836007     
         727  -2307.4470020907379     
         728  -2316.5299665394123     
         729  -2297.3486649641404     
         730  -2264.1074645075028     
         731  -2311.8277266424602     
         732  -2269.6682496047761     
         733  -2292.4280276934728     
         734  -2302.2142667041767     
         735  -2286.0017576568403     
         736  -2272.2658389492831     
         737  -2291.6383915120441     
         738  -2281.5582798938917     
         739  -2291.9779004204488     
         740  -2293.0023606627660     
         741  -2260.3089392345391     
         742  -2275.9398317196219     
         743  -2291.1839552508527     
         744  -2257.3830017467858     
         745  -2254.3547715690083     
         746  -2276.3971886622408     
         747  -2290.8483223269923     
         748  -2276.1829774933394     
         749  -2304.8324190362914     
         750  -2331.9037019788102     
         751  -2320.8071149537245     
         752  -2291.2046945237371     
         753  -2263.9918917187979     
         754  -2273.0815528651715     
         755  -2282.7070085766659     
         756  -2282.4343411787968     
         757  -2312.4824826917616     
         758  -2323.2259359389132     
         759  -2346.0930485888816     
         760  -2327.3642862287156     
         761  -2312.4990677753417     
         762  -2371.4260503837309     
         763  -2341.1768055082553     
         764  -2357.0803152621743     
         765  -2346.5582616460611     
         766  -2350.5790407970717     
         767  -2370.7598811119346     
         768  -2400.1113034710420     
         769  -2387.4410009220933     
         770  -2395.4411156869546     
         771  -2374.7226903382925     
         772  -2371.1470501942790     
         773  -2370.0278567845839     
         774  -2353.8254173552837     
         775  -2368.0396618228151     
         776  -2359.5254932883372     
         777  -2358.7700538719027     
         778  -2320.4999796167394     
         779  -2342.3865334544271     
         780  -2365.2634135568996     
         781  -2390.3300270536888     
         782  -2372.5800124416783     
         783  -2343.2203664970689     
         784  -2322.0140026616828     
         785  -2332.3992021487579     
         786  -2358.1934588766235     
         787  -2339.2901720123828     
         788  -2309.1781991226439     
         789  -2313.2481455568454     
         790  -2332.1086573664497     
         791  -2368.8780451666025     
         792  -2403.2746531530979     
         793  -2428.5357517807897     
         794  -2431.9631240042672     
         795  -2431.5030879993933     
         796  -2379.0431596118592     
         797  -2392.4079598020239     
         798  -2398.8914892044209     
         799  -2415.8453966656871     
         800  -2389.5203614094421     
         801  -2411.2218238047890     
         802  -2393.8344121839959     
         803  -2383.8758462200503     
         804  -2396.9854330335056     
         805  -2381.6009154868457     
         806  -2369.8240448823490     
         807  -2377.4455821102179     
         808  -2345.1427064349696     
         809  -2362.3653991172109     
         810  -2389.8008377175111     
         811  -2380.6285660717999     
         812  -2408.3687921141536     
         813  -2398.3829108734562     
         814  -2384.7421740544855     
         815  -2390.8294476578644     
         816  -2353.1524708623797     
         817  -2390.8947118622914     
         818  -2365.0658917489354     
         819  -2366.6244105853498     
         820  -2375.2517975266446     
         821  -2396.3555100647900     
         822  -2373.1779053547643     
         823  -2331.3884419695701     
         824  -2349.5123197673274     
         825  -2344.1598383783121     
         826  -2333.2348136630617     
         827  -2298.0963715197367     
         828  -2345.6642917053878     
         829  -2360.1991699971854     
         830  -2325.2450547249664     
         831  -2321.3718290977013     
         832  -2322.0914044740880     
         833  -2296.4367337497538     
         834  -2322.2660577020715     
         835  -2273.1813543836979     
         836  -2257.4455923503215     
         837  -2246.9661052819656     
         838  -2256.6215019780270     
         839  -2289.7376541176109     
         840  -2316.7898880382122     
         841  -2328.0878575880674     
         842  -2338.8881084544760     
         843  -2331.8264626317750     
         844  -2355.5056596055788     
         845  -2312.4866927373182     
         846  -2340.9502890947365     
         847  -2312.5160285611219     
         848  -2334.8053810233837     
         849  -2308.0566620934546     
         850  -2320.3989067644998     
         851  -2327.9356462472538     
         852  -2286.1710908711166     
         853  -2254.0319050049065     
         854  -2289.9392284439746     
         855  -2304.2360166960352     
         856  -2307.4523321189640     
         857  -2266.2091379158196     
         858  -2283.2857553762378     
         859  -2342.5573176689913     
         860  -2310.5673099090072     
         861  -2352.2378019805897     
         862  -2325.3075088119513     
         863  -2312.6419989572814     
         864  -2300.5023798583748     
         865  -2290.8515821692836     
         866  -2317.6812079417919     
         867  -2320.0954509044072     
         868  -2313.9662565562462     
         869  -2334.0137607598626     
         870  -2340.3541560558874     
         871  -2335.9925144650733     
         872  -2345.4230030854978     
         873  -2354.5930596916805     
         874  -2395.4128421099458     
         875  -2390.0355421238605     
         876  -2365.3152612498848     
         877  -2355.6189860693125     
         878  -2352.2451052537212     
         879  -2363.8103183253816     
         880  -2370.3266953011016     
         881  -2373.8669387385303     
         882  -2365.7871056054000     
         883  -2387.8429405026345     
         884  -2358.3116554021926     
         885  -2360.9890526507202     
         886  -2375.8306456106448     
         887  -2334.8609036952416     
         888  -2334.0136440027609     
         889  -2341.0870619792968     
         890  -2323.5721152579868     
         891  -2317.9435886738365     
         892  -2333.2783012597097     
         893  -2328.5027301637215     
         894  -2308.1800200323346     
         895  -2302.2264302603853     
         896  -2307.5222533337105     
         897  -2339.7037043282185     
         898  -2338.7859626088034     
         899  -2387.2740233601339     
         900  -2332.6612812526669     
         901  -2359.0187323046607     
         902  -2361.7270555942132     
         903  -2320.9434045019989     
         904  -2318.4065449967034     
         905  -2320.9262105221255     
         906  -2346.3599304828481     
         907  -2390.2656986607408     
         908  -2320.0282894757966     
         909  -2332.1639024527203     
         910  -2297.6738558060083     
         911  -2282.3021713976650     
         912  -2285.4641800890959     
         913  -2296.4262220197706     
         914  -2304.3025956203837     
         915  -2262.4143792640734     
         916  -2315.2499918927201     
         917  -2306.7135551026358     
         918  -2336.4041759972115     
         919  -2380.6824201614390     
         920  -2367.8169798527420     
         921  -2326.5118370981786     
         922  -2352.5085633063468     
         923  -2359.7407581804518     
         924  -2353.3358460541231     
         925  -2279.3435140097604     
         926  -2292.7953199273061     
         927  -2323.2391345990081     
         928  -2339.7031950316841     
         929  -2326.9614758973180     
         930  -2323.6028182563164     
         931  -2352.2859012642111     
         932  -2335.8308216468417     
         933  -2346.2031867361457     
         934  -2328.7232424898179     
         935  -2263.0674621907292     
         936  -2268.0736854901297     
         937  -2277.4642314842890     
         938  -2290.9296991838828     
         939  -2288.6579623329749     
         940  -2291.1916051860753     
         941  -2259.7209313963240     
         942  -2269.7495466440496     
         943  -2282.2697583455533     
         944  -2293.9952589845188     
         945  -2295.6239972617791     
         946  -2307.2716721294114     
         947  -2309.0285440855769     
         948  -2298.0865169889298     
         949  -2287.1898983652168     
         950  -2305.1723178921875     
         951  -2309.4689303591135     
         952  -2301.9293552254267     
         953  -2355.9555684320076     
         954  -2319.9854473890559     
         955  -2301.2363149435323     
         956  -2300.7549763128045     
         957  -2302.6864750049094     
         958  -2286.1018222196662     
         959  -2270.6431145767524     
         960  -2303.5298104865215     
         961  -2316.0592505546424     
         962  -2273.9349414378939     
         963  -2268.1016503465644     
         964  -2281.7458829812208     
         965  -2307.6262186209960     
         966  -2264.3168307166811     
         967  -2271.9663355180742     
         968  -2276.8797312309575     
         969  -2283.0834730953129     
         970  -2306.0135039878360     
         971  -2288.0847514129523     
         972  -2313.3725092202203     
         973  -2317.2078902627695     
         974  -2340.4115924146668     
         975  -2294.6697170731422     
         976  -2321.0106541097607     
         977  -2278.7579056304294     
         978  -2292.2428922908703     
         979  -2281.8893532101179     
         980  -2299.5732856858776     
         981  -2253.2971350554171     
         982  -2314.1836246992666     
         983  -2330.6942041543757     
         984  -2331.8994769985879     
         985  -2384.9220971510404     
         986  -2375.9892812024773     
         987  -2355.1364432011301     
         988  -2338.4010416371025     
         989  -2274.0517244354487     
         990  -2294.8846402950153     
         991  -2298.7615445449514     
         992  -2316.1074355424780     
         993  -2258.0174743653793     
         994  -2297.3091969171187     
         995  -2313.1181539754957     
         996  -2313.1778852913408     
         997  -2359.9791762475879     
         998  -2358.0988590156644     
         999  -2377.6530830081415     
        1000  -2372.0951688813639     
        1001  -2356.4528006603018     
        1002  -2343.3812227789163     
        1003  -2334.4275427820940     
        1004  -2306.6085101425579     
        1005  -2316.3068417550176     
        1006  -2299.7606369709674     
        1007  -2312.0275913606047     
        1008  -2308.1775880004448     
        1009  -2289.3714865506799     
        1010  -2336.2017578730706     
        1011  -2334.8353130517962     
        1012  -2324.8411573686103     
        1013  -2324.9392204807682     
        1014  -2344.5872323069402     
        1015  -2326.9526677422641     
        1016  -2342.1312603426686     
        1017  -2333.2417774212968     
        1018  -2308.5047026632715     
        1019  -2283.2493001863600     
        1020  -2286.2504937899662     
        1021  -2322.4530184969672     
        1022  -2297.3438368096963     
        1023  -2335.5660036919176     
        1024  -2297.8078190126498     
        1025  -2319.2297904702227     
        1026  -2286.8697788871891     
        1027  -2305.4731889774007     
        1028  -2241.4464362907806     
        1029  -2226.7114731191550     
        1030  -2277.2955983555566     
        1031  -2275.1302525035449     
        1032  -2297.2536759201521     
        1033  -2325.6767567479005     
        1034  -2281.9662801263739     
        1035  -2296.5034672646407     
        1036  -2296.3287874392386     
        1037  -2304.8153151712431     
        1038  -2314.2247133712849     
        1039  -2313.1142744586446     
        1040  -2291.0924978372750     
        1041  -2269.1266024571637     
        1042  -2293.4445037739947     
        1043  -2312.6855095663482     
        1044  -2303.7527335323625     
        1045  -2297.0803971137152     
        1046  -2256.9164227501551     
        1047  -2268.6192342405034     
        1048  -2295.3040248898683     
        1049  -2270.8710704212936     
        1050  -2289.2972167945477     
        1051  -2292.1205935627117     
        1052  -2303.7554748299990     
        1053  -2282.7914119220063     
        1054  -2286.5182849412749     
        1055  -2335.5378355997150     
        1056  -2315.1881779883756     
        1057  -2280.4707688754211     
        1058  -2235.2369685232406     
        1059  -2271.7280157318205     
        1060  -2300.6940765862032     
        1061  -2301.0919552926366     
        1062  -2322.5311057898080     
        1063  -2329.4225319319430     
        1064  -2336.5413748015881     
        1065  -2325.4291952999806     
        1066  -2307.4001587890325     
        1067  -2309.6336922881214     
        1068  -2336.0865538516559     
        1069  -2350.2738175888103     
        1070  -2305.4671820098533     
        1071  -2296.0409176223961     
        1072  -2315.4312496875496     
        1073  -2345.2896574466249     
        1074  -2342.0825586227934     
        1075  -2327.7282987197373     
        1076  -2320.9588744025014     
        1077  -2337.6266762290088     
        1078  -2305.6541617599696     
        1079  -2313.1953869937429     
        1080  -2349.1329117754849     
        1081  -2368.3123673900509     
        1082  -2368.5487128802779     
        1083  -2363.7892991050530     
        1084  -2381.6430944406275     
        1085  -2344.7777529396394     
        1086  -2352.5113022481564     
        1087  -2377.3407757590303     
        1088  -2385.0257382715954     
        1089  -2331.9748538840108     
        1090  -2317.7422726709901     
        1091  -2340.9106388563359     
        1092  -2319.2261082426608     
        1093  -2322.3170301675550     
        1094  -2302.5293473090360     
        1095  -2273.3319066934323     
        1096  -2320.8775566475269     
        1097  -2313.0626532249630     
        1098  -2328.8596293224077     
        1099  -2333.8129411554351     
        1100  -2338.7485708746062     
        1101  -2329.6917542937508     
        1102  -2334.9755909101459     
        1103  -2350.9631765222271     
        1104  -2335.5626804468802     
        1105  -2342.1387219499320     
        1106  -2346.9800214230368     
        1107  -2338.8889842433932     
        1108  -2312.1448377478882     
        1109  -2323.4285598838865     
        1110  -2332.8662635405044     
        1111  -2313.6763296241870     
        1112  -2345.0285186527085     
        1113  -2326.1844339104373     
        1114  -2335.2037739379871     
        1115  -2358.4939883195420     
        1116  -2336.8264736706169     
        1117  -2343.6137766141642     
        1118  -2336.6193798215731     
        1119  -2352.5317361967377     
        1120  -2292.1645276591271     
        1121  -2276.2071185969207     
        1122  -2302.0738337621647     
        1123  -2234.7637328515825     
        1124  -2251.0418222564272     
        1125  -2269.7293316257001     
        1126  -2319.5004559455415     
        1127  -2327.9309829577319     
        1128  -2319.3568555600382     
        1129  -2298.4403873616252     
        1130  -2315.8584540066545     
        1131  -2335.5395060313135     
        1132  -2287.1331551459175     
        1133  -2269.8312534948263     
        1134  -2317.6253798889616     
        1135  -2326.2703751447611     
        1136  -2322.9860008514756     
        1137  -2342.2252142212405     
        1138  -2357.0215221726789     
        1139  -2372.4208117098856     
        1140  -2387.0331375865412     
        1141  -2387.8636871926615     
        1142  -2343.3658494376127     
        1143  -2367.8378187378398     
        1144  -2343.3916337647006     
        1145  -2301.2163731105575     
        1146  -2327.5454674629450     
        1147  -2370.8980946778579     
        1148  -2361.3751564371623     
        1149  -2341.1925606347477     
        1150  -2341.9034034854130     
        1151  -2331.2905242638890     
        1152  -2350.4375983700202     
        1153  -2315.6519366153721     
        1154  -2332.8382831458935     
        1155  -2342.8471594260254     
        1156  -2335.8063590056522     
        1157  -2329.7886977849125     
        1158  -2326.7089977170590     
        1159  -2312.9234558330768     
        1160  -2339.9105353977311     
        1161  -2309.6233350088037     
        1162  -2293.5039552433536     
        1163  -2287.6077345151321     
        1164  -2309.2778357238562     
        1165  -2313.2068330414249     
        1166  -2333.7630446119338     
        1167  -2304.7713854187127     
        1168  -2310.2378783076356     
        1169  -2372.1258243820612     
        1170  -2324.3195623254092     
        1171  -2338.4232262872406     
        1172  -2375.3631812547419     
        1173  -2340.1685665832083     
        1174  -2327.2638739148906     
        1175  -2315.8055609340568     
        1176  -2291.2974304497047     
        1177  -2314.6774097467346     
        1178  -2299.1933688800286     
        1179  -2301.6307123490310     
        1180  -2301.3343599283576     
        1181  -2306.9218819391713     
        1182  -2266.2624476841661     
        1183  -2291.9459423239618     
        1184  -2304.4472125397956     
        1185  -2275.6963534940642     
        1186  -2272.3813322162168     
        1187  -2300.7630147522909     
        1188  -2313.9282263872810     
        1189  -2319.8968451159731     
        1190  -2325.7844659724424     
        1191  -2315.2148582366622     
        1192  -2335.8301497544599     
        1193  -2354.5109958486132     
        1194  -2360.1326480013104     
        1195  -2372.3893161212009     
        1196  -2373.0305001752231     
        1197  -2354.2542346880341     
        1198  -2346.9962876634463     
        1199  -2342.4725102726647     
        1200  -2347.2456418979932     
        1201  -2336.4960494736224     
        1202  -2316.6500354969285     
        1203  -2300.4359222523949     
        1204  -2297.3576770615055     
        1205  -2308.8923060084253     
        1206  -2300.6886588256443     
        1207  -2364.1669655002752     
        1208  -2324.9665862750580     
        1209  -2307.2683974494494     
        1210  -2350.7429345188602     
        1211  -2336.7075104163691     
        1212  -2320.9247819689394     
        1213  -2329.8118986661352     
        1214  -2367.7168023428667     
        1215  -2374.1589207522475     
        1216  -2366.0850566435020     
        1217  -2381.0578021499332     
        1218  -2354.6136735713703     
        1219  -2340.2726506123145     
        1220  -2345.9444426751029     
        1221  -2327.2143625591439     
        1222  -2322.4710949006758     
        1223  -2304.1179109519894     
        1224  -2302.3486211280715     
        1225  -2257.9896088676060     
        1226  -2265.1378131961201     
        1227  -2268.2932924017055     
        1228  -2280.0059806297477     
        1229  -2301.1286887645315     
        1230  -2318.5713111959853     
        1231  -2299.2989834339760     
        1232  -2349.4806061250861     
        1233  -2330.5711783861070     
        1234  -2345.0224255236126     
        1235  -2356.8363140923993     
        1236  -2336.5145195089281     
        1237  -2293.6874454035974     
        1238  -2285.6452632435794     
        1239  -2310.4843665245107     
        1240  -2303.4281067888896     
        1241  -2351.8503446707050     
        1242  -2315.1663500000745     
        1243  -2333.3135767125582     
        1244  -2293.2789666315484     
        1245  -2273.9942769187014     
        1246  -2302.2514723364839     
        1247  -2312.4031545476550     
        1248  -2313.1587867875510     
        1249  -2283.6203683843828     
        1250  -2289.0383465685463     
        1251  -2302.7704417024756     
        1252  -2300.0438829229429     
        1253  -2333.3743426486790     
        1254  -2337.4171083457459     
        1255  -2310.4903093918465     
        1256  -2295.1359665574369     
        1257  -2277.6458889293067     
        1258  -2258.4200082603984     
        1259  -2271.1625692983084     
        1260  -2254.2283410552632     
        1261  -2261.4192394108536     
        1262  -2257.2727134457268     
        1263  -2260.5870879176045     
        1264  -2272.5224866000076     
        1265  -2241.5844958791836     
        1266  -2249.7004285092457     
        1267  -2278.5063089062251     
        1268  -2305.2265437373303     
        1269  -2327.1461620979371     
        1270  -2281.6006924873882     
        1271  -2271.4242755940750     
        1272  -2311.7223570756264     
        1273  -2305.2172104236520     
        1274  -2344.3135784057490     
        1275  -2376.8048297206797     
        1276  -2365.8290871222798     
        1277  -2399.1939407389318     
        1278  -2360.3058111764763     
        1279  -2371.7260876886594     
        1280  -2342.1906634185398     
        1281  -2341.1691937357332     
        1282  -2323.5566029115603     
        1283  -2345.2106117672297     
        1284  -2319.9678924770633     
        1285  -2305.7968988211583     
        1286  -2298.7352394977947     
        1287  -2331.3921794464377     
        1288  -2325.1615734577349     
        1289  -2337.2062573600501     
        1290  -2302.9741718053338     
        1291  -2281.3554665670754     
        1292  -2273.3162029288369     
        1293  -2290.8522720283381     
        1294  -2329.7188364688623     
        1295  -2305.1752552122589     
        1296  -2331.6213059700503     
        1297  -2324.5135156211559     
        1298  -2290.7888494480717     
        1299  -2302.2672195397713     
        1300  -2281.4449877476900     
        1301  -2311.3307764038882     
        1302  -2249.5772763941418     
        1303  -2276.1304647310180     
        1304  -2275.6424682004845     
        1305  -2282.0427002768261     
        1306  -2290.1624083525849     
        1307  -2304.6679172511294     
        1308  -2298.6049822705359     
        1309  -2320.8202064669840     
        1310  -2282.0988484355407     
        1311  -2305.6301483028196     
        1312  -2328.6382931307344     
        1313  -2350.5880979304388     
        1314  -2310.4006068747617     
        1315  -2336.1973286789148     
        1316  -2319.7827919613092     
        1317  -2334.0413664905045     
        1318  -2384.3780891989022     
        1319  -2343.0121935618599     
        1320  -2305.0163562196112     
        1321  -2297.5082986554135     
        1322  -2304.7886959231150     
        1323  -2301.8907763185412     
        1324  -2276.1495915670248     
        1325  -2287.3657024351078     
        1326  -2294.7372962612212     
        1327  -2314.6054823357745     
        1328  -2289.8730527590014     
        1329  -2300.8466788378605     
        1330  -2304.6263671272031     
        1331  -2308.7505371855577     
        1332  -2305.5015690581222     
        1333  -2328.3693530210417     
        1334  -2366.5398320311651     
        1335  -2385.2614138280919     
        1336  -2391.9938793943397     
        1337  -2360.2882695222343     
        1338  -2339.0001181244511     
        1339  -2365.2197076444504     
        1340  -2330.0159686250486     
        1341  -2267.4381542872306     
        1342  -2320.5681528713762     
        1343  -2328.7946651607731     
        1344  -2305.5944422988355     
        1345  -2301.4433728249264     
        1346  -2309.4300453402634     
        1347  -2316.6074765070080     
        1348  -2335.9710778225685     
        1349  -2311.9698652636980     
        1350  -2317.4910924845572     
        1351  -2305.0762955242876     
        1352  -2286.5752631507416     
        1353  -2319.1002362066633     
        1354  -2327.3679746918697     
        1355  -2289.5451515062809     
        1356  -2306.8818793013106     
        1357  -2286.0623103883240     
        1358  -2298.8444332022805     
        1359  -2289.9672587039281     
        1360  -2326.2076667887072     
        1361  -2276.6099103158449     
        1362  -2274.8685668978833     
        1363  -2290.8401735859247     
        1364  -2252.6333712220244     
        1365  -2270.8766118966514     
        1366  -2273.7028414418542     
        1367  -2267.2856749753691     
        1368  -2288.7568168169046     
        1369  -2297.5861619335087     
        1370  -2295.3488273311768     
        1371  -2309.3199568820582     
        1372  -2264.8492578535097     
        1373  -2346.7101058935446     
        1374  -2325.1773420173472     
        1375  -2305.1606604102353     
        1376  -2323.3655473640342     
        1377  -2272.3123636311002     
        1378  -2299.0912791762053     
        1379  -2315.0573553652848     
        1380  -2285.5930272245701     
        1381  -2271.6144928051694     
        1382  -2316.3045750059955     
        1383  -2332.8769838462563     
        1384  -2333.2873544687141     
        1385  -2363.8262826563819     
        1386  -2288.7516376158815     
        1387  -2344.8412571281397     
        1388  -2325.5415080323137     
        1389  -2333.5166431347880     
        1390  -2311.7226342581398     
        1391  -2261.4302979304866     
        1392  -2269.6823247882462     
        1393  -2305.1031901067254     
        1394  -2267.0014458919272     
        1395  -2321.0420557400535     
        1396  -2320.0067089066329     
        1397  -2313.4214978164573     
        1398  -2308.7996936589579     
        1399  -2351.8968399998280     
        1400  -2381.4022704096978     
        1401  -2346.5990930929570     
        1402  -2388.2051210420723     
        1403  -2363.5201307905754     
        1404  -2325.1981996809418     
        1405  -2335.7614373050287     
        1406  -2343.1941835460375     
        1407  -2373.1578486015615     
        1408  -2352.3754962435532     
        1409  -2356.4668833524061     
        1410  -2353.3438861730156     
        1411  -2359.7616799670927     
        1412  -2323.0393238642723     
        1413  -2356.2980063286850     
        1414  -2350.5278127301422     
        1415  -2354.0246873282958     
        1416  -2382.2621603697748     
        1417  -2371.3749777200474     
        1418  -2337.2736786359369     
        1419  -2349.0158764095549     
        1420  -2366.5226296542846     
        1421  -2388.2393212821958     
        1422  -2402.2135729509664     
        1423  -2364.5081575449954     
        1424  -2345.6842264479155     
        1425  -2327.4080887998593     
        1426  -2310.4776498875963     
        1427  -2296.0574069792196     
        1428  -2304.0257969003978     
        1429  -2310.6612571485430     
        1430  -2337.8038371533557     
        1431  -2364.5429636142608     
        1432  -2330.6502402434812     
        1433  -2309.4092997751272     
        1434  -2332.2448138154577     
        1435  -2286.0951572267659     
        1436  -2322.9861549226243     
        1437  -2334.3281511673194     
        1438  -2336.1880335696601     
        1439  -2344.7220200159845     
        1440  -2337.9066277649508     
        1441  -2316.4067455707700     
        1442  -2278.1107587643810     
        1443  -2313.2612387115455     
        1444  -2311.6181323199498     
        1445  -2303.2170127248978     
        1446  -2324.9252907077971     
        1447  -2323.4763613456216     
        1448  -2343.7159396460702     
        1449  -2298.7251246323435     
        1450  -2297.8892165704897     
        1451  -2286.9524325169477     
        1452  -2282.8968996393851     
        1453  -2279.9625121683202     
        1454  -2304.1453885135652     
        1455  -2282.5686172557639     
        1456  -2315.1458695110364     
        1457  -2299.8429313566558     
        1458  -2289.3716817793329     
        1459  -2351.8319557478003     
        1460  -2334.5172003861126     
        1461  -2337.5917340946685     
        1462  -2311.6391179519374     
        1463  -2336.2980338671150     
        1464  -2348.5272040686368     
        1465  -2361.1871998825136     
        1466  -2314.2726059403203     
        1467  -2346.5088674013318     
        1468  -2304.0515809449025     
        1469  -2295.1211058586341     
        1470  -2323.5404977318331     
        1471  -2329.3398576712443     
        1472  -2256.3156901691609     
        1473  -2265.8138777946865     
        1474  -2284.5567289038122     
        1475  -2282.3714395783099     
        1476  -2284.2453332621108     
        1477  -2245.4904451222319     
        1478  -2277.8005379520855     
        1479  -2276.4651300622181     
        1480  -2257.4511507082734     
        1481  -2243.2633449581231     
        1482  -2289.7565853824194     
        1483  -2288.8897895402979     
        1484  -2257.5418709486194     
        1485  -2314.2004723079090     
        1486  -2315.0262213766368     
        1487  -2323.4310090128661     
        1488  -2327.0175167131506     
        1489  -2317.2086852680045     
        1490  -2321.9077593277843     
        1491  -2330.5561287815453     
        1492  -2322.6901158616329     
        1493  -2313.9229552702354     
        1494  -2342.3191697867960     
        1495  -2307.3458953549216     
        1496  -2260.3771178784900     
        1497  -2232.3298269850566     
        1498  -2286.0651267574940     
        1499  -2255.9433018049522     
        1500  -2278.6035461195597     
        1501  -2317.3796570796258     
        1502  -2257.6471461553401     
        1503  -2286.6370041663859     
        1504  -2280.0642372261455     
        1505  -2290.7530956358160     
        1506  -2299.5760616024245     
        1507  -2333.1275895767239     
        1508  -2356.2423199905520     
        1509  -2315.9136522648805     
        1510  -2367.6645350737181     
        1511  -2331.2654618982074     
        1512  -2328.4130474045273     
        1513  -2329.7809775027226     
        1514  -2294.9416557355698     
        1515  -2319.4255390229437     
        1516  -2289.1403308048161     
        1517  -2296.6019688740698     
        1518  -2306.7793402406110     
        1519  -2309.9670024119141     
        1520  -2304.0547013745668     
        1521  -2315.1593372240245     
        1522  -2318.7374571389723     
        1523  -2289.4083051559342     
        1524  -2330.6859242421774     
        1525  -2378.1333770741185     
        1526  -2343.4991448989417     
        1527  -2331.9563879605789     
        1528  -2374.4390243772991     
        1529  -2351.3763374905193     
        1530  -2312.4430005336544     
        1531  -2327.6505279861481     
        1532  -2373.9156724753157     
        1533  -2347.7569014449086     
        1534  -2356.3054114935521     
        1535  -2339.1641437686517     
        1536  -2372.6965024800229     
        1537  -2298.9570669560449     
        1538  -2341.2358129659447     
        1539  -2301.0777275057285     
        1540  -2342.8799214896530     
        1541  -2332.0318806225182     
        1542  -2354.6471152545187     
        1543  -2322.0041556421925     
        1544  -2300.5172932451374     
        1545  -2297.3444872834666     
        1546  -2296.9503964124997     
        1547  -2348.4522650664194     
        1548  -2339.0107795036861     
        1549  -2365.7432715692876     
        1550  -2391.3830997451510     
        1551  -2329.5011825995962     
        1552  -2328.7993231825894     
        1553  -2322.3337716820151     
        1554  -2355.7224000496235     
        1555  -2338.2416551898596     
        1556  -2343.6177409412912     
        1557  -2394.6932044177797     
        1558  -2385.6980778919642     
        1559  -2388.6812911464035     
        1560  -2364.7736342696244     
        1561  -2405.7663062566535     
        1562  -2405.3754821806374     
        1563  -2352.7947135158547     
        1564  -2381.5990179860696     
        1565  -2389.1485659876062     
        1566  -2366.9340687633526     
        1567  -2350.6565774322748     
        1568  -2383.9055397375150     
        1569  -2382.7965384882878     
        1570  -2331.1949730022652     
        1571  -2336.2341107489797     
        1572  -2296.0718019385631     
        1573  -2304.4658003378254     
        1574  -2310.0339754598504     
        1575  -2347.5538277699507     
        1576  -2349.6585005735687     
        1577  -2359.2471814853884     
        1578  -2357.7657659503252     
        1579  -2396.8574887135774     
        1580  -2416.4888448735906     
        1581  -2390.0254275357888     
        1582  -2392.9759713539902     
        1583  -2383.6561719971364     
        1584  -2369.3714090718049     
        1585  -2358.2981304733667     
        1586  -2329.1592928234368     
        1587  -2343.4893553538891     
        1588  -2383.2853424959458     
        1589  -2351.2715086363701     
        1590  -2327.3278580693495     
        1591  -2292.7327496241010     
        1592  -2302.6804659814115     
        1593  -2312.5731437164090     
        1594  -2298.3486825893574     
        1595  -2343.9515325290777     
        1596  -2347.7623909319691     
        1597  -2338.9943022496204     
        1598  -2353.0779489896595     
        1599  -2313.2774524084170     
        1600  -2266.2414318267502     
        1601  -2308.6516660966554     
        1602  -2257.9031440728145     
        1603  -2296.7414250007191     
        1604  -2268.6058709144809     
        1605  -2269.1575069403766     
        1606  -2294.0023212517808     
        1607  -2258.3976247184560     
        1608  -2296.2950874132644     
        1609  -2289.8962182040486     
        1610  -2288.0011735025523     
        1611  -2278.7168831919521     
        1612  -2326.0584288748810     
        1613  -2334.5131644606868     
        1614  -2329.5694293862266     
        1615  -2340.0385533597459     
        1616  -2331.8127908195356     
        1617  -2281.5397144859012     
        1618  -2265.6761352532453     
        1619  -2315.5764974738986     
        1620  -2281.2132492756882     
        1621  -2304.0758049987658     
        1622  -2305.7721104113807     
        1623  -2285.6954685855103     
        1624  -2285.7405199376290     
        1625  -2302.4914681411474     
        1626  -2303.6006507455959     
        1627  -2310.3223462420060     
        1628  -2300.0788255100961     
        1629  -2372.2630352706396     
        1630  -2339.2188083452361     
        1631  -2349.2828064109967     
        1632  -2344.4954904928036     
        1633  -2354.6220051504292     
        1634  -2326.6359635489525     
        1635  -2340.1202778058382     
        1636  -2281.6899589924997     
        1637  -2268.4406125415476     
        1638  -2289.4979654988265     
        1639  -2284.5660519118965     
        1640  -2295.4718483761153     
        1641  -2277.8811754935236     
        1642  -2305.6942149039010     
        1643  -2273.3254627602196     
        1644  -2284.0886502426279     
        1645  -2291.7515332505691     
        1646  -2275.4081579758404     
        1647  -2268.5216559840142     
        1648  -2251.5010138756247     
        1649  -2239.4829115178190     
        1650  -2253.3457493540354     
        1651  -2274.8863062173159     
        1652  -2237.0969678092365     
        1653  -2263.5373448974392     
        1654  -2265.0457356228158     
        1655  -2242.2655417904689     
        1656  -2261.2940710455932     
        1657  -2254.0858195184705     
        1658  -2303.4868862748390     
        1659  -2293.8189635779718     
        1660  -2312.2288101927547     
        1661  -2340.0844111486067     
        1662  -2342.0801546904859     
        1663  -2320.2781162919678     
        1664  -2323.8224988455768     
        1665  -2300.3425255411985     
        1666  -2325.0294741849320     
        1667  -2334.7556058735390     
        1668  -2362.7777736740768     
        1669  -2368.2729548276770     
        1670  -2348.5596877745861     
        1671  -2355.6406718506105     
        1672  -2362.2514485729371     
        1673  -2373.3374317434268     
        1674  -2396.0541835365775     
        1675  -2373.8002809661180     
        1676  -2358.3929534562812     
        1677  -2341.7368435742696     
        1678  -2292.4763904358692     
        1679  -2301.5101837992574     
        1680  -2299.4857341251964     
        1681  -2314.8880904289408     
        1682  -2341.6434711808702     
        1683  -2348.5359090902903     
        1684  -2357.7733720083784     
        1685  -2294.2758567302831     
        1686  -2330.2280717538406     
        1687  -2308.8176641662390     
        1688  -2337.1689538699197     
        1689  -2365.7153187489494     
        1690  -2360.0589735625817     
        1691  -2363.7828102380695     
        1692  -2362.1329484905532     
        1693  -2355.3083790047558     
        1694  -2376.5352164877436     
        1695  -2361.0095597341260     
        1696  -2385.0412134969479     
        1697  -2418.9968381818253     
        1698  -2382.3769653497993     
        1699  -2400.0908704568451     
        1700  -2400.4993873206331     
        1701  -2367.9332775968896     
        1702  -2352.8740236059439     
        1703  -2390.2199360741392     
        1704  -2377.4606868042547     
        1705  -2346.0038337528144     
        1706  -2359.8912112191592     
        1707  -2316.8056275010681     
        1708  -2266.4526449795198     
        1709  -2274.8538446106168     
        1710  -2298.2618682703292     
        1711  -2260.1684368073797     
        1712  -2269.1620595499098     
        1713  -2280.9324515198841     
        1714  -2292.3367051547725     
        1715  -2303.7234521612581     
        1716  -2245.4529266716709     
        1717  -2302.5395392776550     
        1718  -2296.6881657873923     
        1719  -2290.4468026555755     
        1720  -2320.9803373153604     
        1721  -2281.4950379373217     
        1722  -2309.7625072013288     
        1723  -2326.0068929844861     
        1724  -2312.9143169248709     
        1725  -2320.3419679124163     
        1726  -2294.0420039994219     
        1727  -2308.6090731712766     
        1728  -2359.5320016234878     
        1729  -2382.3400376650156     
        1730  -2372.1787255680442     
        1731  -2352.1505950353694     
        1732  -2354.8466306039059     
        1733  -2343.4214662904565     
        1734  -2306.6172561761605     
        1735  -2324.0832068292925     
        1736  -2344.4392088343220     
        1737  -2359.8097158741884     
        1738  -2364.5481089666819     
        1739  -2342.7752612541535     
        1740  -2343.7554563732415     
        1741  -2329.4714548195666     
        1742  -2340.2806776046032     
        1743  -2308.6813146424997     
        1744  -2301.9408582685555     
        1745  -2309.5931697100414     
        1746  -2334.4662748416727     
        1747  -2347.5335963210059     
        1748  -2347.7859980246176     
        1749  -2335.8890412211358     
        1750  -2324.2904698030839     
        1751  -2353.5225543012580     
        1752  -2356.8980135524221     
        1753  -2365.9430496877717     
        1754  -2368.1623687014217     
        1755  -2353.7221415029026     
        1756  -2347.5941948100553     
        1757  -2340.9796694908277     
        1758  -2374.3074343494491     
        1759  -2387.4030244757132     
        1760  -2378.0587670271839     
        1761  -2411.1638509558252     
        1762  -2410.2206513214805     
        1763  -2443.8232434049492     
        1764  -2395.1896254251956     
        1765  -2359.6277462139547     
        1766  -2313.1083022771973     
        1767  -2324.6693246385248     
        1768  -2322.4744287722538     
        1769  -2323.3296476197702     
        1770  -2334.3216551800801     
        1771  -2338.3069130953609     
        1772  -2339.8874079962984     
        1773  -2333.0393196196324     
        1774  -2317.6907722746437     
        1775  -2305.8393058412044     
        1776  -2296.0466563076889     
        1777  -2275.2941540107995     
        1778  -2274.0978478070256     
        1779  -2264.2312003997677     
        1780  -2274.7639584667181     
        1781  -2253.7584477084483     
        1782  -2302.0132849837746     
        1783  -2282.3570544476906     
        1784  -2312.5621207773479     
        1785  -2306.2325418527525     
        1786  -2307.5328244741204     
        1787  -2288.1679895256098     
        1788  -2273.3231977224718     
        1789  -2273.6896602445136     
        1790  -2292.8189997960408     
        1791  -2294.0343084220453     
        1792  -2348.9500902630757     
        1793  -2341.6618542578649     
        1794  -2375.9609787077775     
        1795  -2332.6484380033735     
        1796  -2341.9144222831278     
        1797  -2274.3683445293809     
        1798  -2284.0248548264781     
        1799  -2264.2968243652517     
        1800  -2288.5375616644183     
        1801  -2274.2428993555541     
        1802  -2278.1907697533652     
        1803  -2283.6671908212875     
        1804  -2265.2697897595554     
        1805  -2306.6756750572226     
        1806  -2314.6778346941155     
        1807  -2302.3018057097888     
        1808  -2299.9606428675233     
        1809  -2321.0693187657398     
        1810  -2315.8508991895783     
        1811  -2288.6925843498725     
        1812  -2278.2273026694534     
        1813  -2330.0694078366196     
        1814  -2324.9592237684851     
        1815  -2308.2073160255559     
        1816  -2250.1316827484634     
        1817  -2277.1486849421044     
        1818  -2263.8438113486745     
        1819  -2300.6391939250366     
        1820  -2264.1553316957443     
        1821  -2232.3836920822114     
        1822  -2278.1785703597498     
        1823  -2274.4111228948168     
        1824  -2276.8026841097867     
        1825  -2264.0236094383363     
        1826  -2250.1815789775442     
        1827  -2251.4403625330510     
        1828  -2231.3489463383235     
        1829  -2247.9584738925637     
        1830  -2252.2288942277901     
        1831  -2240.7618782367945     
        1832  -2258.7746241820755     
        1833  -2279.0577970262611     
        1834  -2309.0323698981833     
        1835  -2291.4972811904013     
        1836  -2277.4841624730625     
        1837  -2278.7638585475015     
        1838  -2234.1983611198375     
        1839  -2280.2672620246212     
        1840  -2309.1652497037057     
        1841  -2273.7356829704609     
        1842  -2227.5934625796240     
        1843  -2286.8924774225634     
        1844  -2281.5573847738883     
        1845  -2304.0694390632061     
        1846  -2287.0431762395510     
        1847  -2306.1114097992227     
        1848  -2292.6257350979017     
        1849  -2294.1494450490864     
        1850  -2328.8523213040726     
        1851  -2338.5977106258083     
        1852  -2348.1567377409087     
        1853  -2316.8014040870817     
        1854  -2301.5680591670571     
        1855  -2262.6949526887065     
        1856  -2310.7255984149147     
        1857  -2341.9512692013750     
        1858  -2360.1447554970550     
        1859  -2368.3473597366328     
        1860  -2331.6334870727192     
        1861  -2305.9248808566322     
        1862  -2312.3551405803364     
        1863  -2297.3980484753097     
        1864  -2357.2733520572579     
        1865  -2353.1483720308679     
        1866  -2345.1944105499165     
        1867  -2315.3614774629646     
        1868  -2286.6888180352280     
        1869  -2308.7617984176431     
        1870  -2359.0170126450425     
        1871  -2390.8797152141042     
        1872  -2363.5490666040396     
        1873  -2362.8698258257450     
        1874  -2355.3457352286250     
        1875  -2312.4750455472677     
        1876  -2306.9093284887485     
        1877  -2359.7587518958030     
        1878  -2352.8519974204005     
        1879  -2363.8009561851090     
        1880  -2350.8150987830436     
        1881  -2325.8220917539275     
        1882  -2357.2760275338305     
        1883  -2339.2390095048618     
        1884  -2361.6257041805156     
        1885  -2361.2054591044439     
        1886  -2350.7495519340446     
        1887  -2354.6609988227724     
        1888  -2342.1046829916650     
        1889  -2366.7663911298755     
        1890  -2339.9397796513576     
        1891  -2329.2050131694596     
        1892  -2335.6646061403594     
        1893  -2332.5341841244071     
        1894  -2386.6034385658090     
        1895  -2374.3661848151783     
        1896  -2290.4128281381900     
        1897  -2315.7566081389173     
        1898  -2273.1184020498208     
        1899  -2306.3685853979891     
        1900  -2270.2469670606738     
        1901  -2269.9173228017871     
        1902  -2291.8844539349193     
        1903  -2274.4240363528238     
        1904  -2261.0636286691511     
        1905  -2271.3216785885174     
        1906  -2247.5788765706675     
        1907  -2251.5576820138272     
        1908  -2246.5786608649478     
        1909  -2233.6116078708146     
        1910  -2233.6285273154567     
        1911  -2241.1032177236134     
        1912  -2245.8256890552939     
        1913  -2229.1363515020525     
        1914  -2289.8134970136334     
        1915  -2319.7130545362661     
        1916  -2321.3569029106320     
        1917  -2262.2078093650066     
        1918  -2288.7551584232656     
        1919  -2298.9962686657141     
        1920  -2325.4169312572012     
        1921  -2264.6206552128692     
        1922  -2255.0164052943946     
        1923  -2240.8244183794641     
        1924  -2265.0690944427392     
        1925  -2290.9304865852578     
        1926  -2309.6976860303052     
        1927  -2308.9181664121397     
        1928  -2304.8432604498985     
        1929  -2289.3413394155414     
        1930  -2242.2428654319006     
        1931  -2292.0811752642308     
        1932  -2300.6327533861418     
        1933  -2292.5714794681758     
        1934  -2288.2124145562452     
        1935  -2259.1330843463315     
        1936  -2284.4730202232895     
        1937  -2300.2061055246040     
        1938  -2282.5510939216911     
        1939  -2258.9608730017112     
        1940  -2280.5701234870489     
        1941  -2293.9361894890708     
        1942  -2307.5305496931769     
        1943  -2355.0489889657797     
        1944  -2307.0952032584555     
        1945  -2298.0285157296730     
        1946  -2309.3839916253737     
        1947  -2285.4687590212598     
        1948  -2284.0257489452501     
        1949  -2311.2371951009018     
        1950  -2286.3151989913131     
        1951  -2265.0286549408147     
        1952  -2289.3753723006330     
        1953  -2311.1319373204537     
        1954  -2318.2542090955890     
        1955  -2306.5517393949426     
        1956  -2334.2678009704860     
        1957  -2324.0231807925898     
        1958  -2338.2021844825958     
        1959  -2310.4709593786806     
        1960  -2305.0082192613654     
        1961  -2306.5570842851257     
        1962  -2311.0111750341293     
        1963  -2308.6796857572444     
        1964  -2316.9021989662047     
        1965  -2284.6779163791293     
        1966  -2348.0426201704840     
        1967  -2340.0560764868401     
        1968  -2326.3204425339213     
        1969  -2306.9891722373068     
        1970  -2315.9634463415759     
        1971  -2285.9626310211102     
        1972  -2271.3788350245377     
        1973  -2278.8733197074007     
        1974  -2288.7902134397482     
        1975  -2292.6875026042007     
        1976  -2290.3731082347335     
        1977  -2281.4408151921898     
        1978  -2284.0224733821474     
        1979  -2272.1648757753060     
        1980  -2310.8175321990516     
        1981  -2316.5271260341683     
        1982  -2304.5197448408758     
        1983  -2340.3335884180256     
        1984  -2306.7858702236231     
        1985  -2300.4641721091375     
        1986  -2315.6534608292891     
        1987  -2354.2182151101370     
        1988  -2312.4071319908207     
        1989  -2313.7135902958662     
        1990  -2335.1240921444642     
        1991  -2324.3682499467327     
        1992  -2294.1752300917515     
        1993  -2326.8790808260733     
        1994  -2307.4588859981950     
        1995  -2322.0352998722788     
        1996  -2324.1505710721635     
        1997  -2343.2173106586506     
        1998  -2361.0783232786080     
        1999  -2312.3710423487391     
        2000  -2327.7865832589787     
