 RADIUS,  GDR(R)
   1.1700000286102295E-002   0.0000000000000000     
   1.9500000476837157E-002   0.0000000000000000     
   2.7300000667572023E-002   0.0000000000000000     
   3.5100000858306883E-002   0.0000000000000000     
   4.2900001049041750E-002   0.0000000000000000     
   5.0700001239776610E-002   0.0000000000000000     
   5.8500001430511477E-002   0.0000000000000000     
   6.6300001621246343E-002   0.0000000000000000     
   7.4100001811981203E-002   0.0000000000000000     
   8.1900002002716063E-002   0.0000000000000000     
   8.9700002193450923E-002   0.0000000000000000     
   9.7500002384185797E-002   0.0000000000000000     
  0.10530000257492066        0.0000000000000000     
  0.11310000276565552        0.0000000000000000     
  0.12090000295639038        0.0000000000000000     
  0.12870000314712524        0.0000000000000000     
  0.13650000333786011        0.0000000000000000     
  0.14430000352859498        0.0000000000000000     
  0.15210000371932983        0.0000000000000000     
  0.15990000391006470        0.0000000000000000     
  0.16770000410079955        0.0000000000000000     
  0.17550000429153442        0.0000000000000000     
  0.18330000448226930        0.0000000000000000     
  0.19110000467300414        0.0000000000000000     
  0.19890000486373902        0.0000000000000000     
  0.20670000505447389        0.0000000000000000     
  0.21450000524520874        0.0000000000000000     
  0.22230000543594361        0.0000000000000000     
  0.23010000562667846        0.0000000000000000     
  0.23790000581741333        0.0000000000000000     
  0.24570000600814820        0.0000000000000000     
  0.25350000619888308        0.0000000000000000     
  0.26130000638961792        0.0000000000000000     
  0.26910000658035277        0.0000000000000000     
  0.27690000677108767        0.0000000000000000     
  0.28470000696182252        0.0000000000000000     
  0.29250000715255736        0.0000000000000000     
  0.30030000734329226        0.0000000000000000     
  0.30810000753402711        0.0000000000000000     
  0.31590000772476196        0.0000000000000000     
  0.32370000791549680        0.0000000000000000     
  0.33150000810623170        0.0000000000000000     
  0.33930000829696655        0.0000000000000000     
  0.34710000848770139        0.0000000000000000     
  0.35490000867843630        0.0000000000000000     
  0.36270000886917114        0.0000000000000000     
  0.37050000905990599        0.0000000000000000     
  0.37830000925064089        0.0000000000000000     
  0.38610000944137574        0.0000000000000000     
  0.39390000963211058        0.0000000000000000     
  0.40170000982284548        0.0000000000000000     
  0.40950001001358033        0.0000000000000000     
  0.41730001020431517        0.0000000000000000     
  0.42510001039505008        0.0000000000000000     
  0.43290001058578492        0.0000000000000000     
  0.44070001077651977        0.0000000000000000     
  0.44850001096725461        0.0000000000000000     
  0.45630001115798952        0.0000000000000000     
  0.46410001134872436        0.0000000000000000     
  0.47190001153945921        0.0000000000000000     
  0.47970001173019411        0.0000000000000000     
  0.48750001192092896        0.0000000000000000     
  0.49530001211166380        0.0000000000000000     
  0.50310001230239865        0.0000000000000000     
  0.51090001249313355        0.0000000000000000     
  0.51870001268386845        0.0000000000000000     
  0.52650001287460324        0.0000000000000000     
  0.53430001306533814        0.0000000000000000     
  0.54210001325607304        0.0000000000000000     
  0.54990001344680783        0.0000000000000000     
  0.55770001363754274        0.0000000000000000     
  0.56550001382827764        0.0000000000000000     
  0.57330001401901243        0.0000000000000000     
  0.58110001420974733        0.0000000000000000     
  0.58890001440048223        0.0000000000000000     
  0.59670001459121702        0.0000000000000000     
  0.60450001478195192        0.0000000000000000     
  0.61230001497268682        0.0000000000000000     
  0.62010001516342161        0.0000000000000000     
  0.62790001535415652        0.0000000000000000     
  0.63570001554489131        0.0000000000000000     
  0.64350001573562621        0.0000000000000000     
  0.65130001592636111        0.0000000000000000     
  0.65910001611709590        0.0000000000000000     
  0.66690001630783080        0.0000000000000000     
  0.67470001649856570        0.0000000000000000     
  0.68250001668930049        0.0000000000000000     
  0.69030001688003539        0.0000000000000000     
  0.69810001707077030        0.0000000000000000     
  0.70590001726150509        0.0000000000000000     
  0.71370001745223999        0.0000000000000000     
  0.72150001764297489        0.0000000000000000     
  0.72930001783370968        0.0000000000000000     
  0.73710001802444458        0.0000000000000000     
  0.74490001821517948        0.0000000000000000     
  0.75270001840591427        0.0000000000000000     
  0.76050001859664917        0.0000000000000000     
  0.76830001878738408        0.0000000000000000     
  0.77610001897811887        0.0000000000000000     
  0.78390001916885377        0.0000000000000000     
  0.79170001935958867        0.0000000000000000     
  0.79950001955032346        0.0000000000000000     
  0.80730001974105836        0.0000000000000000     
  0.81510001993179326        0.0000000000000000     
  0.82290002012252805        0.0000000000000000     
  0.83070002031326295        0.0000000000000000     
  0.83850002050399786        0.0000000000000000     
  0.84630002069473265        1.4866376179890867E-004
  0.85410002088546755        7.5726230939332856E-005
  0.86190002107620245        2.9600048669537946E-004
  0.86970002126693724        2.9874498494809757E-003
  0.87750002145767214        4.2883472600308394E-003
  0.88530002164840693        9.7584518934138356E-003
  0.89310002183914183        1.8182129160663262E-002
  0.90090002202987673        3.2747233601890281E-002
  0.90870002222061153        6.2218859092267605E-002
  0.91650002241134643        9.2863244513023829E-002
  0.92430002260208133       0.13794017641451531     
  0.93210002279281612       0.20730187188785934     
  0.93990002298355102       0.29617343798201207     
  0.94770002317428592       0.36897614843795795     
  0.95550002336502071       0.46403849485542797     
  0.96330002355575561       0.57729083798337821     
  0.97110002374649051       0.67343564413087431     
  0.97890002393722531       0.77993663365595567     
  0.98670002412796021       0.93160675099767276     
  0.99450002431869511       0.99583593313493723     
   1.0023000245094300        1.0959846106271744     
   1.0101000247001648        1.1867092468358245     
   1.0179000248908996        1.2913042201888820     
   1.0257000250816346        1.3703619804284317     
   1.0335000252723694        1.4239612102992090     
   1.0413000254631042        1.4923877409272943     
   1.0491000256538392        1.5549005018631470     
   1.0569000258445740        1.5871981997886364     
   1.0647000260353088        1.6235466980680735     
   1.0725000262260438        1.6517902987236757     
   1.0803000264167786        1.6772281740673198     
   1.0881000266075134        1.6697616319018049     
   1.0959000267982484        1.6676774708426660     
   1.1037000269889832        1.6637532121140897     
   1.1115000271797180        1.6903055180173689     
   1.1193000273704530        1.6796653422504337     
   1.1271000275611878        1.6491139361074512     
   1.1349000277519226        1.6696893199164100     
   1.1427000279426576        1.6585630640024027     
   1.1505000281333924        1.6087186387282639     
   1.1583000283241272        1.5761620530661773     
   1.1661000285148622        1.5839884058831406     
   1.1739000287055970        1.5706691789115974     
   1.1817000288963317        1.5625588288879912     
   1.1895000290870668        1.5242870331000793     
   1.1973000292778015        1.4863616791967686     
   1.2051000294685363        1.4737542509182950     
   1.2129000296592714        1.4685766992356792     
   1.2207000298500061        1.4623865497963979     
   1.2285000300407409        1.4268441040276474     
   1.2363000302314759        1.3872292012578367     
   1.2441000304222107        1.3779060496045408     
   1.2519000306129455        1.3537490050870589     
   1.2597000308036803        1.3501705887224986     
   1.2675000309944153        1.3208688744883768     
   1.2753000311851501        1.3119342165603802     
   1.2831000313758849        1.2895353905302891     
   1.2909000315666199        1.2747763779821315     
   1.2987000317573547        1.2578994588320265     
   1.3065000319480895        1.2531348898471535     
   1.3143000321388245        1.2327683319275906     
   1.3221000323295593        1.2264632460313669     
   1.3299000325202941        1.2075030110025968     
   1.3377000327110291        1.2020156245955471     
   1.3455000329017639        1.1877446331019261     
   1.3533000330924987        1.1552386589622397     
   1.3611000332832337        1.1488959690336311     
   1.3689000334739685        1.1270367653568476     
   1.3767000336647033        1.1374992395649379     
   1.3845000338554383        1.1225275278076401     
   1.3923000340461731        1.0980969253762920     
   1.4001000342369079        1.1038160511976780     
   1.4079000344276429        1.0799858909824862     
   1.4157000346183777        1.0794390166570156     
   1.4235000348091125        1.0673969742359219     
   1.4313000349998475        1.0519411091848163     
   1.4391000351905823        1.0575665617740813     
   1.4469000353813171        1.0537272890918417     
   1.4547000355720521        1.0401029584219024     
   1.4625000357627869        1.0188980268778864     
   1.4703000359535217        1.0174459047178888     
   1.4781000361442567       0.99518536522007306     
   1.4859000363349915        1.0157243990770608     
   1.4937000365257262       0.99858445359860226     
   1.5015000367164613        1.0025778032970292     
   1.5093000369071961       0.98786960220975029     
   1.5171000370979308       0.97590128173594393     
   1.5249000372886659       0.97197757810969387     
   1.5327000374794006       0.97693620239201773     
   1.5405000376701354       0.98049727268203990     
   1.5483000378608704       0.96601265271590042     
   1.5561000380516052       0.97194238433659352     
   1.5639000382423400       0.95642859898898980     
   1.5717000384330750       0.96232376620979754     
   1.5795000386238098       0.94654169967040525     
   1.5873000388145446       0.94878196472111553     
   1.5951000390052796       0.94158609675034599     
   1.6029000391960144       0.94762088511955533     
   1.6107000393867492       0.94267560177772014     
   1.6185000395774842       0.93737707005813820     
   1.6263000397682190       0.92700326401516320     
   1.6341000399589538       0.93500446846600782     
   1.6419000401496888       0.93015306201170822     
   1.6497000403404236       0.93328533186306672     
   1.6575000405311584       0.92461497223246947     
   1.6653000407218934       0.92529854142335100     
   1.6731000409126282       0.92909925684711792     
   1.6809000411033630       0.93391811998257523     
   1.6887000412940980       0.93175759235117717     
   1.6965000414848328       0.93913344834468337     
   1.7043000416755676       0.93334767187508927     
   1.7121000418663026       0.91263032387408161     
   1.7199000420570374       0.91896839553836707     
   1.7277000422477722       0.91853178355144949     
   1.7355000424385072       0.92356554945171332     
   1.7433000426292420       0.91695390720177050     
   1.7511000428199768       0.93067290753999310     
   1.7589000430107116       0.91881696134008772     
   1.7667000432014466       0.91356584537679253     
   1.7745000433921814       0.91412378119976567     
   1.7823000435829162       0.92467227717867262     
   1.7901000437736512       0.92852845164497277     
   1.7979000439643860       0.93660451163205005     
   1.8057000441551208       0.93313161176891080     
   1.8135000443458558       0.93888793930584025     
   1.8213000445365906       0.93283486807729765     
   1.8291000447273253       0.93866638363656840     
   1.8369000449180604       0.94323082464435781     
   1.8447000451087952       0.94538641140999125     
   1.8525000452995299       0.94185308383646993     
   1.8603000454902650       0.95378329640783699     
   1.8681000456809997       0.93715493617089773     
   1.8759000458717345       0.94652082882744681     
   1.8837000460624695       0.94875577791247068     
   1.8915000462532043       0.94570277647208856     
   1.8993000464439391       0.95143092837035492     
   1.9071000466346741       0.95140660628601648     
   1.9149000468254089       0.95454132043652207     
   1.9227000470161437       0.95548427100901312     
   1.9305000472068787       0.97061550202748870     
   1.9383000473976135       0.97206624630108662     
   1.9461000475883483       0.97290476287244421     
   1.9539000477790833       0.97775179270210422     
   1.9617000479698181       0.97727105862090058     
   1.9695000481605529       0.99068846221522389     
   1.9773000483512879       0.99017546799208511     
   1.9851000485420227       0.98949895262776189     
   1.9929000487327575       0.98710557698672141     
   2.0007000489234925       0.98853262447390888     
   2.0085000491142271       0.98838574647318522     
   2.0163000493049621       0.99476060501939123     
   2.0241000494956971       0.99409069607628620     
   2.0319000496864317       0.99952848890969259     
   2.0397000498771667        1.0067672000430290     
   2.0475000500679017        1.0063467910653967     
   2.0553000502586363        1.0102401215001884     
   2.0631000504493713        1.0117019365734541     
   2.0709000506401063        1.0126133017173016     
   2.0787000508308409        1.0175932190518173     
   2.0865000510215759        1.0173475583791247     
   2.0943000512123109        1.0177518577028031     
   2.1021000514030455        1.0123313773500220     
   2.1099000515937805        1.0175497171458978     
   2.1177000517845155        1.0213261379130514     
   2.1255000519752500        1.0159743449209120     
   2.1333000521659851        1.0231633392950705     
   2.1411000523567201        1.0260213537830862     
   2.1489000525474546        1.0221787047493684     
   2.1567000527381897        1.0170978752456670     
   2.1645000529289247        1.0176682724001751     
   2.1723000531196592        1.0293512091032391     
   2.1801000533103942        1.0318028880615990     
   2.1879000535011293        1.0302200385765270     
   2.1957000536918638        1.0315027000377848     
   2.2035000538825988        1.0272767258412896     
   2.2113000540733339        1.0178745354401213     
   2.2191000542640684        1.0223085994469441     
   2.2269000544548034        1.0243059750598433     
   2.2347000546455384        1.0241313721593812     
   2.2425000548362730        1.0261693456248162     
   2.2503000550270080        1.0293179039329448     
   2.2581000552177430        1.0289260997337919     
   2.2659000554084776        1.0210704010836582     
   2.2737000555992126        1.0262375680165317     
   2.2815000557899476        1.0309276852663987     
   2.2893000559806822        1.0234751391492596     
   2.2971000561714172        1.0270009219284635     
   2.3049000563621522        1.0202419624253953     
   2.3127000565528868        1.0092518245268638     
   2.3205000567436218        1.0144917353434053     
   2.3283000569343568        1.0217749122979667     
   2.3361000571250914        1.0199535604284597     
   2.3439000573158264        1.0228385285616413     
   2.3517000575065614        1.0182817959839405     
   2.3595000576972960        1.0238377892030739     
   2.3673000578880310        1.0230650116194331     
   2.3751000580787660        1.0177124226926422     
   2.3829000582695006        1.0187190046326551     
   2.3907000584602356        1.0193248615879213     
   2.3985000586509706        1.0138249224416216     
   2.4063000588417052        1.0136146428450499     
   2.4141000590324402        1.0129787848611511     
   2.4219000592231752        1.0118890480466032     
   2.4297000594139098        1.0106109209629264     
   2.4375000596046448        1.0149982261251989     
   2.4453000597953798        1.0145456309637071     
   2.4531000599861144        1.0136043728797977     
   2.4609000601768494        1.0101322663516612     
   2.4687000603675844        1.0081968255766864     
   2.4765000605583189        1.0040897796329888     
   2.4843000607490540        1.0089517121553371     
   2.4921000609397890        1.0052397021854058     
   2.4999000611305235        1.0043221315497632     
   2.5077000613212586       0.99441814569315135     
   2.5155000615119936       0.98691418675383413     
   2.5233000617027281       0.99197579464567598     
   2.5311000618934631       0.99937203313295075     
   2.5389000620841982       0.99289481425202286     
   2.5467000622749327       0.99005032570618123     
   2.5545000624656677       0.99557061324473328     
   2.5623000626564028       0.99510071134911937     
   2.5701000628471373       0.99800054733842980     
   2.5779000630378723       0.99463131298426510     
   2.5857000632286073       0.99625590203428582     
   2.5935000634193419       0.99494439526050182     
   2.6013000636100769       0.99235752545980993     
   2.6091000638008119       0.99707975066603260     
   2.6169000639915465       0.99855059100053167     
   2.6247000641822815        1.0009245813953864     
   2.6325000643730165       0.99069422250482164     
   2.6403000645637511       0.99371487507166634     
   2.6481000647544861       0.98511939011926108     
   2.6559000649452211       0.98762485890189899     
   2.6637000651359557       0.99406504537942153     
   2.6715000653266907       0.98859515232183914     
   2.6793000655174257       0.99177277592956414     
   2.6871000657081603       0.99738478831714461     
   2.6949000658988953       0.99318040828098297     
   2.7027000660896303       0.98625223716945065     
   2.7105000662803649       0.98616964980145416     
   2.7183000664710999       0.99300588364401654     
   2.7261000666618349       0.98568463371052462     
   2.7339000668525695       0.98453008289072208     
   2.7417000670433045       0.98303337303160898     
   2.7495000672340395       0.98787531862073930     
   2.7573000674247741       0.98942775607492595     
   2.7651000676155091       0.99608933905925523     
   2.7729000678062441       0.99706266312240610     
   2.7807000679969787       0.98699412798237196     
   2.7885000681877137       0.98332532600160916     
   2.7963000683784487       0.99185440625942434     
   2.8041000685691833       0.98920534238523949     
   2.8119000687599183       0.98796232045070709     
   2.8197000689506533       0.99136269659388265     
   2.8275000691413879       0.98730390857038142     
   2.8353000693321229       0.98951431508597432     
   2.8431000695228579       0.99094210293842000     
   2.8509000697135924       0.99095996649297580     
   2.8587000699043275       0.99616483511118792     
   2.8665000700950625       0.99556573577641971     
   2.8743000702857970       0.99156012886508593     
   2.8821000704765320       0.99046324230664007     
   2.8899000706672671       0.99072081199924478     
   2.8977000708580016       0.98774301987953084     
   2.9055000710487366       0.98869789188245538     
   2.9133000712394717       0.98924196115888974     
   2.9211000714302062       0.99503667537568330     
   2.9289000716209412       0.99247586037402846     
   2.9367000718116762       0.98933133081680003     
   2.9445000720024108       0.99456637542204573     
   2.9523000721931458       0.98696637542902299     
   2.9601000723838808       0.99212556001136876     
   2.9679000725746154       0.99566233858336561     
   2.9757000727653504       0.99237970761087169     
   2.9835000729560854       0.99563732518672110     
   2.9913000731468200       0.98946299077779853     
   2.9991000733375550       0.99332015693593689     
   3.0069000735282896       0.99788107374528023     
   3.0147000737190246       0.98789037270029967     
   3.0225000739097596       0.99228282670286361     
   3.0303000741004942       0.99663236304979919     
   3.0381000742912292       0.99357208183260259     
   3.0459000744819642       0.99440114764234466     
   3.0537000746726988       0.99169822944487462     
   3.0615000748634338        1.0005828662504999     
   3.0693000750541688       0.99251742556493339     
   3.0771000752449034       0.99493434153737603     
   3.0849000754356384       0.99593257330271057     
   3.0927000756263734       0.99777752315934443     
   3.1005000758171080       0.99969646174195892     
   3.1083000760078430       0.99451367930177015     
   3.1161000761985780        1.0002231952902327     
   3.1239000763893126       0.99571056155052828     
   3.1317000765800476       0.99675129606982005     
   3.1395000767707826       0.99865912979590732     
   3.1473000769615171       0.99907712471608623     
   3.1551000771522522       0.99757574603936017     
   3.1629000773429872       0.99397557650126189     
   3.1707000775337217        1.0008910842033933     
   3.1785000777244568       0.99833731793377878     
   3.1863000779151918        1.0058203338388212     
   3.1941000781059263        1.0045054221320873     
   3.2019000782966613       0.99773150650754217     
   3.2097000784873964       0.99881472815704131     
   3.2175000786781309       0.99746218514726370     
   3.2253000788688659        1.0007870472179818     
   3.2331000790596010       0.99585474834048981     
   3.2409000792503355       0.99339788872009038     
   3.2487000794410705       0.99787232710216167     
   3.2565000796318055       0.99555276453288966     
   3.2643000798225401       0.99656805323026476     
   3.2721000800132751       0.99706900228729511     
   3.2799000802040101       0.99184770352503626     
   3.2877000803947447        1.0006386069986430     
   3.2955000805854797        1.0009805317286944     
   3.3033000807762147        1.0042211905548744     
   3.3111000809669493       0.99681778862127224     
   3.3189000811576843        1.0006812813066328     
   3.3267000813484193        1.0013437464860857     
   3.3345000815391539       0.99783929947194705     
   3.3423000817298889       0.99875966145684003     
   3.3501000819206239       0.99891109960797941     
   3.3579000821113585       0.99579696470064327     
   3.3657000823020935       0.99687439588426141     
   3.3735000824928285        1.0004148076162698     
   3.3813000826835631       0.99816864049386855     
   3.3891000828742981       0.99644346409416162     
   3.3969000830650331       0.99438359099584683     
   3.4047000832557677        1.0041048761833575     
   3.4125000834465027       0.99540089924529862     
   3.4203000836372377       0.99906338840075237     
   3.4281000838279723       0.99937063764465650     
   3.4359000840187073        1.0016628512498871     
   3.4437000842094423       0.99933623779913228     
   3.4515000844001769        1.0011232566817201     
   3.4593000845909119       0.99658279940459182     
   3.4671000847816469       0.99912761365116087     
   3.4749000849723815       0.99883445990978625     
   3.4827000851631165        1.0041044693649930     
   3.4905000853538515       0.99772704881846230     
   3.4983000855445860       0.99909992819475435     
   3.5061000857353211        1.0055701167828537     
   3.5139000859260561       0.99648403880723802     
   3.5217000861167906       0.99644328572936303     
   3.5295000863075257       0.99639596122144103     
   3.5373000864982607       0.99269246169123115     
   3.5451000866889952       0.99753022743182662     
   3.5529000868797302        1.0000046990381724     
   3.5607000870704653       0.99807357808613772     
   3.5685000872611998       0.99872833265323246     
   3.5763000874519348        1.0018960082915507     
   3.5841000876426699        1.0028027436655216     
   3.5919000878334044       0.99844083936514205     
   3.5997000880241394       0.99647218444355357     
   3.6075000882148744        1.0027716438105969     
   3.6153000884056090        1.0000118766011830     
   3.6231000885963440        1.0024738923042091     
   3.6309000887870790       0.99988448980363864     
   3.6387000889778136       0.99405333923569716     
   3.6465000891685486       0.99999863271977962     
   3.6543000893592836       0.99927595747794551     
   3.6621000895500182        1.0014266419144620     
   3.6699000897407532       0.99327560735247400     
   3.6777000899314882       0.99842125697149176     
   3.6855000901222228       0.99495659388965507     
   3.6933000903129578       0.99450607427403259     
   3.7011000905036928       0.99570539706268857     
   3.7089000906944274       0.99706509402699273     
   3.7167000908851624        1.0006826267352220     
   3.7245000910758974       0.99920160874048047     
   3.7323000912666320        1.0016738404903229     
   3.7401000914573670       0.99493185269017037     
   3.7479000916481020       0.99299179671858084     
   3.7557000918388366       0.99575006711948455     
   3.7635000920295716       0.99758225331615746     
   3.7713000922203066       0.99704884238852376     
   3.7791000924110412       0.99471200964383111     
   3.7869000926017762       0.99322891634077515     
   3.7947000927925112        1.0002512739213709     
   3.8025000929832458       0.99490591069730916     
   3.8103000931739808        1.0015654720465277     
   3.8181000933647158       0.99676467824794324     
   3.8259000935554504       0.99708808376538471     
   3.8337000937461854       0.99295035102540685     
   3.8415000939369204       0.98522607128537265     
   3.8493000941276549       0.99399227077938113     
   3.8571000943183900       0.99573958407021168     
   3.8649000945091250       0.99222272536241340     
   3.8727000946998595       0.99548383169519816     
   3.8805000948905946       0.99295650442405448     
   3.8883000950813296       0.99394599770139347     
   3.8961000952720641       0.99601987599872077     
   3.9039000954627991       0.49537556943406574     
