 RADIUS,  GDR(R)
   1.1700000286102295E-002   0.0000000000000000     
   1.9500000476837157E-002   0.0000000000000000     
   2.7300000667572023E-002   0.0000000000000000     
   3.5100000858306883E-002   0.0000000000000000     
   4.2900001049041750E-002   0.0000000000000000     
   5.0700001239776610E-002   0.0000000000000000     
   5.8500001430511477E-002   0.0000000000000000     
   6.6300001621246343E-002   0.0000000000000000     
   7.4100001811981203E-002   0.0000000000000000     
   8.1900002002716063E-002   0.0000000000000000     
   8.9700002193450923E-002   0.0000000000000000     
   9.7500002384185797E-002   0.0000000000000000     
  0.10530000257492066        0.0000000000000000     
  0.11310000276565552        0.0000000000000000     
  0.12090000295639038        0.0000000000000000     
  0.12870000314712524        0.0000000000000000     
  0.13650000333786011        0.0000000000000000     
  0.14430000352859498        0.0000000000000000     
  0.15210000371932983        0.0000000000000000     
  0.15990000391006470        0.0000000000000000     
  0.16770000410079955        0.0000000000000000     
  0.17550000429153442        0.0000000000000000     
  0.18330000448226930        0.0000000000000000     
  0.19110000467300414        0.0000000000000000     
  0.19890000486373902        0.0000000000000000     
  0.20670000505447389        0.0000000000000000     
  0.21450000524520874        0.0000000000000000     
  0.22230000543594361        0.0000000000000000     
  0.23010000562667846        0.0000000000000000     
  0.23790000581741333        0.0000000000000000     
  0.24570000600814820        0.0000000000000000     
  0.25350000619888308        0.0000000000000000     
  0.26130000638961792        0.0000000000000000     
  0.26910000658035277        0.0000000000000000     
  0.27690000677108767        0.0000000000000000     
  0.28470000696182252        0.0000000000000000     
  0.29250000715255736        0.0000000000000000     
  0.30030000734329226        0.0000000000000000     
  0.30810000753402711        0.0000000000000000     
  0.31590000772476196        0.0000000000000000     
  0.32370000791549680        0.0000000000000000     
  0.33150000810623170        0.0000000000000000     
  0.33930000829696655        0.0000000000000000     
  0.34710000848770139        0.0000000000000000     
  0.35490000867843630        0.0000000000000000     
  0.36270000886917114        0.0000000000000000     
  0.37050000905990599        0.0000000000000000     
  0.37830000925064089        0.0000000000000000     
  0.38610000944137574        0.0000000000000000     
  0.39390000963211058        0.0000000000000000     
  0.40170000982284548        0.0000000000000000     
  0.40950001001358033        0.0000000000000000     
  0.41730001020431517        0.0000000000000000     
  0.42510001039505008        0.0000000000000000     
  0.43290001058578492        0.0000000000000000     
  0.44070001077651977        0.0000000000000000     
  0.44850001096725461        0.0000000000000000     
  0.45630001115798952        0.0000000000000000     
  0.46410001134872436        0.0000000000000000     
  0.47190001153945921        0.0000000000000000     
  0.47970001173019411        0.0000000000000000     
  0.48750001192092896        0.0000000000000000     
  0.49530001211166380        0.0000000000000000     
  0.50310001230239865        0.0000000000000000     
  0.51090001249313355        0.0000000000000000     
  0.51870001268386845        0.0000000000000000     
  0.52650001287460324        0.0000000000000000     
  0.53430001306533814        0.0000000000000000     
  0.54210001325607304        0.0000000000000000     
  0.54990001344680783        0.0000000000000000     
  0.55770001363754274        0.0000000000000000     
  0.56550001382827764        0.0000000000000000     
  0.57330001401901243        0.0000000000000000     
  0.58110001420974733        0.0000000000000000     
  0.58890001440048223        0.0000000000000000     
  0.59670001459121702        0.0000000000000000     
  0.60450001478195192        0.0000000000000000     
  0.61230001497268682        0.0000000000000000     
  0.62010001516342161        0.0000000000000000     
  0.62790001535415652        0.0000000000000000     
  0.63570001554489131        0.0000000000000000     
  0.64350001573562621        0.0000000000000000     
  0.65130001592636111        0.0000000000000000     
  0.65910001611709590        0.0000000000000000     
  0.66690001630783080        0.0000000000000000     
  0.67470001649856570        0.0000000000000000     
  0.68250001668930049        0.0000000000000000     
  0.69030001688003539        0.0000000000000000     
  0.69810001707077030        0.0000000000000000     
  0.70590001726150509        0.0000000000000000     
  0.71370001745223999        0.0000000000000000     
  0.72150001764297489        0.0000000000000000     
  0.72930001783370968        0.0000000000000000     
  0.73710001802444458        0.0000000000000000     
  0.74490001821517948        0.0000000000000000     
  0.75270001840591427        0.0000000000000000     
  0.76050001859664917        0.0000000000000000     
  0.76830001878738408        0.0000000000000000     
  0.77610001897811887        0.0000000000000000     
  0.78390001916885377        0.0000000000000000     
  0.79170001935958867        0.0000000000000000     
  0.79950001955032346        0.0000000000000000     
  0.80730001974105836        0.0000000000000000     
  0.81510001993179326        0.0000000000000000     
  0.82290002012252805        0.0000000000000000     
  0.83070002031326295        0.0000000000000000     
  0.83850002050399786        3.5556248016096324E-005
  0.84630002069473265        1.7336517077937310E-004
  0.85410002088546755        4.3584717980541215E-004
  0.86190002107620245        2.4584189480336897E-003
  0.86970002126693724        4.0592689194193059E-003
  0.87750002145767214        1.2189324688251364E-002
  0.88530002164840693        2.8258838290860358E-002
  0.89310002183914183        5.1732120544829764E-002
  0.90090002202987673        9.4592911694259041E-002
  0.90870002222061153       0.14979444567349076     
  0.91650002241134643       0.22521750692420456     
  0.92430002260208133       0.32852565790865357     
  0.93210002279281612       0.46898409577138550     
  0.93990002298355102       0.61034112231632065     
  0.94770002317428592       0.76320767653316901     
  0.95550002336502071       0.94045260094081740     
  0.96330002355575561        1.1132377941936549     
  0.97110002374649051        1.2809052263758096     
  0.97890002393722531        1.4702968576096698     
  0.98670002412796021        1.6292898337957435     
  0.99450002431869511        1.7558265256331755     
   1.0023000245094300        1.8851085091678721     
   1.0101000247001648        2.0159178425130935     
   1.0179000248908996        2.0840653498165831     
   1.0257000250816346        2.1680403373277506     
   1.0335000252723694        2.2046089704377718     
   1.0413000254631042        2.2569382471721067     
   1.0491000256538392        2.2556439134007888     
   1.0569000258445740        2.2907813941008692     
   1.0647000260353088        2.2623658619888678     
   1.0725000262260438        2.2636979580300567     
   1.0803000264167786        2.2330982200010294     
   1.0881000266075134        2.2128580254536963     
   1.0959000267982484        2.1692467385718328     
   1.1037000269889832        2.1221664071219308     
   1.1115000271797180        2.0795362585607502     
   1.1193000273704530        2.0259517595889167     
   1.1271000275611878        1.9633302879424774     
   1.1349000277519226        1.9195999703050299     
   1.1427000279426576        1.8689281990352635     
   1.1505000281333924        1.8092961558004432     
   1.1583000283241272        1.7554929528319543     
   1.1661000285148622        1.7118235780971713     
   1.1739000287055970        1.6662840470597984     
   1.1817000288963317        1.6135485106783647     
   1.1895000290870668        1.5816752239758811     
   1.1973000292778015        1.5337666205867375     
   1.2051000294685363        1.4723697808037757     
   1.2129000296592714        1.4292041630470655     
   1.2207000298500061        1.4018306157389722     
   1.2285000300407409        1.3567745922929098     
   1.2363000302314759        1.3199443762403833     
   1.2441000304222107        1.2768903550229609     
   1.2519000306129455        1.2528599382107233     
   1.2597000308036803        1.2219146229578850     
   1.2675000309944153        1.1847562332946546     
   1.2753000311851501        1.1532694970641386     
   1.2831000313758849        1.1210459538341035     
   1.2909000315666199        1.0868627509916333     
   1.2987000317573547        1.0672080535741493     
   1.3065000319480895        1.0382936866207622     
   1.3143000321388245        1.0231243203402636     
   1.3221000323295593        1.0006200531940788     
   1.3299000325202941       0.98256388427219499     
   1.3377000327110291       0.95625849962965792     
   1.3455000329017639       0.94628251148445564     
   1.3533000330924987       0.92224290423865307     
   1.3611000332832337       0.90760351822320084     
   1.3689000334739685       0.88944609892473736     
   1.3767000336647033       0.87751948601604446     
   1.3845000338554383       0.85927519571183142     
   1.3923000340461731       0.85444888072566028     
   1.4001000342369079       0.82852253298930723     
   1.4079000344276429       0.82137730191432257     
   1.4157000346183777       0.81915351832622452     
   1.4235000348091125       0.80409375632405733     
   1.4313000349998475       0.79718819678269737     
   1.4391000351905823       0.78332320412957512     
   1.4469000353813171       0.77618439625102831     
   1.4547000355720521       0.76897495347464406     
   1.4625000357627869       0.77050516278985859     
   1.4703000359535217       0.75685542810930839     
   1.4781000361442567       0.74992708521490758     
   1.4859000363349915       0.74246676844089277     
   1.4937000365257262       0.74184242167014558     
   1.5015000367164613       0.73479850812171021     
   1.5093000369071961       0.72835147399049516     
   1.5171000370979308       0.73146530595897752     
   1.5249000372886659       0.73861125689993434     
   1.5327000374794006       0.72773087054082874     
   1.5405000376701354       0.72741180070059408     
   1.5483000378608704       0.72454634100657622     
   1.5561000380516052       0.72266859466955713     
   1.5639000382423400       0.71697333517924688     
   1.5717000384330750       0.72472347032841000     
   1.5795000386238098       0.72339012123818847     
   1.5873000388145446       0.73398701641638231     
   1.5951000390052796       0.73190788790359007     
   1.6029000391960144       0.73424454564343067     
   1.6107000393867492       0.73421822471667642     
   1.6185000395774842       0.74069385668855336     
   1.6263000397682190       0.74775330315676847     
   1.6341000399589538       0.74962330013819634     
   1.6419000401496888       0.75743744023334192     
   1.6497000403404236       0.75139100041041063     
   1.6575000405311584       0.75550079479262933     
   1.6653000407218934       0.76598289097158900     
   1.6731000409126282       0.77266271709936385     
   1.6809000411033630       0.77899549251788114     
   1.6887000412940980       0.78567377224444668     
   1.6965000414848328       0.79326605722079169     
   1.7043000416755676       0.80534528002980854     
   1.7121000418663026       0.80750469239492340     
   1.7199000420570374       0.82086198566914415     
   1.7277000422477722       0.82642794397305241     
   1.7355000424385072       0.82594170619405161     
   1.7433000426292420       0.84031544063410835     
   1.7511000428199768       0.85270253807770724     
   1.7589000430107116       0.86889149532292564     
   1.7667000432014466       0.87556732929499326     
   1.7745000433921814       0.87944797414182696     
   1.7823000435829162       0.89423332138541123     
   1.7901000437736512       0.90283626638925718     
   1.7979000439643860       0.91607912967634864     
   1.8057000441551208       0.92426422117351592     
   1.8135000443458558       0.93429775759421219     
   1.8213000445365906       0.94795857901742997     
   1.8291000447273253       0.95719152239777694     
   1.8369000449180604       0.96963786982103328     
   1.8447000451087952       0.98152104609448676     
   1.8525000452995299       0.98563013442866620     
   1.8603000454902650       0.99470869970664788     
   1.8681000456809997        1.0050325557870616     
   1.8759000458717345        1.0193898309092169     
   1.8837000460624695        1.0297559500705524     
   1.8915000462532043        1.0363187371521341     
   1.8993000464439391        1.0529500085329271     
   1.9071000466346741        1.0660407190492067     
   1.9149000468254089        1.0734887880168034     
   1.9227000470161437        1.0816343091094394     
   1.9305000472068787        1.0913520283019946     
   1.9383000473976135        1.0984297996731822     
   1.9461000475883483        1.1049606844810449     
   1.9539000477790833        1.1123999415368140     
   1.9617000479698181        1.1210964163027448     
   1.9695000481605529        1.1261274917744348     
   1.9773000483512879        1.1348095664674867     
   1.9851000485420227        1.1350198943632459     
   1.9929000487327575        1.1495791341253179     
   2.0007000489234925        1.1427611684278500     
   2.0085000491142271        1.1496843299598256     
   2.0163000493049621        1.1570963516390913     
   2.0241000494956971        1.1550914328426058     
   2.0319000496864317        1.1660616247130033     
   2.0397000498771667        1.1674199392449212     
   2.0475000500679017        1.1635345068140104     
   2.0553000502586363        1.1617573094122964     
   2.0631000504493713        1.1652877921137552     
   2.0709000506401063        1.1613072739778181     
   2.0787000508308409        1.1642044058403138     
   2.0865000510215759        1.1626026044539539     
   2.0943000512123109        1.1545077421765411     
   2.1021000514030455        1.1493009762023212     
   2.1099000515937805        1.1437244740422887     
   2.1177000517845155        1.1443280023583962     
   2.1255000519752500        1.1355606877634159     
   2.1333000521659851        1.1307611094175904     
   2.1411000523567201        1.1270536056211635     
   2.1489000525474546        1.1204557328692195     
   2.1567000527381897        1.1159212088525947     
   2.1645000529289247        1.1184946773287030     
   2.1723000531196592        1.1034971286982183     
   2.1801000533103942        1.1038223069436461     
   2.1879000535011293        1.0919000693949041     
   2.1957000536918638        1.0869841996606693     
   2.2035000538825988        1.0817901605575022     
   2.2113000540733339        1.0739736667381292     
   2.2191000542640684        1.0680684939422227     
   2.2269000544548034        1.0630765120198098     
   2.2347000546455384        1.0505419687837545     
   2.2425000548362730        1.0464994411798803     
   2.2503000550270080        1.0402283471372478     
   2.2581000552177430        1.0342142516183821     
   2.2659000554084776        1.0312625156465949     
   2.2737000555992126        1.0204936072376727     
   2.2815000557899476        1.0137442787216231     
   2.2893000559806822        1.0083827159264198     
   2.2971000561714172       0.99781636646951466     
   2.3049000563621522       0.99790343167196327     
   2.3127000565528868       0.99122167780221493     
   2.3205000567436218       0.98481975641131181     
   2.3283000569343568       0.97733059772058706     
   2.3361000571250914       0.98004688051425659     
   2.3439000573158264       0.96879466778250378     
   2.3517000575065614       0.96713137719263631     
   2.3595000576972960       0.96301078418769581     
   2.3673000578880310       0.96102532686091391     
   2.3751000580787660       0.95498729532218674     
   2.3829000582695006       0.94777804605648308     
   2.3907000584602356       0.94963537952087229     
   2.3985000586509706       0.94781757215435658     
   2.4063000588417052       0.94281573710681033     
   2.4141000590324402       0.93956751985304932     
   2.4219000592231752       0.93525063255945673     
   2.4297000594139098       0.93156285179104514     
   2.4375000596046448       0.93068864462169210     
   2.4453000597953798       0.92811175383355693     
   2.4531000599861144       0.93201504291764448     
   2.4609000601768494       0.92755369961235046     
   2.4687000603675844       0.92707610434992782     
   2.4765000605583189       0.92275488558501118     
   2.4843000607490540       0.92125845747263713     
   2.4921000609397890       0.92010198773189444     
   2.4999000611305235       0.92569692913549628     
   2.5077000613212586       0.91649598144518030     
   2.5155000615119936       0.91376766893143413     
   2.5233000617027281       0.91714646982693782     
   2.5311000618934631       0.91459245763342489     
   2.5389000620841982       0.91324763586842972     
   2.5467000622749327       0.92108944871259246     
   2.5545000624656677       0.91947646044118803     
   2.5623000626564028       0.92006518318119801     
   2.5701000628471373       0.92150837745093817     
   2.5779000630378723       0.92148298526802952     
   2.5857000632286073       0.92447212334644169     
   2.5935000634193419       0.93186114869256720     
   2.6013000636100769       0.92779840344967190     
   2.6091000638008119       0.92889149353329725     
   2.6169000639915465       0.93391935129807380     
   2.6247000641822815       0.93551980699466109     
   2.6325000643730165       0.93701750477871049     
   2.6403000645637511       0.94096722868625882     
   2.6481000647544861       0.94240610303687433     
   2.6559000649452211       0.94571109237479334     
   2.6637000651359557       0.95427172030781415     
   2.6715000653266907       0.94836370747987664     
   2.6793000655174257       0.95473878019805947     
   2.6871000657081603       0.95746014001209057     
   2.6949000658988953       0.95643493666094126     
   2.7027000660896303       0.96578860008374656     
   2.7105000662803649       0.96612763815266045     
   2.7183000664710999       0.97128194007715052     
   2.7261000666618349       0.97411661099827052     
   2.7339000668525695       0.97721375073664662     
   2.7417000670433045       0.98289342420646186     
   2.7495000672340395       0.98434158854607179     
   2.7573000674247741       0.98557924780736805     
   2.7651000676155091       0.98661034517441337     
   2.7729000678062441       0.99103114287215532     
   2.7807000679969787       0.99628082575573784     
   2.7885000681877137       0.99970895971008089     
   2.7963000683784487        1.0011292528529583     
   2.8041000685691833        1.0046594419164707     
   2.8119000687599183        1.0098041075552135     
   2.8197000689506533        1.0130501923314488     
   2.8275000691413879        1.0098283411658917     
   2.8353000693321229        1.0137044536502484     
   2.8431000695228579        1.0141264176248570     
   2.8509000697135924        1.0180774958597463     
   2.8587000699043275        1.0180154646353607     
   2.8665000700950625        1.0209776811300677     
   2.8743000702857970        1.0250492319254370     
   2.8821000704765320        1.0262586380342364     
   2.8899000706672671        1.0269586459891811     
   2.8977000708580016        1.0264347729980294     
   2.9055000710487366        1.0308861090679040     
   2.9133000712394717        1.0340114727593952     
   2.9211000714302062        1.0343614437619202     
   2.9289000716209412        1.0328490128785386     
   2.9367000718116762        1.0339299107535942     
   2.9445000720024108        1.0377498563258736     
   2.9523000721931458        1.0376916019836895     
   2.9601000723838808        1.0344678484037872     
   2.9679000725746154        1.0374121135159027     
   2.9757000727653504        1.0390004085058999     
   2.9835000729560854        1.0436264755590663     
   2.9913000731468200        1.0402770216574320     
   2.9991000733375550        1.0399846109156021     
   3.0069000735282896        1.0387273319195462     
   3.0147000737190246        1.0385545097190600     
   3.0225000739097596        1.0404493075699532     
   3.0303000741004942        1.0396302953472643     
   3.0381000742912292        1.0388967151072981     
   3.0459000744819642        1.0353201925880886     
   3.0537000746726988        1.0370260897644590     
   3.0615000748634338        1.0335746850602150     
   3.0693000750541688        1.0366029343359586     
   3.0771000752449034        1.0310054537011073     
   3.0849000754356384        1.0324453852438822     
   3.0927000756263734        1.0326422603753702     
   3.1005000758171080        1.0323942807306090     
   3.1083000760078430        1.0294027752997668     
   3.1161000761985780        1.0294998415151362     
   3.1239000763893126        1.0260411982160895     
   3.1317000765800476        1.0242969724302557     
   3.1395000767707826        1.0193279496650574     
   3.1473000769615171        1.0240963966421159     
   3.1551000771522522        1.0236048078462336     
   3.1629000773429872        1.0199384476716664     
   3.1707000775337217        1.0157642894180412     
   3.1785000777244568        1.0189901764886207     
   3.1863000779151918        1.0160997939079262     
   3.1941000781059263        1.0072459075520868     
   3.2019000782966613        1.0106821674438045     
   3.2097000784873964        1.0113225519705000     
   3.2175000786781309        1.0095564963525214     
   3.2253000788688659        1.0033030125370823     
   3.2331000790596010        1.0012192056416445     
   3.2409000792503355       0.99951073709943694     
   3.2487000794410705       0.99572056096375605     
   3.2565000796318055       0.99718066429195507     
   3.2643000798225401       0.99442035689707642     
   3.2721000800132751       0.99570920920460260     
   3.2799000802040101       0.99082350737986646     
   3.2877000803947447       0.98724207421411270     
   3.2955000805854797       0.98987099037747961     
   3.3033000807762147       0.98882665673137393     
   3.3111000809669493       0.99000448063901714     
   3.3189000811576843       0.98705254082564042     
   3.3267000813484193       0.98545687586250785     
   3.3345000815391539       0.98605797726560784     
   3.3423000817298889       0.97978044517968566     
   3.3501000819206239       0.98188066762275938     
   3.3579000821113585       0.98301097706370877     
   3.3657000823020935       0.97859974276181028     
   3.3735000824928285       0.97885456516524028     
   3.3813000826835631       0.97976515811811571     
   3.3891000828742981       0.97982644504222138     
   3.3969000830650331       0.97839579389548892     
   3.4047000832557677       0.97570759794240447     
   3.4125000834465027       0.97783039773263625     
   3.4203000836372377       0.97678156137272210     
   3.4281000838279723       0.97666851728818771     
   3.4359000840187073       0.97383149100900146     
   3.4437000842094423       0.97413722162997296     
   3.4515000844001769       0.97127450240043400     
   3.4593000845909119       0.97195301361499864     
   3.4671000847816469       0.96911732900434877     
   3.4749000849723815       0.97472734735177258     
   3.4827000851631165       0.97358118252154646     
   3.4905000853538515       0.97351892787118599     
   3.4983000855445860       0.97238779077888171     
   3.5061000857353211       0.97204045110049242     
   3.5139000859260561       0.97334484449077396     
   3.5217000861167906       0.97474897271652461     
   3.5295000863075257       0.97473516822737549     
   3.5373000864982607       0.97829051676972167     
   3.5451000866889952       0.97645944902648041     
   3.5529000868797302       0.97715618074627353     
   3.5607000870704653       0.97899057075051632     
   3.5685000872611998       0.97812601759018447     
   3.5763000874519348       0.98312506296455227     
   3.5841000876426699       0.98226057890189156     
   3.5919000878334044       0.98503952089952640     
   3.5997000880241394       0.98491645282752927     
   3.6075000882148744       0.98144000445395529     
   3.6153000884056090       0.98739305141981859     
   3.6231000885963440       0.98252000166582421     
   3.6309000887870790       0.98620257558721536     
   3.6387000889778136       0.98724846166460412     
   3.6465000891685486       0.98723889243560281     
   3.6543000893592836       0.99027848957012599     
   3.6621000895500182       0.99379444016267848     
   3.6699000897407532       0.99224147709302368     
   3.6777000899314882       0.99377171284003252     
   3.6855000901222228       0.99412408743215674     
   3.6933000903129578       0.99501838950673083     
   3.7011000905036928       0.99474259691628975     
   3.7089000906944274       0.99660912972477878     
   3.7167000908851624       0.99705626229811195     
   3.7245000910758974       0.99861860802701030     
   3.7323000912666320       0.99961527977664355     
   3.7401000914573670       0.99978514955251063     
   3.7479000916481020        1.0015090203742762     
   3.7557000918388366       0.99909526098798662     
   3.7635000920295716        1.0027620701720037     
   3.7713000922203066        1.0032549781024740     
   3.7791000924110412        1.0016187480468048     
   3.7869000926017762        1.0045381423109259     
   3.7947000927925112        1.0052244409996975     
   3.8025000929832458        1.0045722496695382     
   3.8103000931739808        1.0072119584862356     
   3.8181000933647158        1.0054778407105838     
   3.8259000935554504        1.0070167801917529     
   3.8337000937461854        1.0050935708675419     
   3.8415000939369204        1.0077622606491219     
   3.8493000941276549        1.0074322149555812     
   3.8571000943183900        1.0076625491895033     
   3.8649000945091250        1.0101021777397443     
   3.8727000946998595        1.0081039781699728     
   3.8805000948905946        1.0094657940920488     
   3.8883000950813296        1.0096114698277747     
   3.8961000952720641        1.0103628742470019     
   3.9039000954627991       0.50491261833456202     
