 RADIUS,  GDR(R)
   1.1700000286102295E-002   0.0000000000000000     
   1.9500000476837157E-002   0.0000000000000000     
   2.7300000667572023E-002   0.0000000000000000     
   3.5100000858306883E-002   0.0000000000000000     
   4.2900001049041750E-002   0.0000000000000000     
   5.0700001239776610E-002   0.0000000000000000     
   5.8500001430511477E-002   0.0000000000000000     
   6.6300001621246343E-002   0.0000000000000000     
   7.4100001811981203E-002   0.0000000000000000     
   8.1900002002716063E-002   0.0000000000000000     
   8.9700002193450923E-002   0.0000000000000000     
   9.7500002384185797E-002   0.0000000000000000     
  0.10530000257492066        0.0000000000000000     
  0.11310000276565552        0.0000000000000000     
  0.12090000295639038        0.0000000000000000     
  0.12870000314712524        0.0000000000000000     
  0.13650000333786011        0.0000000000000000     
  0.14430000352859498        0.0000000000000000     
  0.15210000371932983        0.0000000000000000     
  0.15990000391006470        0.0000000000000000     
  0.16770000410079955        0.0000000000000000     
  0.17550000429153442        0.0000000000000000     
  0.18330000448226930        0.0000000000000000     
  0.19110000467300414        0.0000000000000000     
  0.19890000486373902        0.0000000000000000     
  0.20670000505447389        0.0000000000000000     
  0.21450000524520874        0.0000000000000000     
  0.22230000543594361        0.0000000000000000     
  0.23010000562667846        0.0000000000000000     
  0.23790000581741333        0.0000000000000000     
  0.24570000600814820        0.0000000000000000     
  0.25350000619888308        0.0000000000000000     
  0.26130000638961792        0.0000000000000000     
  0.26910000658035277        0.0000000000000000     
  0.27690000677108767        0.0000000000000000     
  0.28470000696182252        0.0000000000000000     
  0.29250000715255736        0.0000000000000000     
  0.30030000734329226        0.0000000000000000     
  0.30810000753402711        0.0000000000000000     
  0.31590000772476196        0.0000000000000000     
  0.32370000791549680        0.0000000000000000     
  0.33150000810623170        0.0000000000000000     
  0.33930000829696655        0.0000000000000000     
  0.34710000848770139        0.0000000000000000     
  0.35490000867843630        0.0000000000000000     
  0.36270000886917114        0.0000000000000000     
  0.37050000905990599        0.0000000000000000     
  0.37830000925064089        0.0000000000000000     
  0.38610000944137574        0.0000000000000000     
  0.39390000963211058        0.0000000000000000     
  0.40170000982284548        0.0000000000000000     
  0.40950001001358033        0.0000000000000000     
  0.41730001020431517        0.0000000000000000     
  0.42510001039505008        0.0000000000000000     
  0.43290001058578492        0.0000000000000000     
  0.44070001077651977        0.0000000000000000     
  0.44850001096725461        0.0000000000000000     
  0.45630001115798952        0.0000000000000000     
  0.46410001134872436        0.0000000000000000     
  0.47190001153945921        0.0000000000000000     
  0.47970001173019411        0.0000000000000000     
  0.48750001192092896        0.0000000000000000     
  0.49530001211166380        0.0000000000000000     
  0.50310001230239865        0.0000000000000000     
  0.51090001249313355        0.0000000000000000     
  0.51870001268386845        0.0000000000000000     
  0.52650001287460324        0.0000000000000000     
  0.53430001306533814        0.0000000000000000     
  0.54210001325607304        0.0000000000000000     
  0.54990001344680783        0.0000000000000000     
  0.55770001363754274        0.0000000000000000     
  0.56550001382827764        0.0000000000000000     
  0.57330001401901243        0.0000000000000000     
  0.58110001420974733        0.0000000000000000     
  0.58890001440048223        0.0000000000000000     
  0.59670001459121702        0.0000000000000000     
  0.60450001478195192        0.0000000000000000     
  0.61230001497268682        0.0000000000000000     
  0.62010001516342161        0.0000000000000000     
  0.62790001535415652        0.0000000000000000     
  0.63570001554489131        0.0000000000000000     
  0.64350001573562621        0.0000000000000000     
  0.65130001592636111        0.0000000000000000     
  0.65910001611709590        0.0000000000000000     
  0.66690001630783080        0.0000000000000000     
  0.67470001649856570        0.0000000000000000     
  0.68250001668930049        0.0000000000000000     
  0.69030001688003539        0.0000000000000000     
  0.69810001707077030        0.0000000000000000     
  0.70590001726150509        0.0000000000000000     
  0.71370001745223999        0.0000000000000000     
  0.72150001764297489        0.0000000000000000     
  0.72930001783370968        0.0000000000000000     
  0.73710001802444458        0.0000000000000000     
  0.74490001821517948        0.0000000000000000     
  0.75270001840591427        0.0000000000000000     
  0.76050001859664917        0.0000000000000000     
  0.76830001878738408        0.0000000000000000     
  0.77610001897811887        0.0000000000000000     
  0.78390001916885377        0.0000000000000000     
  0.79170001935958867        0.0000000000000000     
  0.79950001955032346        0.0000000000000000     
  0.80730001974105836        0.0000000000000000     
  0.81510001993179326        0.0000000000000000     
  0.82290002012252805        0.0000000000000000     
  0.83070002031326295        0.0000000000000000     
  0.83850002050399786        1.4595956082283251E-004
  0.84630002069473265        1.7394556862142659E-004
  0.85410002088546755        6.5784899424645583E-004
  0.86190002107620245        2.5548479218267797E-003
  0.86970002126693724        4.9254867011873068E-003
  0.87750002145767214        1.3372214045161967E-002
  0.88530002164840693        2.6239801747270336E-002
  0.89310002183914183        5.0721923571302591E-002
  0.90090002202987673        8.2016631007719346E-002
  0.90870002222061153       0.14226766009757869     
  0.91650002241134643       0.21789197098649099     
  0.92430002260208133       0.31074123174098950     
  0.93210002279281612       0.44792609283818086     
  0.93990002298355102       0.57903823888317052     
  0.94770002317428592       0.74559981479869297     
  0.95550002336502071       0.90312729518435508     
  0.96330002355575561        1.0763230475470804     
  0.97110002374649051        1.2524498855184256     
  0.97890002393722531        1.4241961575369513     
  0.98670002412796021        1.5700465715050353     
  0.99450002431869511        1.7095905247572567     
   1.0023000245094300        1.8561426223479196     
   1.0101000247001648        1.9569530505784649     
   1.0179000248908996        2.0333421834990797     
   1.0257000250816346        2.1113625840235559     
   1.0335000252723694        2.1501045084495418     
   1.0413000254631042        2.1991763385068070     
   1.0491000256538392        2.2335606527937406     
   1.0569000258445740        2.2273303419514732     
   1.0647000260353088        2.2378704738111508     
   1.0725000262260438        2.2247729406330872     
   1.0803000264167786        2.2096261091645260     
   1.0881000266075134        2.1551666377883349     
   1.0959000267982484        2.1297236445943075     
   1.1037000269889832        2.1008888320274988     
   1.1115000271797180        2.0539963053584134     
   1.1193000273704530        1.9921417586069698     
   1.1271000275611878        1.9499947047044641     
   1.1349000277519226        1.9192857201911775     
   1.1427000279426576        1.8529572487754444     
   1.1505000281333924        1.8098653108683009     
   1.1583000283241272        1.7684433723753723     
   1.1661000285148622        1.7148840892974571     
   1.1739000287055970        1.6652003035273750     
   1.1817000288963317        1.6234589123170724     
   1.1895000290870668        1.5782482882138544     
   1.1973000292778015        1.5307002831091172     
   1.2051000294685363        1.4887507184186783     
   1.2129000296592714        1.4402745459543358     
   1.2207000298500061        1.4052111413422241     
   1.2285000300407409        1.3777099841526161     
   1.2363000302314759        1.3348986097156723     
   1.2441000304222107        1.2855626271746821     
   1.2519000306129455        1.2563531843551889     
   1.2597000308036803        1.2289191054719271     
   1.2675000309944153        1.2066298016874224     
   1.2753000311851501        1.1596603581501770     
   1.2831000313758849        1.1448693464967434     
   1.2909000315666199        1.1027640077903642     
   1.2987000317573547        1.0886292514595888     
   1.3065000319480895        1.0607752881522656     
   1.3143000321388245        1.0398136425734115     
   1.3221000323295593        1.0269001696189817     
   1.3299000325202941       0.99733484772194725     
   1.3377000327110291       0.98038922516247706     
   1.3455000329017639       0.96402030867675292     
   1.3533000330924987       0.93248599010655275     
   1.3611000332832337       0.92020897711056771     
   1.3689000334739685       0.91446738791243154     
   1.3767000336647033       0.89434092700833467     
   1.3845000338554383       0.88030541415419128     
   1.3923000340461731       0.87262400220955860     
   1.4001000342369079       0.85493701103147379     
   1.4079000344276429       0.84337159135889550     
   1.4157000346183777       0.83543387826643556     
   1.4235000348091125       0.82279243899140442     
   1.4313000349998475       0.81664632867382925     
   1.4391000351905823       0.81037467956022136     
   1.4469000353813171       0.79591117647581122     
   1.4547000355720521       0.79095347911402236     
   1.4625000357627869       0.78717939639250112     
   1.4703000359535217       0.77817550445491213     
   1.4781000361442567       0.77043558261983125     
   1.4859000363349915       0.75819488029508231     
   1.4937000365257262       0.76101558448429929     
   1.5015000367164613       0.75855568456507594     
   1.5093000369071961       0.74579671604923137     
   1.5171000370979308       0.74979919964008890     
   1.5249000372886659       0.74437273901508738     
   1.5327000374794006       0.74094648798546725     
   1.5405000376701354       0.73617776135489776     
   1.5483000378608704       0.73514718050118044     
   1.5561000380516052       0.74300419645459492     
   1.5639000382423400       0.74080035642692299     
   1.5717000384330750       0.73151630925316413     
   1.5795000386238098       0.73502654125291011     
   1.5873000388145446       0.73472964045792244     
   1.5951000390052796       0.74319792715990418     
   1.6029000391960144       0.73986814343295615     
   1.6107000393867492       0.74167235423393818     
   1.6185000395774842       0.74900547630552949     
   1.6263000397682190       0.75396448355761914     
   1.6341000399589538       0.74791169726999318     
   1.6419000401496888       0.76070458406894192     
   1.6497000403404236       0.76939158005493036     
   1.6575000405311584       0.77062606484753393     
   1.6653000407218934       0.76759994222158290     
   1.6731000409126282       0.77783202410911634     
   1.6809000411033630       0.78484135749112760     
   1.6887000412940980       0.79556087902603556     
   1.6965000414848328       0.79390365320876410     
   1.7043000416755676       0.79795878175482915     
   1.7121000418663026       0.81114557851697111     
   1.7199000420570374       0.81941401639923095     
   1.7277000422477722       0.82401786661433574     
   1.7355000424385072       0.82900571668911194     
   1.7433000426292420       0.83933352873821854     
   1.7511000428199768       0.84035618582726146     
   1.7589000430107116       0.85503322652379588     
   1.7667000432014466       0.86287939731806029     
   1.7745000433921814       0.87320971055289476     
   1.7823000435829162       0.88577683086991055     
   1.7901000437736512       0.89513824845012202     
   1.7979000439643860       0.90813814201374943     
   1.8057000441551208       0.91207706467482585     
   1.8135000443458558       0.92748097622121317     
   1.8213000445365906       0.92931759661892410     
   1.8291000447273253       0.93549337040123670     
   1.8369000449180604       0.95359173758989058     
   1.8447000451087952       0.95823041556451050     
   1.8525000452995299       0.97839146730785875     
   1.8603000454902650       0.98659087666265222     
   1.8681000456809997       0.99587957169782948     
   1.8759000458717345        1.0008063940966430     
   1.8837000460624695        1.0105927855521983     
   1.8915000462532043        1.0242114962637330     
   1.8993000464439391        1.0326516365856102     
   1.9071000466346741        1.0459232625249504     
   1.9149000468254089        1.0584362511673782     
   1.9227000470161437        1.0668592783603976     
   1.9305000472068787        1.0735314699780112     
   1.9383000473976135        1.0851526304033106     
   1.9461000475883483        1.0875488444329982     
   1.9539000477790833        1.1022478294725249     
   1.9617000479698181        1.1114585151861462     
   1.9695000481605529        1.1174321379549836     
   1.9773000483512879        1.1156040215521799     
   1.9851000485420227        1.1243236295361552     
   1.9929000487327575        1.1334366107404106     
   2.0007000489234925        1.1357588784808170     
   2.0085000491142271        1.1403369848818281     
   2.0163000493049621        1.1451422080111711     
   2.0241000494956971        1.1442232607675840     
   2.0319000496864317        1.1460950685885511     
   2.0397000498771667        1.1477026197437386     
   2.0475000500679017        1.1439692259289902     
   2.0553000502586363        1.1481862374858738     
   2.0631000504493713        1.1492923663330805     
   2.0709000506401063        1.1460620063994700     
   2.0787000508308409        1.1522250867563286     
   2.0865000510215759        1.1453383791278835     
   2.0943000512123109        1.1437408492931658     
   2.1021000514030455        1.1428638516893550     
   2.1099000515937805        1.1391599361646467     
   2.1177000517845155        1.1401552869893299     
   2.1255000519752500        1.1345783212547509     
   2.1333000521659851        1.1283396738313884     
   2.1411000523567201        1.1287839315973309     
   2.1489000525474546        1.1162018653787786     
   2.1567000527381897        1.1124229430528123     
   2.1645000529289247        1.1066168455001126     
   2.1723000531196592        1.1036047810405483     
   2.1801000533103942        1.0936992249203921     
   2.1879000535011293        1.0944941492271594     
   2.1957000536918638        1.0845818665789730     
   2.2035000538825988        1.0806352908335441     
   2.2113000540733339        1.0759665893639616     
   2.2191000542640684        1.0734536819156679     
   2.2269000544548034        1.0644205102462052     
   2.2347000546455384        1.0582428346071080     
   2.2425000548362730        1.0527851651548403     
   2.2503000550270080        1.0499670374841019     
   2.2581000552177430        1.0443678927163729     
   2.2659000554084776        1.0408698217712642     
   2.2737000555992126        1.0305323484844118     
   2.2815000557899476        1.0286873447616975     
   2.2893000559806822        1.0199338821484190     
   2.2971000561714172        1.0155191990127883     
   2.3049000563621522        1.0131535739882203     
   2.3127000565528868        1.0081022502215431     
   2.3205000567436218       0.99768244049329569     
   2.3283000569343568       0.99683664704240005     
   2.3361000571250914       0.98655492728203242     
   2.3439000573158264       0.98305276263939034     
   2.3517000575065614       0.97513444056303134     
   2.3595000576972960       0.97777992407837433     
   2.3673000578880310       0.97589778100840396     
   2.3751000580787660       0.97192403969710628     
   2.3829000582695006       0.96926419981906975     
   2.3907000584602356       0.96429005256004818     
   2.3985000586509706       0.96204580081436264     
   2.4063000588417052       0.95658297796894121     
   2.4141000590324402       0.95752798770865277     
   2.4219000592231752       0.95008754428227016     
   2.4297000594139098       0.94707138777059319     
   2.4375000596046448       0.94577690435469786     
   2.4453000597953798       0.94466260648370159     
   2.4531000599861144       0.93924331406358263     
   2.4609000601768494       0.94021120703175387     
   2.4687000603675844       0.94062572373485320     
   2.4765000605583189       0.93275704840139384     
   2.4843000607490540       0.93192102162639290     
   2.4921000609397890       0.92900208366742720     
   2.4999000611305235       0.93599905709418896     
   2.5077000613212586       0.92115070726298565     
   2.5155000615119936       0.92346608219642223     
   2.5233000617027281       0.91878548178013664     
   2.5311000618934631       0.91714718597018041     
   2.5389000620841982       0.92661422414815020     
   2.5467000622749327       0.92302491039144186     
   2.5545000624656677       0.92486084671056512     
   2.5623000626564028       0.92206253942400629     
   2.5701000628471373       0.91997627679284122     
   2.5779000630378723       0.92420555746299615     
   2.5857000632286073       0.92694514515092441     
   2.5935000634193419       0.92506032368082480     
   2.6013000636100769       0.92860584991272355     
   2.6091000638008119       0.92848994157383058     
   2.6169000639915465       0.93393034347651105     
   2.6247000641822815       0.93316586226694032     
   2.6325000643730165       0.93588361303042344     
   2.6403000645637511       0.93981465712424905     
   2.6481000647544861       0.93966987061516638     
   2.6559000649452211       0.94628460326738684     
   2.6637000651359557       0.94392990497466989     
   2.6715000653266907       0.94752551248229200     
   2.6793000655174257       0.94550450231075511     
   2.6871000657081603       0.94879734346610267     
   2.6949000658988953       0.95728571584884004     
   2.7027000660896303       0.95541604389713231     
   2.7105000662803649       0.95955599649287981     
   2.7183000664710999       0.96697728407368788     
   2.7261000666618349       0.96387709916239539     
   2.7339000668525695       0.96864436830514300     
   2.7417000670433045       0.97052024242127277     
   2.7495000672340395       0.97406849354476710     
   2.7573000674247741       0.97839384953434771     
   2.7651000676155091       0.98785361401468963     
   2.7729000678062441       0.98523162834985234     
   2.7807000679969787       0.98345301665556906     
   2.7885000681877137       0.98664445683595348     
   2.7963000683784487       0.99510954178673650     
   2.8041000685691833       0.99586966847130065     
   2.8119000687599183        1.0003352381901021     
   2.8197000689506533        1.0039888871510771     
   2.8275000691413879        1.0038892275566182     
   2.8353000693321229        1.0045454475235256     
   2.8431000695228579        1.0061363269554062     
   2.8509000697135924        1.0094421866150491     
   2.8587000699043275        1.0156654025112473     
   2.8665000700950625        1.0154314998004361     
   2.8743000702857970        1.0161654361810346     
   2.8821000704765320        1.0219910350784061     
   2.8899000706672671        1.0231425461634172     
   2.8977000708580016        1.0225357977618614     
   2.9055000710487366        1.0223579430982017     
   2.9133000712394717        1.0274615917228309     
   2.9211000714302062        1.0297859004030112     
   2.9289000716209412        1.0310363189055236     
   2.9367000718116762        1.0310606462969201     
   2.9445000720024108        1.0308387920802722     
   2.9523000721931458        1.0334676369535272     
   2.9601000723838808        1.0362709256769955     
   2.9679000725746154        1.0358547610863549     
   2.9757000727653504        1.0305380372379185     
   2.9835000729560854        1.0394036046571664     
   2.9913000731468200        1.0372880135031557     
   2.9991000733375550        1.0325423096026667     
   3.0069000735282896        1.0319625125702991     
   3.0147000737190246        1.0340161634536795     
   3.0225000739097596        1.0341160961367011     
   3.0303000741004942        1.0363130574427790     
   3.0381000742912292        1.0363171811950980     
   3.0459000744819642        1.0348976780127337     
   3.0537000746726988        1.0346954903391652     
   3.0615000748634338        1.0316389355246636     
   3.0693000750541688        1.0323155335366985     
   3.0771000752449034        1.0311756151960230     
   3.0849000754356384        1.0311326489074701     
   3.0927000756263734        1.0251434612925190     
   3.1005000758171080        1.0333776013245564     
   3.1083000760078430        1.0297921308974010     
   3.1161000761985780        1.0273213730150943     
   3.1239000763893126        1.0308757547116254     
   3.1317000765800476        1.0233581920041663     
   3.1395000767707826        1.0217074442648071     
   3.1473000769615171        1.0227596657034570     
   3.1551000771522522        1.0187872807325251     
   3.1629000773429872        1.0194266285422380     
   3.1707000775337217        1.0185369096632753     
   3.1785000777244568        1.0204917101344970     
   3.1863000779151918        1.0155512492422092     
   3.1941000781059263        1.0141347947576198     
   3.2019000782966613        1.0122831682286950     
   3.2097000784873964        1.0120379114442624     
   3.2175000786781309        1.0130859562619938     
   3.2253000788688659        1.0094507431682764     
   3.2331000790596010        1.0084483815293759     
   3.2409000792503355        1.0092083139388359     
   3.2487000794410705        1.0062454286488700     
   3.2565000796318055        1.0013035206621794     
   3.2643000798225401        1.0028135994505940     
   3.2721000800132751        1.0006766240489886     
   3.2799000802040101       0.99825221492027216     
   3.2877000803947447       0.99867605934360471     
   3.2955000805854797       0.99833570570191565     
   3.3033000807762147       0.99637741092169085     
   3.3111000809669493       0.99435056616800177     
   3.3189000811576843       0.99334317171546294     
   3.3267000813484193       0.99048189719265234     
   3.3345000815391539       0.99193559721715796     
   3.3423000817298889       0.99423911674294940     
   3.3501000819206239       0.98928835531535175     
   3.3579000821113585       0.98967197050954181     
   3.3657000823020935       0.98918015582670527     
   3.3735000824928285       0.98852115885015635     
   3.3813000826835631       0.98475406965410806     
   3.3891000828742981       0.98431527602537394     
   3.3969000830650331       0.98289269887064923     
   3.4047000832557677       0.98393530181470545     
   3.4125000834465027       0.98163160371708658     
   3.4203000836372377       0.97885176031866084     
   3.4281000838279723       0.97863196152739329     
   3.4359000840187073       0.97927162383328903     
   3.4437000842094423       0.97855107113655959     
   3.4515000844001769       0.97907545568468646     
   3.4593000845909119       0.97798141650600745     
   3.4671000847816469       0.97657834528157705     
   3.4749000849723815       0.97732680168208041     
   3.4827000851631165       0.97762072332392302     
   3.4905000853538515       0.97819362206532390     
   3.4983000855445860       0.98293126165856959     
   3.5061000857353211       0.97752327962420582     
   3.5139000859260561       0.98123740335999354     
   3.5217000861167906       0.97339871116428389     
   3.5295000863075257       0.97431470175616386     
   3.5373000864982607       0.97391801642150677     
   3.5451000866889952       0.97577318996379536     
   3.5529000868797302       0.97537270786581509     
   3.5607000870704653       0.97735619594870859     
   3.5685000872611998       0.97967268262167684     
   3.5763000874519348       0.97836064466557071     
   3.5841000876426699       0.97983044125758489     
   3.5919000878334044       0.97959237101293217     
   3.5997000880241394       0.97881327147358654     
   3.6075000882148744       0.98087663806470349     
   3.6153000884056090       0.98103144082885663     
   3.6231000885963440       0.98244835579782108     
   3.6309000887870790       0.98378941184977298     
   3.6387000889778136       0.98242224026977787     
   3.6465000891685486       0.98398147551626125     
   3.6543000893592836       0.98498676324924006     
   3.6621000895500182       0.98519234092046792     
   3.6699000897407532       0.98642155770679207     
   3.6777000899314882       0.98454255935972701     
   3.6855000901222228       0.98682733714531101     
   3.6933000903129578       0.98385877433780800     
   3.7011000905036928       0.98593474233095169     
   3.7089000906944274       0.99084942543690291     
   3.7167000908851624       0.99053667687011770     
   3.7245000910758974       0.99476427460858730     
   3.7323000912666320       0.99473783493593915     
   3.7401000914573670       0.99468081667307551     
   3.7479000916481020       0.99297915001232551     
   3.7557000918388366       0.99692893885557332     
   3.7635000920295716       0.99661308622380096     
   3.7713000922203066       0.99649187474275136     
   3.7791000924110412       0.99872823602959138     
   3.7869000926017762       0.99925874793545977     
   3.7947000927925112       0.99861775350930659     
   3.8025000929832458        1.0011020905414001     
   3.8103000931739808        1.0014973338810147     
   3.8181000933647158        1.0019702144169207     
   3.8259000935554504        1.0027293010106424     
   3.8337000937461854        1.0031227311319402     
   3.8415000939369204        1.0058677412202124     
   3.8493000941276549        1.0056640407165514     
   3.8571000943183900        1.0037792290796781     
   3.8649000945091250        1.0048741176338438     
   3.8727000946998595        1.0072468235018417     
   3.8805000948905946        1.0091020735949117     
   3.8883000950813296        1.0067958480086456     
   3.8961000952720641        1.0088231306953117     
   3.9039000954627991       0.50318240561635708     
