 RADIUS,  GDR(R)
   1.1700000286102295E-002   0.0000000000000000     
   1.9500000476837157E-002   0.0000000000000000     
   2.7300000667572023E-002   0.0000000000000000     
   3.5100000858306883E-002   0.0000000000000000     
   4.2900001049041750E-002   0.0000000000000000     
   5.0700001239776610E-002   0.0000000000000000     
   5.8500001430511477E-002   0.0000000000000000     
   6.6300001621246343E-002   0.0000000000000000     
   7.4100001811981203E-002   0.0000000000000000     
   8.1900002002716063E-002   0.0000000000000000     
   8.9700002193450923E-002   0.0000000000000000     
   9.7500002384185797E-002   0.0000000000000000     
  0.10530000257492066        0.0000000000000000     
  0.11310000276565552        0.0000000000000000     
  0.12090000295639038        0.0000000000000000     
  0.12870000314712524        0.0000000000000000     
  0.13650000333786011        0.0000000000000000     
  0.14430000352859498        0.0000000000000000     
  0.15210000371932983        0.0000000000000000     
  0.15990000391006470        0.0000000000000000     
  0.16770000410079955        0.0000000000000000     
  0.17550000429153442        0.0000000000000000     
  0.18330000448226930        0.0000000000000000     
  0.19110000467300414        0.0000000000000000     
  0.19890000486373902        0.0000000000000000     
  0.20670000505447389        0.0000000000000000     
  0.21450000524520874        0.0000000000000000     
  0.22230000543594361        0.0000000000000000     
  0.23010000562667846        0.0000000000000000     
  0.23790000581741333        0.0000000000000000     
  0.24570000600814820        0.0000000000000000     
  0.25350000619888308        0.0000000000000000     
  0.26130000638961792        0.0000000000000000     
  0.26910000658035277        0.0000000000000000     
  0.27690000677108767        0.0000000000000000     
  0.28470000696182252        0.0000000000000000     
  0.29250000715255736        0.0000000000000000     
  0.30030000734329226        0.0000000000000000     
  0.30810000753402711        0.0000000000000000     
  0.31590000772476196        0.0000000000000000     
  0.32370000791549680        0.0000000000000000     
  0.33150000810623170        0.0000000000000000     
  0.33930000829696655        0.0000000000000000     
  0.34710000848770139        0.0000000000000000     
  0.35490000867843630        0.0000000000000000     
  0.36270000886917114        0.0000000000000000     
  0.37050000905990599        0.0000000000000000     
  0.37830000925064089        0.0000000000000000     
  0.38610000944137574        0.0000000000000000     
  0.39390000963211058        0.0000000000000000     
  0.40170000982284548        0.0000000000000000     
  0.40950001001358033        0.0000000000000000     
  0.41730001020431517        0.0000000000000000     
  0.42510001039505008        0.0000000000000000     
  0.43290001058578492        0.0000000000000000     
  0.44070001077651977        0.0000000000000000     
  0.44850001096725461        0.0000000000000000     
  0.45630001115798952        0.0000000000000000     
  0.46410001134872436        0.0000000000000000     
  0.47190001153945921        0.0000000000000000     
  0.47970001173019411        0.0000000000000000     
  0.48750001192092896        0.0000000000000000     
  0.49530001211166380        0.0000000000000000     
  0.50310001230239865        0.0000000000000000     
  0.51090001249313355        0.0000000000000000     
  0.51870001268386845        0.0000000000000000     
  0.52650001287460324        0.0000000000000000     
  0.53430001306533814        0.0000000000000000     
  0.54210001325607304        0.0000000000000000     
  0.54990001344680783        0.0000000000000000     
  0.55770001363754274        0.0000000000000000     
  0.56550001382827764        0.0000000000000000     
  0.57330001401901243        0.0000000000000000     
  0.58110001420974733        0.0000000000000000     
  0.58890001440048223        0.0000000000000000     
  0.59670001459121702        0.0000000000000000     
  0.60450001478195192        0.0000000000000000     
  0.61230001497268682        0.0000000000000000     
  0.62010001516342161        0.0000000000000000     
  0.62790001535415652        0.0000000000000000     
  0.63570001554489131        0.0000000000000000     
  0.64350001573562621        0.0000000000000000     
  0.65130001592636111        0.0000000000000000     
  0.65910001611709590        0.0000000000000000     
  0.66690001630783080        0.0000000000000000     
  0.67470001649856570        0.0000000000000000     
  0.68250001668930049        0.0000000000000000     
  0.69030001688003539        0.0000000000000000     
  0.69810001707077030        0.0000000000000000     
  0.70590001726150509        0.0000000000000000     
  0.71370001745223999        0.0000000000000000     
  0.72150001764297489        0.0000000000000000     
  0.72930001783370968        0.0000000000000000     
  0.73710001802444458        0.0000000000000000     
  0.74490001821517948        0.0000000000000000     
  0.75270001840591427        0.0000000000000000     
  0.76050001859664917        0.0000000000000000     
  0.76830001878738408        0.0000000000000000     
  0.77610001897811887        0.0000000000000000     
  0.78390001916885377        0.0000000000000000     
  0.79170001935958867        0.0000000000000000     
  0.79950001955032346        0.0000000000000000     
  0.80730001974105836        0.0000000000000000     
  0.81510001993179326        0.0000000000000000     
  0.82290002012252805        0.0000000000000000     
  0.83070002031326295        0.0000000000000000     
  0.83850002050399786        0.0000000000000000     
  0.84630002069473265        2.5472399048829722E-004
  0.85410002088546755        1.2543467031533204E-003
  0.86190002107620245        3.1127163883520903E-003
  0.86970002126693724        7.1880363198707489E-003
  0.87750002145767214        1.8291509647778949E-002
  0.88530002164840693        3.7016667150744739E-002
  0.89310002183914183        7.1559856579559836E-002
  0.90090002202987673       0.12326824996317386     
  0.90870002222061153       0.19504823365123375     
  0.91650002241134643       0.28762630938773026     
  0.92430002260208133       0.41977602357849259     
  0.93210002279281612       0.55843866973801237     
  0.93990002298355102       0.72707437390339658     
  0.94770002317428592       0.92444784213069475     
  0.95550002336502071        1.1031264106214540     
  0.96330002355575561        1.2994873595024978     
  0.97110002374649051        1.4986109423744687     
  0.97890002393722531        1.6720552051994237     
  0.98670002412796021        1.8503834786115643     
  0.99450002431869511        1.9943832209358880     
   1.0023000245094300        2.1260207740210837     
   1.0101000247001648        2.2493873779645814     
   1.0179000248908996        2.3164047832714161     
   1.0257000250816346        2.3703158163098239     
   1.0335000252723694        2.3899422697597834     
   1.0413000254631042        2.4503233923914718     
   1.0491000256538392        2.4336925447450835     
   1.0569000258445740        2.4159531605289657     
   1.0647000260353088        2.4163161902304058     
   1.0725000262260438        2.3756891712300963     
   1.0803000264167786        2.3305958682841497     
   1.0881000266075134        2.2707549586372537     
   1.0959000267982484        2.2442919418645699     
   1.1037000269889832        2.1778330952105200     
   1.1115000271797180        2.1091973355578020     
   1.1193000273704530        2.0471543842179054     
   1.1271000275611878        1.9675757955183466     
   1.1349000277519226        1.9055563856552826     
   1.1427000279426576        1.8574379254259306     
   1.1505000281333924        1.8045992289113271     
   1.1583000283241272        1.7349012264500363     
   1.1661000285148622        1.6776197003309878     
   1.1739000287055970        1.6135675809544741     
   1.1817000288963317        1.5779843448830884     
   1.1895000290870668        1.5218164897273418     
   1.1973000292778015        1.4595953169110636     
   1.2051000294685363        1.4070677816380999     
   1.2129000296592714        1.3581276847568990     
   1.2207000298500061        1.3324333208137229     
   1.2285000300407409        1.2760383384543741     
   1.2363000302314759        1.2455549828688086     
   1.2441000304222107        1.2038753518301097     
   1.2519000306129455        1.1754386316475482     
   1.2597000308036803        1.1367193951954218     
   1.2675000309944153        1.0973681096364971     
   1.2753000311851501        1.0804719377874548     
   1.2831000313758849        1.0446010237545422     
   1.2909000315666199        1.0106461727343823     
   1.2987000317573547       0.98766682490648783     
   1.3065000319480895       0.96353964849500973     
   1.3143000321388245       0.94208421752707927     
   1.3221000323295593       0.92490531375686680     
   1.3299000325202941       0.90928670560148073     
   1.3377000327110291       0.88253032997259762     
   1.3455000329017639       0.86247608884711613     
   1.3533000330924987       0.85954322667256500     
   1.3611000332832337       0.83237476015628376     
   1.3689000334739685       0.81420477705360572     
   1.3767000336647033       0.80586667471515450     
   1.3845000338554383       0.79329033506388635     
   1.3923000340461731       0.78284562400284130     
   1.4001000342369079       0.76786214924780094     
   1.4079000344276429       0.76374743218805119     
   1.4157000346183777       0.74746547331844193     
   1.4235000348091125       0.73751547531023109     
   1.4313000349998475       0.72756431154536050     
   1.4391000351905823       0.72619570355759078     
   1.4469000353813171       0.72098088862484955     
   1.4547000355720521       0.70826336001528023     
   1.4625000357627869       0.70795304799421455     
   1.4703000359535217       0.70053138305928198     
   1.4781000361442567       0.69120859269054291     
   1.4859000363349915       0.68980502779005270     
   1.4937000365257262       0.68950717661398986     
   1.5015000367164613       0.69024976510294589     
   1.5093000369071961       0.68064474088057769     
   1.5171000370979308       0.68781473757027978     
   1.5249000372886659       0.69021600940036376     
   1.5327000374794006       0.68604813021434385     
   1.5405000376701354       0.68473384967688322     
   1.5483000378608704       0.69208108287303804     
   1.5561000380516052       0.69023226219945588     
   1.5639000382423400       0.69249249103963051     
   1.5717000384330750       0.68770506661377417     
   1.5795000386238098       0.69681011159968276     
   1.5873000388145446       0.70179026752682894     
   1.5951000390052796       0.70783774944620736     
   1.6029000391960144       0.71317085032161021     
   1.6107000393867492       0.71706119718115158     
   1.6185000395774842       0.72855366185565540     
   1.6263000397682190       0.72620403911187947     
   1.6341000399589538       0.73122020460868220     
   1.6419000401496888       0.74473814161039698     
   1.6497000403404236       0.74544859683753595     
   1.6575000405311584       0.75221340998771025     
   1.6653000407218934       0.75785176845743285     
   1.6731000409126282       0.77407551747713799     
   1.6809000411033630       0.78424912698755689     
   1.6887000412940980       0.78893192657677458     
   1.6965000414848328       0.80148286851903761     
   1.7043000416755676       0.80947280483694473     
   1.7121000418663026       0.82478573886642981     
   1.7199000420570374       0.83432075579289855     
   1.7277000422477722       0.84809039054439250     
   1.7355000424385072       0.85545965903077448     
   1.7433000426292420       0.86399949241494056     
   1.7511000428199768       0.88431295155857614     
   1.7589000430107116       0.88612026167168778     
   1.7667000432014466       0.89668334989504694     
   1.7745000433921814       0.91180262609040685     
   1.7823000435829162       0.92461988953981433     
   1.7901000437736512       0.94245932145169864     
   1.7979000439643860       0.94926195933573165     
   1.8057000441551208       0.96732098559213120     
   1.8135000443458558       0.97589922080642288     
   1.8213000445365906       0.98375145965869948     
   1.8291000447273253        1.0044099238970996     
   1.8369000449180604        1.0132371354097047     
   1.8447000451087952        1.0276847074424900     
   1.8525000452995299        1.0431297781464641     
   1.8603000454902650        1.0551850415966522     
   1.8681000456809997        1.0692861583392912     
   1.8759000458717345        1.0710478003232262     
   1.8837000460624695        1.0844563988934683     
   1.8915000462532043        1.0977447056774041     
   1.8993000464439391        1.1143054255260871     
   1.9071000466346741        1.1183469873191569     
   1.9149000468254089        1.1305894075480090     
   1.9227000470161437        1.1359481453852645     
   1.9305000472068787        1.1499109053377197     
   1.9383000473976135        1.1536654214332376     
   1.9461000475883483        1.1689162526953933     
   1.9539000477790833        1.1662869269002039     
   1.9617000479698181        1.1707738345719569     
   1.9695000481605529        1.1852516628431513     
   1.9773000483512879        1.1911871620432848     
   1.9851000485420227        1.1950515913485820     
   1.9929000487327575        1.1989847038092629     
   2.0007000489234925        1.1989692141173598     
   2.0085000491142271        1.1957200844255982     
   2.0163000493049621        1.1992114828824267     
   2.0241000494956971        1.2002843288675409     
   2.0319000496864317        1.2037621630384026     
   2.0397000498771667        1.1963230217498337     
   2.0475000500679017        1.1932583025071080     
   2.0553000502586363        1.1820453200888028     
   2.0631000504493713        1.1836210151672311     
   2.0709000506401063        1.1826180044114334     
   2.0787000508308409        1.1853970158077076     
   2.0865000510215759        1.1741253529729516     
   2.0943000512123109        1.1694034906927382     
   2.1021000514030455        1.1613752170962592     
   2.1099000515937805        1.1535231397568801     
   2.1177000517845155        1.1435796386843702     
   2.1255000519752500        1.1408528798477378     
   2.1333000521659851        1.1368490942580038     
   2.1411000523567201        1.1223119970475381     
   2.1489000525474546        1.1192024731624117     
   2.1567000527381897        1.1068178038864636     
   2.1645000529289247        1.1054211323982501     
   2.1723000531196592        1.0881943087589336     
   2.1801000533103942        1.0813804708586683     
   2.1879000535011293        1.0711678686713857     
   2.1957000536918638        1.0656667307685719     
   2.2035000538825988        1.0535062388343799     
   2.2113000540733339        1.0492634323872339     
   2.2191000542640684        1.0448046024502040     
   2.2269000544548034        1.0291625957293102     
   2.2347000546455384        1.0238347634374216     
   2.2425000548362730        1.0137823247540130     
   2.2503000550270080        1.0077919863080109     
   2.2581000552177430       0.99917864529157763     
   2.2659000554084776       0.99009877425529447     
   2.2737000555992126       0.99091800082125481     
   2.2815000557899476       0.97959750260315182     
   2.2893000559806822       0.96716921464285577     
   2.2971000561714172       0.97120725270198516     
   2.3049000563621522       0.96143187718163969     
   2.3127000565528868       0.95615946899198268     
   2.3205000567436218       0.94918358361964583     
   2.3283000569343568       0.94433896887196855     
   2.3361000571250914       0.94130968770598278     
   2.3439000573158264       0.93212543149299565     
   2.3517000575065614       0.92892220954894344     
   2.3595000576972960       0.92406709873048298     
   2.3673000578880310       0.92842470347270412     
   2.3751000580787660       0.92043022573992006     
   2.3829000582695006       0.91073534239217369     
   2.3907000584602356       0.91248722796487902     
   2.3985000586509706       0.91198475306591431     
   2.4063000588417052       0.90794121641818393     
   2.4141000590324402       0.90885405684630494     
   2.4219000592231752       0.90589734655407828     
   2.4297000594139098       0.90151797558305946     
   2.4375000596046448       0.89919321744143288     
   2.4453000597953798       0.90029468235427468     
   2.4531000599861144       0.90564218498211413     
   2.4609000601768494       0.90060677001206357     
   2.4687000603675844       0.90294790609388798     
   2.4765000605583189       0.89904235717182679     
   2.4843000607490540       0.90202506322077813     
   2.4921000609397890       0.90024272991431853     
   2.4999000611305235       0.90150590762624561     
   2.5077000613212586       0.89742750256908976     
   2.5155000615119936       0.90150192038936394     
   2.5233000617027281       0.90089170597171053     
   2.5311000618934631       0.89963485877991289     
   2.5389000620841982       0.90700116379062046     
   2.5467000622749327       0.90366170930380429     
   2.5545000624656677       0.90871645404137402     
   2.5623000626564028       0.91166018063008680     
   2.5701000628471373       0.90730041081628943     
   2.5779000630378723       0.91063662919738964     
   2.5857000632286073       0.91644325647787173     
   2.5935000634193419       0.91899077827427478     
   2.6013000636100769       0.92570608889830519     
   2.6091000638008119       0.92957438429715622     
   2.6169000639915465       0.93256780697535036     
   2.6247000641822815       0.93690141816748895     
   2.6325000643730165       0.94000341494483752     
   2.6403000645637511       0.94822167646032485     
   2.6481000647544861       0.94923801299849742     
   2.6559000649452211       0.95573808437860353     
   2.6637000651359557       0.95600065170046267     
   2.6715000653266907       0.96340854818800559     
   2.6793000655174257       0.96118714856507836     
   2.6871000657081603       0.97166719109585231     
   2.6949000658988953       0.97460460910548896     
   2.7027000660896303       0.98381107948793334     
   2.7105000662803649       0.98280410804757989     
   2.7183000664710999       0.98901799473049257     
   2.7261000666618349       0.99040557793219364     
   2.7339000668525695       0.99598324833418772     
   2.7417000670433045       0.99940039195293529     
   2.7495000672340395        1.0023527283949105     
   2.7573000674247741        1.0101370489405825     
   2.7651000676155091        1.0124829792749401     
   2.7729000678062441        1.0159670261347911     
   2.7807000679969787        1.0213892642382771     
   2.7885000681877137        1.0265985051369160     
   2.7963000683784487        1.0241241015542326     
   2.8041000685691833        1.0282548049653637     
   2.8119000687599183        1.0284007885761828     
   2.8197000689506533        1.0379653766166577     
   2.8275000691413879        1.0398051846078160     
   2.8353000693321229        1.0463514723649718     
   2.8431000695228579        1.0434751151569204     
   2.8509000697135924        1.0431313300829810     
   2.8587000699043275        1.0442074914555988     
   2.8665000700950625        1.0459204689204249     
   2.8743000702857970        1.0475264570700420     
   2.8821000704765320        1.0573150755606875     
   2.8899000706672671        1.0500799258964162     
   2.8977000708580016        1.0576217022425374     
   2.9055000710487366        1.0543071600360472     
   2.9133000712394717        1.0544512102696424     
   2.9211000714302062        1.0526489084949302     
   2.9289000716209412        1.0600122607198010     
   2.9367000718116762        1.0578197166180505     
   2.9445000720024108        1.0599520327167060     
   2.9523000721931458        1.0559065038131132     
   2.9601000723838808        1.0570132326237560     
   2.9679000725746154        1.0591085206366904     
   2.9757000727653504        1.0556241543654163     
   2.9835000729560854        1.0548961549256926     
   2.9913000731468200        1.0535687874914692     
   2.9991000733375550        1.0509810028051836     
   3.0069000735282896        1.0527168891638057     
   3.0147000737190246        1.0484273668484230     
   3.0225000739097596        1.0490171511361739     
   3.0303000741004942        1.0485683499167688     
   3.0381000742912292        1.0443296178232755     
   3.0459000744819642        1.0431560971375160     
   3.0537000746726988        1.0399155503454458     
   3.0615000748634338        1.0397335499901177     
   3.0693000750541688        1.0375642445018689     
   3.0771000752449034        1.0310244833975331     
   3.0849000754356384        1.0299652082435302     
   3.0927000756263734        1.0256549768170455     
   3.1005000758171080        1.0273380571291191     
   3.1083000760078430        1.0188988543915400     
   3.1161000761985780        1.0190955843521632     
   3.1239000763893126        1.0158032674693405     
   3.1317000765800476        1.0136129772201807     
   3.1395000767707826        1.0128822423560859     
   3.1473000769615171        1.0081803657058142     
   3.1551000771522522        1.0097998876536229     
   3.1629000773429872        1.0059160399561926     
   3.1707000775337217        1.0067010407171708     
   3.1785000777244568        1.0022281028436419     
   3.1863000779151918       0.99591745411828025     
   3.1941000781059263       0.99351135526497880     
   3.2019000782966613       0.99538278130253632     
   3.2097000784873964       0.98870925946124555     
   3.2175000786781309       0.98990320691891054     
   3.2253000788688659       0.98696616849492247     
   3.2331000790596010       0.98577068520269928     
   3.2409000792503355       0.98241242592224842     
   3.2487000794410705       0.98162900775939266     
   3.2565000796318055       0.97653005745840393     
   3.2643000798225401       0.97613924716962996     
   3.2721000800132751       0.97926744303098379     
   3.2799000802040101       0.97406487950528386     
   3.2877000803947447       0.97698472058060493     
   3.2955000805854797       0.97439609871824207     
   3.3033000807762147       0.97293579264528829     
   3.3111000809669493       0.97021604538445916     
   3.3189000811576843       0.96979222808994758     
   3.3267000813484193       0.96866724413567651     
   3.3345000815391539       0.96536872250097905     
   3.3423000817298889       0.96964155357836312     
   3.3501000819206239       0.96723441138358779     
   3.3579000821113585       0.96767722192876771     
   3.3657000823020935       0.96794963558091263     
   3.3735000824928285       0.96689413271612501     
   3.3813000826835631       0.96050327215914089     
   3.3891000828742981       0.96628150585052042     
   3.3969000830650331       0.96166533131155363     
   3.4047000832557677       0.96537939639361658     
   3.4125000834465027       0.96705723446676051     
   3.4203000836372377       0.96663566058693995     
   3.4281000838279723       0.96615519280526496     
   3.4359000840187073       0.96685671321406186     
   3.4437000842094423       0.96237411636483949     
   3.4515000844001769       0.96611949228815031     
   3.4593000845909119       0.96775558672388440     
   3.4671000847816469       0.97027539627129378     
   3.4749000849723815       0.96870832695886300     
   3.4827000851631165       0.96964831996209766     
   3.4905000853538515       0.97102697189160425     
   3.4983000855445860       0.97414059108989737     
   3.5061000857353211       0.97329081591394284     
   3.5139000859260561       0.97317174970989140     
   3.5217000861167906       0.97736368392518225     
   3.5295000863075257       0.97737180921864475     
   3.5373000864982607       0.97730851987112022     
   3.5451000866889952       0.97980219142862690     
   3.5529000868797302       0.97700357093569945     
   3.5607000870704653       0.97850228447554111     
   3.5685000872611998       0.98115869401577582     
   3.5763000874519348       0.98389102889255031     
   3.5841000876426699       0.98641361898838942     
   3.5919000878334044       0.98745443233577601     
   3.5997000880241394       0.98700526083336870     
   3.6075000882148744       0.99059393046832345     
   3.6153000884056090       0.98917566575611759     
   3.6231000885963440       0.99051097817741263     
   3.6309000887870790       0.99527854721617282     
   3.6387000889778136       0.99545829008596043     
   3.6465000891685486       0.99494235019581556     
   3.6543000893592836       0.99797977656733772     
   3.6621000895500182       0.99881883119432935     
   3.6699000897407532       0.99779070373264034     
   3.6777000899314882        1.0005276400111460     
   3.6855000901222228        1.0025097383906791     
   3.6933000903129578        1.0005759014682984     
   3.7011000905036928        1.0024142024439908     
   3.7089000906944274        1.0068228758514250     
   3.7167000908851624        1.0073427063227958     
   3.7245000910758974        1.0087613244393858     
   3.7323000912666320        1.0077484444164093     
   3.7401000914573670        1.0107436103816876     
   3.7479000916481020        1.0104113318325143     
   3.7557000918388366        1.0109169070605040     
   3.7635000920295716        1.0108190563963289     
   3.7713000922203066        1.0126937533994058     
   3.7791000924110412        1.0125195534494207     
   3.7869000926017762        1.0157288537335745     
   3.7947000927925112        1.0174800393916694     
   3.8025000929832458        1.0168213200650371     
   3.8103000931739808        1.0189402202705424     
   3.8181000933647158        1.0150727542670548     
   3.8259000935554504        1.0173079925690853     
   3.8337000937461854        1.0173354502860785     
   3.8415000939369204        1.0201247543006298     
   3.8493000941276549        1.0181224983529413     
   3.8571000943183900        1.0180793085385562     
   3.8649000945091250        1.0178708262659693     
   3.8727000946998595        1.0182352877348233     
   3.8805000948905946        1.0156259874915463     
   3.8883000950813296        1.0178828848697641     
   3.8961000952720641        1.0157806224932333     
   3.9039000954627991       0.50526837546803316     
