 RADIUS,  GDR(R)
   1.1700000286102295E-002   0.0000000000000000     
   1.9500000476837157E-002   0.0000000000000000     
   2.7300000667572023E-002   0.0000000000000000     
   3.5100000858306883E-002   0.0000000000000000     
   4.2900001049041750E-002   0.0000000000000000     
   5.0700001239776610E-002   0.0000000000000000     
   5.8500001430511477E-002   0.0000000000000000     
   6.6300001621246343E-002   0.0000000000000000     
   7.4100001811981203E-002   0.0000000000000000     
   8.1900002002716063E-002   0.0000000000000000     
   8.9700002193450923E-002   0.0000000000000000     
   9.7500002384185797E-002   0.0000000000000000     
  0.10530000257492066        0.0000000000000000     
  0.11310000276565552        0.0000000000000000     
  0.12090000295639038        0.0000000000000000     
  0.12870000314712524        0.0000000000000000     
  0.13650000333786011        0.0000000000000000     
  0.14430000352859498        0.0000000000000000     
  0.15210000371932983        0.0000000000000000     
  0.15990000391006470        0.0000000000000000     
  0.16770000410079955        0.0000000000000000     
  0.17550000429153442        0.0000000000000000     
  0.18330000448226930        0.0000000000000000     
  0.19110000467300414        0.0000000000000000     
  0.19890000486373902        0.0000000000000000     
  0.20670000505447389        0.0000000000000000     
  0.21450000524520874        0.0000000000000000     
  0.22230000543594361        0.0000000000000000     
  0.23010000562667846        0.0000000000000000     
  0.23790000581741333        0.0000000000000000     
  0.24570000600814820        0.0000000000000000     
  0.25350000619888308        0.0000000000000000     
  0.26130000638961792        0.0000000000000000     
  0.26910000658035277        0.0000000000000000     
  0.27690000677108767        0.0000000000000000     
  0.28470000696182252        0.0000000000000000     
  0.29250000715255736        0.0000000000000000     
  0.30030000734329226        0.0000000000000000     
  0.30810000753402711        0.0000000000000000     
  0.31590000772476196        0.0000000000000000     
  0.32370000791549680        0.0000000000000000     
  0.33150000810623170        0.0000000000000000     
  0.33930000829696655        0.0000000000000000     
  0.34710000848770139        0.0000000000000000     
  0.35490000867843630        0.0000000000000000     
  0.36270000886917114        0.0000000000000000     
  0.37050000905990599        0.0000000000000000     
  0.37830000925064089        0.0000000000000000     
  0.38610000944137574        0.0000000000000000     
  0.39390000963211058        0.0000000000000000     
  0.40170000982284548        0.0000000000000000     
  0.40950001001358033        0.0000000000000000     
  0.41730001020431517        0.0000000000000000     
  0.42510001039505008        0.0000000000000000     
  0.43290001058578492        0.0000000000000000     
  0.44070001077651977        0.0000000000000000     
  0.44850001096725461        0.0000000000000000     
  0.45630001115798952        0.0000000000000000     
  0.46410001134872436        0.0000000000000000     
  0.47190001153945921        0.0000000000000000     
  0.47970001173019411        0.0000000000000000     
  0.48750001192092896        0.0000000000000000     
  0.49530001211166380        0.0000000000000000     
  0.50310001230239865        0.0000000000000000     
  0.51090001249313355        0.0000000000000000     
  0.51870001268386845        0.0000000000000000     
  0.52650001287460324        0.0000000000000000     
  0.53430001306533814        0.0000000000000000     
  0.54210001325607304        0.0000000000000000     
  0.54990001344680783        0.0000000000000000     
  0.55770001363754274        0.0000000000000000     
  0.56550001382827764        0.0000000000000000     
  0.57330001401901243        0.0000000000000000     
  0.58110001420974733        0.0000000000000000     
  0.58890001440048223        0.0000000000000000     
  0.59670001459121702        0.0000000000000000     
  0.60450001478195192        0.0000000000000000     
  0.61230001497268682        0.0000000000000000     
  0.62010001516342161        0.0000000000000000     
  0.62790001535415652        0.0000000000000000     
  0.63570001554489131        0.0000000000000000     
  0.64350001573562621        0.0000000000000000     
  0.65130001592636111        0.0000000000000000     
  0.65910001611709590        0.0000000000000000     
  0.66690001630783080        0.0000000000000000     
  0.67470001649856570        0.0000000000000000     
  0.68250001668930049        0.0000000000000000     
  0.69030001688003539        0.0000000000000000     
  0.69810001707077030        0.0000000000000000     
  0.70590001726150509        0.0000000000000000     
  0.71370001745223999        0.0000000000000000     
  0.72150001764297489        0.0000000000000000     
  0.72930001783370968        0.0000000000000000     
  0.73710001802444458        0.0000000000000000     
  0.74490001821517948        0.0000000000000000     
  0.75270001840591427        0.0000000000000000     
  0.76050001859664917        0.0000000000000000     
  0.76830001878738408        0.0000000000000000     
  0.77610001897811887        0.0000000000000000     
  0.78390001916885377        0.0000000000000000     
  0.79170001935958867        0.0000000000000000     
  0.79950001955032346        0.0000000000000000     
  0.80730001974105836        0.0000000000000000     
  0.81510001993179326        0.0000000000000000     
  0.82290002012252805        0.0000000000000000     
  0.83070002031326295        0.0000000000000000     
  0.83850002050399786        3.7482658653229001E-005
  0.84630002069473265        1.4863153943742293E-004
  0.85410002088546755        4.7789359374741339E-004
  0.86190002107620245        1.6887289019498371E-003
  0.86970002126693724        4.8910688132793919E-003
  0.87750002145767214        1.2819958167606912E-002
  0.88530002164840693        2.3196921261622278E-002
  0.89310002183914183        4.4507786437693223E-002
  0.90090002202987673        7.9777353486422564E-002
  0.90870002222061153       0.13190893363079173     
  0.91650002241134643       0.19627069367818592     
  0.92430002260208133       0.28819415498959011     
  0.93210002279281612       0.38902452914900087     
  0.93990002298355102       0.51997066838159678     
  0.94770002317428592       0.67055467407296532     
  0.95550002336502071       0.82968935431438262     
  0.96330002355575561       0.99642640578015751     
  0.97110002374649051        1.1507074520457794     
  0.97890002393722531        1.3056557378352893     
  0.98670002412796021        1.4626972365864968     
  0.99450002431869511        1.5882477384333133     
   1.0023000245094300        1.7251307502900430     
   1.0101000247001648        1.8365853492387920     
   1.0179000248908996        1.9388409075905542     
   1.0257000250816346        1.9986315474511989     
   1.0335000252723694        2.0732026043295861     
   1.0413000254631042        2.1079345416784054     
   1.0491000256538392        2.1231468450810653     
   1.0569000258445740        2.1364087077962766     
   1.0647000260353088        2.1315470979104507     
   1.0725000262260438        2.1439396216949316     
   1.0803000264167786        2.1321520859825558     
   1.0881000266075134        2.1268515932474887     
   1.0959000267982484        2.0802189538334512     
   1.1037000269889832        2.0511905500234606     
   1.1115000271797180        2.0081745141133580     
   1.1193000273704530        1.9821740146697830     
   1.1271000275611878        1.9348273598510688     
   1.1349000277519226        1.8942699244077126     
   1.1427000279426576        1.8539329195485137     
   1.1505000281333924        1.8062616382927064     
   1.1583000283241272        1.7667589811538387     
   1.1661000285148622        1.7254179352827443     
   1.1739000287055970        1.6783758798577473     
   1.1817000288963317        1.6343340459301769     
   1.1895000290870668        1.5978663232205599     
   1.1973000292778015        1.5483184427527488     
   1.2051000294685363        1.4927370057836091     
   1.2129000296592714        1.4668363500280288     
   1.2207000298500061        1.4310952772102761     
   1.2285000300407409        1.3973690731823694     
   1.2363000302314759        1.3617201632699516     
   1.2441000304222107        1.3223612978605019     
   1.2519000306129455        1.2882933811120687     
   1.2597000308036803        1.2590118001677566     
   1.2675000309944153        1.2407156560305215     
   1.2753000311851501        1.2150827652615583     
   1.2831000313758849        1.1785604318975202     
   1.2909000315666199        1.1449224794908592     
   1.2987000317573547        1.1156243287288077     
   1.3065000319480895        1.1053316055120068     
   1.3143000321388245        1.0799994467179452     
   1.3221000323295593        1.0656175043849485     
   1.3299000325202941        1.0267452958585779     
   1.3377000327110291        1.0211279634352526     
   1.3455000329017639       0.99959510992226064     
   1.3533000330924987       0.97442645090099167     
   1.3611000332832337       0.95605974719433096     
   1.3689000334739685       0.95123160321455869     
   1.3767000336647033       0.93108686188061407     
   1.3845000338554383       0.91205023283413988     
   1.3923000340461731       0.89984329866137513     
   1.4001000342369079       0.88981663290939106     
   1.4079000344276429       0.87900957629534571     
   1.4157000346183777       0.86490355127596885     
   1.4235000348091125       0.86102108048345094     
   1.4313000349998475       0.84493817915897063     
   1.4391000351905823       0.84031458668074088     
   1.4469000353813171       0.82912570180185019     
   1.4547000355720521       0.82572876900844772     
   1.4625000357627869       0.82105433733495115     
   1.4703000359535217       0.80434224345651406     
   1.4781000361442567       0.79803200475742320     
   1.4859000363349915       0.79282365469828009     
   1.4937000365257262       0.78968508199990206     
   1.5015000367164613       0.78775191689938828     
   1.5093000369071961       0.79000944853242105     
   1.5171000370979308       0.77744354178079578     
   1.5249000372886659       0.77699652870980829     
   1.5327000374794006       0.76936465573382773     
   1.5405000376701354       0.76520802157049561     
   1.5483000378608704       0.76254351755742589     
   1.5561000380516052       0.76335710078941732     
   1.5639000382423400       0.76512155612983013     
   1.5717000384330750       0.76702166053586318     
   1.5795000386238098       0.76121543359677857     
   1.5873000388145446       0.75796946691906486     
   1.5951000390052796       0.76154568919956489     
   1.6029000391960144       0.76480196742353379     
   1.6107000393867492       0.76489505717376327     
   1.6185000395774842       0.76642747285342760     
   1.6263000397682190       0.76455919031240016     
   1.6341000399589538       0.76710218785429196     
   1.6419000401496888       0.77542610113495791     
   1.6497000403404236       0.77670196495777233     
   1.6575000405311584       0.77254247001880627     
   1.6653000407218934       0.78014936044229466     
   1.6731000409126282       0.77895250130804916     
   1.6809000411033630       0.78866884007323568     
   1.6887000412940980       0.78421403401656320     
   1.6965000414848328       0.79178639980031096     
   1.7043000416755676       0.80352356935945668     
   1.7121000418663026       0.80784631788674122     
   1.7199000420570374       0.81482819607282497     
   1.7277000422477722       0.82162225583562276     
   1.7355000424385072       0.83216684273581998     
   1.7433000426292420       0.83735358098971679     
   1.7511000428199768       0.84609519065940852     
   1.7589000430107116       0.85239680573513354     
   1.7667000432014466       0.85622816313027161     
   1.7745000433921814       0.86054304404325899     
   1.7823000435829162       0.87455682938308688     
   1.7901000437736512       0.87995467419450490     
   1.7979000439643860       0.89623321850075710     
   1.8057000441551208       0.89989359058575846     
   1.8135000443458558       0.90847006715202017     
   1.8213000445365906       0.91600706482353922     
   1.8291000447273253       0.92608380733501494     
   1.8369000449180604       0.93850092632919557     
   1.8447000451087952       0.95495583481415836     
   1.8525000452995299       0.95693833086162738     
   1.8603000454902650       0.96388067108700659     
   1.8681000456809997       0.97952488373703783     
   1.8759000458717345       0.98595619636010112     
   1.8837000460624695       0.99840617906166207     
   1.8915000462532043        1.0128204096997768     
   1.8993000464439391        1.0211517723332195     
   1.9071000466346741        1.0205974625353609     
   1.9149000468254089        1.0285959924221169     
   1.9227000470161437        1.0371421243031214     
   1.9305000472068787        1.0478633506096844     
   1.9383000473976135        1.0574879997110291     
   1.9461000475883483        1.0633468760149045     
   1.9539000477790833        1.0683350721412010     
   1.9617000479698181        1.0818069000701074     
   1.9695000481605529        1.0899459090903605     
   1.9773000483512879        1.0883632037124844     
   1.9851000485420227        1.0958318419304864     
   1.9929000487327575        1.1038654941059294     
   2.0007000489234925        1.1126733379219060     
   2.0085000491142271        1.1195558711996594     
   2.0163000493049621        1.1188199583853415     
   2.0241000494956971        1.1231505700523672     
   2.0319000496864317        1.1218904414408981     
   2.0397000498771667        1.1277419551247463     
   2.0475000500679017        1.1339265225495734     
   2.0553000502586363        1.1307564081987675     
   2.0631000504493713        1.1321482896802380     
   2.0709000506401063        1.1343218922554130     
   2.0787000508308409        1.1327728278238336     
   2.0865000510215759        1.1292812703940796     
   2.0943000512123109        1.1318698905918447     
   2.1021000514030455        1.1262894798570058     
   2.1099000515937805        1.1288035927776110     
   2.1177000517845155        1.1270455071641290     
   2.1255000519752500        1.1258902852518198     
   2.1333000521659851        1.1212782065734592     
   2.1411000523567201        1.1240273710334190     
   2.1489000525474546        1.1158252141504048     
   2.1567000527381897        1.1096270146505065     
   2.1645000529289247        1.1077074464001759     
   2.1723000531196592        1.1031687451160961     
   2.1801000533103942        1.0957200065431292     
   2.1879000535011293        1.0868658108359399     
   2.1957000536918638        1.0878360899907431     
   2.2035000538825988        1.0831728872314084     
   2.2113000540733339        1.0798009574075069     
   2.2191000542640684        1.0764922041019753     
   2.2269000544548034        1.0683837709371551     
   2.2347000546455384        1.0674592845313096     
   2.2425000548362730        1.0526445073086290     
   2.2503000550270080        1.0533588303938093     
   2.2581000552177430        1.0491628336850016     
   2.2659000554084776        1.0405820526764540     
   2.2737000555992126        1.0361221814674002     
   2.2815000557899476        1.0331573912384309     
   2.2893000559806822        1.0311465814962619     
   2.2971000561714172        1.0231606541085585     
   2.3049000563621522        1.0309705204707253     
   2.3127000565528868        1.0186973329253590     
   2.3205000567436218        1.0109274820906733     
   2.3283000569343568        1.0088581322025039     
   2.3361000571250914        1.0023569692068888     
   2.3439000573158264        1.0006321029906340     
   2.3517000575065614       0.98868608641601852     
   2.3595000576972960       0.98779203805848703     
   2.3673000578880310       0.98577343344060786     
   2.3751000580787660       0.98161012051597307     
   2.3829000582695006       0.98297889449471576     
   2.3907000584602356       0.97972360228415489     
   2.3985000586509706       0.97275120830816408     
   2.4063000588417052       0.96821803700856313     
   2.4141000590324402       0.96152226184065881     
   2.4219000592231752       0.96797470665628649     
   2.4297000594139098       0.96808592916936964     
   2.4375000596046448       0.95579061312946156     
   2.4453000597953798       0.95657064647360479     
   2.4531000599861144       0.95646125757960487     
   2.4609000601768494       0.95369943495849463     
   2.4687000603675844       0.94861884250747230     
   2.4765000605583189       0.94817252055141621     
   2.4843000607490540       0.94083769970103504     
   2.4921000609397890       0.94867629994663638     
   2.4999000611305235       0.94915106516721248     
   2.5077000613212586       0.93826234102281858     
   2.5155000615119936       0.93731513715247639     
   2.5233000617027281       0.93788834037065394     
   2.5311000618934631       0.93714582932625135     
   2.5389000620841982       0.93441822424341148     
   2.5467000622749327       0.93548768144082228     
   2.5545000624656677       0.93206034372563318     
   2.5623000626564028       0.92911128592311731     
   2.5701000628471373       0.92835178261765927     
   2.5779000630378723       0.93194739973759022     
   2.5857000632286073       0.93565206683309576     
   2.5935000634193419       0.93730836373034176     
   2.6013000636100769       0.93985040907587425     
   2.6091000638008119       0.94072246698167916     
   2.6169000639915465       0.93921243431258816     
   2.6247000641822815       0.94368626457787930     
   2.6325000643730165       0.94218303359147371     
   2.6403000645637511       0.94070119360520110     
   2.6481000647544861       0.94299372144600047     
   2.6559000649452211       0.94966780363245695     
   2.6637000651359557       0.95169287949206027     
   2.6715000653266907       0.94943981604341621     
   2.6793000655174257       0.95208705338786914     
   2.6871000657081603       0.95851789715988434     
   2.6949000658988953       0.95483706116167966     
   2.7027000660896303       0.95463673958192519     
   2.7105000662803649       0.96096626399898866     
   2.7183000664710999       0.96314089465997188     
   2.7261000666618349       0.96316511394089499     
   2.7339000668525695       0.96322178799567948     
   2.7417000670433045       0.96869874515369070     
   2.7495000672340395       0.97274406787053602     
   2.7573000674247741       0.97602334356389020     
   2.7651000676155091       0.97643021522878715     
   2.7729000678062441       0.97712523145206498     
   2.7807000679969787       0.98000700947769581     
   2.7885000681877137       0.98580217785889279     
   2.7963000683784487       0.98501947019704594     
   2.8041000685691833       0.98748141017413893     
   2.8119000687599183       0.99475065423316800     
   2.8197000689506533       0.99277803793544628     
   2.8275000691413879       0.99354204291349701     
   2.8353000693321229       0.99746530715613557     
   2.8431000695228579        1.0016529794334794     
   2.8509000697135924        1.0032213709406252     
   2.8587000699043275        1.0025989970263309     
   2.8665000700950625        1.0046578131405322     
   2.8743000702857970        1.0083312246809619     
   2.8821000704765320        1.0083264713217641     
   2.8899000706672671        1.0097363238485975     
   2.8977000708580016        1.0137373087548074     
   2.9055000710487366        1.0152334049326306     
   2.9133000712394717        1.0169197728576977     
   2.9211000714302062        1.0178060684866006     
   2.9289000716209412        1.0200245976113020     
   2.9367000718116762        1.0168339964416280     
   2.9445000720024108        1.0234169439752137     
   2.9523000721931458        1.0239336613628478     
   2.9601000723838808        1.0215170742266850     
   2.9679000725746154        1.0160482279728518     
   2.9757000727653504        1.0253005230180292     
   2.9835000729560854        1.0236688537851781     
   2.9913000731468200        1.0218549339947456     
   2.9991000733375550        1.0233605379544657     
   3.0069000735282896        1.0316953725258768     
   3.0147000737190246        1.0322743717552207     
   3.0225000739097596        1.0304218065460493     
   3.0303000741004942        1.0317473606125096     
   3.0381000742912292        1.0324311440559786     
   3.0459000744819642        1.0286923495486755     
   3.0537000746726988        1.0321258128568203     
   3.0615000748634338        1.0254166645801976     
   3.0693000750541688        1.0282524410556284     
   3.0771000752449034        1.0280728680546811     
   3.0849000754356384        1.0256578615997238     
   3.0927000756263734        1.0271895561307829     
   3.1005000758171080        1.0283481825699428     
   3.1083000760078430        1.0261066727240880     
   3.1161000761985780        1.0248323421305805     
   3.1239000763893126        1.0239784183074112     
   3.1317000765800476        1.0219239269658571     
   3.1395000767707826        1.0224977289103701     
   3.1473000769615171        1.0237603268299411     
   3.1551000771522522        1.0205525645757738     
   3.1629000773429872        1.0194180471661538     
   3.1707000775337217        1.0181320093837214     
   3.1785000777244568        1.0202351885462477     
   3.1863000779151918        1.0162399339802473     
   3.1941000781059263        1.0186019980322571     
   3.2019000782966613        1.0142370812252495     
   3.2097000784873964        1.0157300995119622     
   3.2175000786781309        1.0078695885567246     
   3.2253000788688659        1.0038088029315719     
   3.2331000790596010        1.0072570891866865     
   3.2409000792503355        1.0055069271085026     
   3.2487000794410705        1.0078364899637422     
   3.2565000796318055        1.0045536779990558     
   3.2643000798225401        1.0063395148614216     
   3.2721000800132751        1.0040789750525536     
   3.2799000802040101        1.0002879078436393     
   3.2877000803947447       0.99852796142778233     
   3.2955000805854797        1.0011751902037334     
   3.3033000807762147        1.0030717692069879     
   3.3111000809669493       0.99876525422483642     
   3.3189000811576843       0.99559758601529391     
   3.3267000813484193       0.99381302137453453     
   3.3345000815391539       0.99581912634488001     
   3.3423000817298889       0.99662101584434826     
   3.3501000819206239       0.99070700695118108     
   3.3579000821113585       0.99079529277634837     
   3.3657000823020935       0.98805608889223362     
   3.3735000824928285       0.98855523367962672     
   3.3813000826835631       0.98639299483037213     
   3.3891000828742981       0.98786491770709695     
   3.3969000830650331       0.98759707794706431     
   3.4047000832557677       0.98637949491290211     
   3.4125000834465027       0.98691697416189439     
   3.4203000836372377       0.98546407441096928     
   3.4281000838279723       0.98502005044462826     
   3.4359000840187073       0.98454463859618968     
   3.4437000842094423       0.98453413121870381     
   3.4515000844001769       0.98605331447581668     
   3.4593000845909119       0.98449137451723734     
   3.4671000847816469       0.98293179103696682     
   3.4749000849723815       0.98310025069750706     
   3.4827000851631165       0.98416332895283809     
   3.4905000853538515       0.98550295815041566     
   3.4983000855445860       0.98493692530192312     
   3.5061000857353211       0.98232168623857530     
   3.5139000859260561       0.98538233358056504     
   3.5217000861167906       0.98363126991039163     
   3.5295000863075257       0.98265370402111563     
   3.5373000864982607       0.98155091851761467     
   3.5451000866889952       0.97826518062921930     
   3.5529000868797302       0.98142561533821404     
   3.5607000870704653       0.98297499604473504     
   3.5685000872611998       0.98241670338182752     
   3.5763000874519348       0.98418391234258440     
   3.5841000876426699       0.98529810027880238     
   3.5919000878334044       0.98621073069800602     
   3.5997000880241394       0.98274939514601301     
   3.6075000882148744       0.98300924370500331     
   3.6153000884056090       0.98085474214881496     
   3.6231000885963440       0.98346857110993202     
   3.6309000887870790       0.98524823432314068     
   3.6387000889778136       0.98389498429881084     
   3.6465000891685486       0.98681887725019490     
   3.6543000893592836       0.98700015094743176     
   3.6621000895500182       0.98729089932700498     
   3.6699000897407532       0.98622674632563090     
   3.6777000899314882       0.98795257180257745     
   3.6855000901222228       0.98825171163896808     
   3.6933000903129578       0.98757855909554393     
   3.7011000905036928       0.99211721753842019     
   3.7089000906944274       0.98885014342427124     
   3.7167000908851624       0.98849351428207388     
   3.7245000910758974       0.99190253609509416     
   3.7323000912666320       0.99245326562787040     
   3.7401000914573670       0.99409035313200655     
   3.7479000916481020       0.99173518953239337     
   3.7557000918388366       0.99537927742330801     
   3.7635000920295716       0.99585680283753319     
   3.7713000922203066       0.99451946840929151     
   3.7791000924110412       0.99620961813190445     
   3.7869000926017762       0.99405101255579265     
   3.7947000927925112       0.99890621138229085     
   3.8025000929832458       0.99597135477528786     
   3.8103000931739808       0.99983296359864693     
   3.8181000933647158       0.99916682800401313     
   3.8259000935554504       0.99816029759272507     
   3.8337000937461854        1.0004179284056225     
   3.8415000939369204        1.0009312612292447     
   3.8493000941276549        1.0010072468725417     
   3.8571000943183900        1.0024217842698839     
   3.8649000945091250        1.0038389281287574     
   3.8727000946998595        1.0049646007334441     
   3.8805000948905946        1.0068914811548244     
   3.8883000950813296        1.0056595758250408     
   3.8961000952720641        1.0055214942466608     
   3.9039000954627991       0.50502183067928241     
