 RADIUS,  GDR(R)
   1.1700000286102295E-002   0.0000000000000000     
   1.9500000476837157E-002   0.0000000000000000     
   2.7300000667572023E-002   0.0000000000000000     
   3.5100000858306883E-002   0.0000000000000000     
   4.2900001049041750E-002   0.0000000000000000     
   5.0700001239776610E-002   0.0000000000000000     
   5.8500001430511477E-002   0.0000000000000000     
   6.6300001621246343E-002   0.0000000000000000     
   7.4100001811981203E-002   0.0000000000000000     
   8.1900002002716063E-002   0.0000000000000000     
   8.9700002193450923E-002   0.0000000000000000     
   9.7500002384185797E-002   0.0000000000000000     
  0.10530000257492066        0.0000000000000000     
  0.11310000276565552        0.0000000000000000     
  0.12090000295639038        0.0000000000000000     
  0.12870000314712524        0.0000000000000000     
  0.13650000333786011        0.0000000000000000     
  0.14430000352859498        0.0000000000000000     
  0.15210000371932983        0.0000000000000000     
  0.15990000391006470        0.0000000000000000     
  0.16770000410079955        0.0000000000000000     
  0.17550000429153442        0.0000000000000000     
  0.18330000448226930        0.0000000000000000     
  0.19110000467300414        0.0000000000000000     
  0.19890000486373902        0.0000000000000000     
  0.20670000505447389        0.0000000000000000     
  0.21450000524520874        0.0000000000000000     
  0.22230000543594361        0.0000000000000000     
  0.23010000562667846        0.0000000000000000     
  0.23790000581741333        0.0000000000000000     
  0.24570000600814820        0.0000000000000000     
  0.25350000619888308        0.0000000000000000     
  0.26130000638961792        0.0000000000000000     
  0.26910000658035277        0.0000000000000000     
  0.27690000677108767        0.0000000000000000     
  0.28470000696182252        0.0000000000000000     
  0.29250000715255736        0.0000000000000000     
  0.30030000734329226        0.0000000000000000     
  0.30810000753402711        0.0000000000000000     
  0.31590000772476196        0.0000000000000000     
  0.32370000791549680        0.0000000000000000     
  0.33150000810623170        0.0000000000000000     
  0.33930000829696655        0.0000000000000000     
  0.34710000848770139        0.0000000000000000     
  0.35490000867843630        0.0000000000000000     
  0.36270000886917114        0.0000000000000000     
  0.37050000905990599        0.0000000000000000     
  0.37830000925064089        0.0000000000000000     
  0.38610000944137574        0.0000000000000000     
  0.39390000963211058        0.0000000000000000     
  0.40170000982284548        0.0000000000000000     
  0.40950001001358033        0.0000000000000000     
  0.41730001020431517        0.0000000000000000     
  0.42510001039505008        0.0000000000000000     
  0.43290001058578492        0.0000000000000000     
  0.44070001077651977        0.0000000000000000     
  0.44850001096725461        0.0000000000000000     
  0.45630001115798952        0.0000000000000000     
  0.46410001134872436        0.0000000000000000     
  0.47190001153945921        0.0000000000000000     
  0.47970001173019411        0.0000000000000000     
  0.48750001192092896        0.0000000000000000     
  0.49530001211166380        0.0000000000000000     
  0.50310001230239865        0.0000000000000000     
  0.51090001249313355        0.0000000000000000     
  0.51870001268386845        0.0000000000000000     
  0.52650001287460324        0.0000000000000000     
  0.53430001306533814        0.0000000000000000     
  0.54210001325607304        0.0000000000000000     
  0.54990001344680783        0.0000000000000000     
  0.55770001363754274        0.0000000000000000     
  0.56550001382827764        0.0000000000000000     
  0.57330001401901243        0.0000000000000000     
  0.58110001420974733        0.0000000000000000     
  0.58890001440048223        0.0000000000000000     
  0.59670001459121702        0.0000000000000000     
  0.60450001478195192        0.0000000000000000     
  0.61230001497268682        0.0000000000000000     
  0.62010001516342161        0.0000000000000000     
  0.62790001535415652        0.0000000000000000     
  0.63570001554489131        0.0000000000000000     
  0.64350001573562621        0.0000000000000000     
  0.65130001592636111        0.0000000000000000     
  0.65910001611709590        0.0000000000000000     
  0.66690001630783080        0.0000000000000000     
  0.67470001649856570        0.0000000000000000     
  0.68250001668930049        0.0000000000000000     
  0.69030001688003539        0.0000000000000000     
  0.69810001707077030        0.0000000000000000     
  0.70590001726150509        0.0000000000000000     
  0.71370001745223999        0.0000000000000000     
  0.72150001764297489        0.0000000000000000     
  0.72930001783370968        0.0000000000000000     
  0.73710001802444458        0.0000000000000000     
  0.74490001821517948        0.0000000000000000     
  0.75270001840591427        0.0000000000000000     
  0.76050001859664917        0.0000000000000000     
  0.76830001878738408        0.0000000000000000     
  0.77610001897811887        0.0000000000000000     
  0.78390001916885377        0.0000000000000000     
  0.79170001935958867        0.0000000000000000     
  0.79950001955032346        0.0000000000000000     
  0.80730001974105836        0.0000000000000000     
  0.81510001993179326        0.0000000000000000     
  0.82290002012252805        3.1122814619295188E-005
  0.83070002031326295        0.0000000000000000     
  0.83850002050399786        0.0000000000000000     
  0.84630002069473265        3.8531360031637677E-004
  0.85410002088546755        1.3988078567562714E-003
  0.86190002107620245        3.8097359870936784E-003
  0.86970002126693724        9.6011064159482046E-003
  0.87750002145767214        2.0985220709867709E-002
  0.88530002164840693        4.4082755591124713E-002
  0.89310002183914183        8.4611754071059420E-002
  0.90090002202987673       0.14285697376718071     
  0.90870002222061153       0.23104209067953696     
  0.91650002241134643       0.34563141480248361     
  0.92430002260208133       0.49181508553481801     
  0.93210002279281612       0.66421560150692671     
  0.93990002298355102       0.86719777863155123     
  0.94770002317428592        1.0655657902845517     
  0.95550002336502071        1.2826598080048710     
  0.96330002355575561        1.5116313256655505     
  0.97110002374649051        1.7132959390762756     
  0.97890002393722531        1.9068745754170935     
  0.98670002412796021        2.0742713081924142     
  0.99450002431869511        2.2225596096266393     
   1.0023000245094300        2.3548315290450583     
   1.0101000247001648        2.4412272693169137     
   1.0179000248908996        2.5217232065643818     
   1.0257000250816346        2.5784452987913000     
   1.0335000252723694        2.6224034904581197     
   1.0413000254631042        2.6099713786002297     
   1.0491000256538392        2.5975606445140960     
   1.0569000258445740        2.5677293485099120     
   1.0647000260353088        2.5265945787712023     
   1.0725000262260438        2.4853327843937802     
   1.0803000264167786        2.4213242751114534     
   1.0881000266075134        2.3396821362347446     
   1.0959000267982484        2.2749750389882908     
   1.1037000269889832        2.2147714596532597     
   1.1115000271797180        2.1209782414950347     
   1.1193000273704530        2.0617456564173597     
   1.1271000275611878        1.9791698425847184     
   1.1349000277519226        1.9156607829498549     
   1.1427000279426576        1.8604870284699893     
   1.1505000281333924        1.7880935064280417     
   1.1583000283241272        1.6945709464783658     
   1.1661000285148622        1.6296784915451163     
   1.1739000287055970        1.5815306662799249     
   1.1817000288963317        1.5196228719211498     
   1.1895000290870668        1.4674106275575443     
   1.1973000292778015        1.4055524706792297     
   1.2051000294685363        1.3616442318219573     
   1.2129000296592714        1.3131340309359130     
   1.2207000298500061        1.2488117986374103     
   1.2285000300407409        1.2125007612071896     
   1.2363000302314759        1.1561551906290486     
   1.2441000304222107        1.1278721921823593     
   1.2519000306129455        1.0994494064093050     
   1.2597000308036803        1.0642430829562102     
   1.2675000309944153        1.0285564849624740     
   1.2753000311851501       0.99050227273411429     
   1.2831000313758849       0.96151001085321486     
   1.2909000315666199       0.93699964227832466     
   1.2987000317573547       0.92088738354115907     
   1.3065000319480895       0.87825793444694533     
   1.3143000321388245       0.85537451401996512     
   1.3221000323295593       0.83096054498140448     
   1.3299000325202941       0.80818929755092273     
   1.3377000327110291       0.79227477857997564     
   1.3455000329017639       0.77781696647162790     
   1.3533000330924987       0.76789042180074807     
   1.3611000332832337       0.74772189604860340     
   1.3689000334739685       0.73810560259129931     
   1.3767000336647033       0.71592685851498994     
   1.3845000338554383       0.70746482636576635     
   1.3923000340461731       0.70002782771622085     
   1.4001000342369079       0.69434837637324831     
   1.4079000344276429       0.67776916681360289     
   1.4157000346183777       0.66802815020206252     
   1.4235000348091125       0.66878108090844046     
   1.4313000349998475       0.66064757363196991     
   1.4391000351905823       0.64771836698714702     
   1.4469000353813171       0.64853818556924836     
   1.4547000355720521       0.64882584264190335     
   1.4625000357627869       0.64409517330913124     
   1.4703000359535217       0.63336542723509870     
   1.4781000361442567       0.63527228379627376     
   1.4859000363349915       0.63575844900814915     
   1.4937000365257262       0.63764673668021543     
   1.5015000367164613       0.63716823150021928     
   1.5093000369071961       0.62876533611241348     
   1.5171000370979308       0.62904139837948170     
   1.5249000372886659       0.63631523758921904     
   1.5327000374794006       0.64221521308791618     
   1.5405000376701354       0.63687808152587599     
   1.5483000378608704       0.64283189675997787     
   1.5561000380516052       0.65107268505969407     
   1.5639000382423400       0.65389240918746661     
   1.5717000384330750       0.65884348784087932     
   1.5795000386238098       0.66234729343749876     
   1.5873000388145446       0.67288769046041974     
   1.5951000390052796       0.67759794876938939     
   1.6029000391960144       0.68400863720499350     
   1.6107000393867492       0.69748254478337324     
   1.6185000395774842       0.69836202046711682     
   1.6263000397682190       0.70586022658934244     
   1.6341000399589538       0.72561811615935901     
   1.6419000401496888       0.73510481986809695     
   1.6497000403404236       0.74686109296447367     
   1.6575000405311584       0.75557872143524829     
   1.6653000407218934       0.76762176447634056     
   1.6731000409126282       0.78020305910559140     
   1.6809000411033630       0.79002699470368865     
   1.6887000412940980       0.81116342393603647     
   1.6965000414848328       0.82468426365111047     
   1.7043000416755676       0.83523363836910447     
   1.7121000418663026       0.84348378001719637     
   1.7199000420570374       0.85942875935582175     
   1.7277000422477722       0.87915693375785275     
   1.7355000424385072       0.89810493903605981     
   1.7433000426292420       0.90716066398337669     
   1.7511000428199768       0.92440175035953942     
   1.7589000430107116       0.93735358764804311     
   1.7667000432014466       0.95096938829375655     
   1.7745000433921814       0.97114526416754621     
   1.7823000435829162       0.97663664594497690     
   1.7901000437736512       0.99107014619638845     
   1.7979000439643860        1.0078255560285669     
   1.8057000441551208        1.0272397263922686     
   1.8135000443458558        1.0406166070443115     
   1.8213000445365906        1.0619008598726816     
   1.8291000447273253        1.0726906212368508     
   1.8369000449180604        1.0880049396259264     
   1.8447000451087952        1.0955735173903984     
   1.8525000452995299        1.1072836064133473     
   1.8603000454902650        1.1191222994271299     
   1.8681000456809997        1.1321819825443922     
   1.8759000458717345        1.1440846154775339     
   1.8837000460624695        1.1531164766530018     
   1.8915000462532043        1.1601046692148600     
   1.8993000464439391        1.1700445086883107     
   1.9071000466346741        1.1797109928494574     
   1.9149000468254089        1.1895034041268173     
   1.9227000470161437        1.1952915052460504     
   1.9305000472068787        1.2064383106427869     
   1.9383000473976135        1.2168200124270778     
   1.9461000475883483        1.2121782246437647     
   1.9539000477790833        1.2297565472774994     
   1.9617000479698181        1.2326954336410294     
   1.9695000481605529        1.2339597923191474     
   1.9773000483512879        1.2408033512563885     
   1.9851000485420227        1.2364100263716611     
   1.9929000487327575        1.2419056020397274     
   2.0007000489234925        1.2341369126500414     
   2.0085000491142271        1.2415155943605636     
   2.0163000493049621        1.2333197194499124     
   2.0241000494956971        1.2273760620514722     
   2.0319000496864317        1.2250182669143717     
   2.0397000498771667        1.2154363871198026     
   2.0475000500679017        1.2101113077639862     
   2.0553000502586363        1.2062260849735180     
   2.0631000504493713        1.2047182967633561     
   2.0709000506401063        1.1986697494795939     
   2.0787000508308409        1.1920412045191968     
   2.0865000510215759        1.1816084713458661     
   2.0943000512123109        1.1691535879984840     
   2.1021000514030455        1.1653760433759288     
   2.1099000515937805        1.1510494625880308     
   2.1177000517845155        1.1404612832054410     
   2.1255000519752500        1.1316712949984695     
   2.1333000521659851        1.1270784691463622     
   2.1411000523567201        1.1118094185035883     
   2.1489000525474546        1.0966046782925316     
   2.1567000527381897        1.0885797336016323     
   2.1645000529289247        1.0781033206588850     
   2.1723000531196592        1.0683315336588928     
   2.1801000533103942        1.0576014789258883     
   2.1879000535011293        1.0466386999687405     
   2.1957000536918638        1.0375524695990199     
   2.2035000538825988        1.0263113879632326     
   2.2113000540733339        1.0140710126434744     
   2.2191000542640684        1.0060534867053925     
   2.2269000544548034       0.99820357458481279     
   2.2347000546455384       0.99074383556165235     
   2.2425000548362730       0.97969768472694785     
   2.2503000550270080       0.96817921962054643     
   2.2581000552177430       0.95564664475090466     
   2.2659000554084776       0.95112936787575419     
   2.2737000555992126       0.94341191650991207     
   2.2815000557899476       0.93424681960016698     
   2.2893000559806822       0.92819136935173474     
   2.2971000561714172       0.92422353728261608     
   2.3049000563621522       0.91739109464256530     
   2.3127000565528868       0.90999113492913775     
   2.3205000567436218       0.90724093472537792     
   2.3283000569343568       0.89243785763997829     
   2.3361000571250914       0.89766284475700364     
   2.3439000573158264       0.88893748103773917     
   2.3517000575065614       0.88375750070737680     
   2.3595000576972960       0.88567048557926142     
   2.3673000578880310       0.87813867340286478     
   2.3751000580787660       0.87284625320281506     
   2.3829000582695006       0.87068704667382113     
   2.3907000584602356       0.87285962030968511     
   2.3985000586509706       0.87282629546658452     
   2.4063000588417052       0.86747832300675454     
   2.4141000590324402       0.87200845288912066     
   2.4219000592231752       0.86951135405792390     
   2.4297000594139098       0.86914866244091660     
   2.4375000596046448       0.87051277617038292     
   2.4453000597953798       0.86762468302892626     
   2.4531000599861144       0.86769974922252302     
   2.4609000601768494       0.87079538113107957     
   2.4687000603675844       0.87095006638392514     
   2.4765000605583189       0.87404328308142920     
   2.4843000607490540       0.87511607264647140     
   2.4921000609397890       0.87757042469228164     
   2.4999000611305235       0.88259089187182871     
   2.5077000613212586       0.88221709212768318     
   2.5155000615119936       0.88134166622328847     
   2.5233000617027281       0.88303144536626099     
   2.5311000618934631       0.88926970409425432     
   2.5389000620841982       0.89219470927432587     
   2.5467000622749327       0.89838882718382973     
   2.5545000624656677       0.90013205204758995     
   2.5623000626564028       0.90288646100936032     
   2.5701000628471373       0.91417563472836993     
   2.5779000630378723       0.92130095474178597     
   2.5857000632286073       0.92636444514317884     
   2.5935000634193419       0.93114492634870760     
   2.6013000636100769       0.93156204122274877     
   2.6091000638008119       0.93923534793154217     
   2.6169000639915465       0.94388948258337024     
   2.6247000641822815       0.95567133265733795     
   2.6325000643730165       0.96294763287195162     
   2.6403000645637511       0.96615392833643032     
   2.6481000647544861       0.96846392306441542     
   2.6559000649452211       0.97505861114251680     
   2.6637000651359557       0.97806763988741741     
   2.6715000653266907       0.99012458073752752     
   2.6793000655174257       0.99025803122300382     
   2.6871000657081603        1.0010455067877191     
   2.6949000658988953        1.0048004481411084     
   2.7027000660896303        1.0081967855082388     
   2.7105000662803649        1.0134482444123798     
   2.7183000664710999        1.0197347340083680     
   2.7261000666618349        1.0243979205842340     
   2.7339000668525695        1.0338642197265961     
   2.7417000670433045        1.0354225647821171     
   2.7495000672340395        1.0431503297839853     
   2.7573000674247741        1.0400787695307985     
   2.7651000676155091        1.0451994174901760     
   2.7729000678062441        1.0514366822062859     
   2.7807000679969787        1.0562305436450932     
   2.7885000681877137        1.0566391353081594     
   2.7963000683784487        1.0598154470097969     
   2.8041000685691833        1.0640656400719604     
   2.8119000687599183        1.0681933977453446     
   2.8197000689506533        1.0675924632162546     
   2.8275000691413879        1.0687365210512820     
   2.8353000693321229        1.0730410538971042     
   2.8431000695228579        1.0736404402318200     
   2.8509000697135924        1.0682674726281514     
   2.8587000699043275        1.0715248752856543     
   2.8665000700950625        1.0747989607925972     
   2.8743000702857970        1.0685914234753755     
   2.8821000704765320        1.0697018893400556     
   2.8899000706672671        1.0688210102128095     
   2.8977000708580016        1.0679725168898422     
   2.9055000710487366        1.0707418856737818     
   2.9133000712394717        1.0702231707800116     
   2.9211000714302062        1.0702223469558092     
   2.9289000716209412        1.0678075801671663     
   2.9367000718116762        1.0693668415160833     
   2.9445000720024108        1.0687171783401639     
   2.9523000721931458        1.0654636859514648     
   2.9601000723838808        1.0648032334949207     
   2.9679000725746154        1.0638648136664934     
   2.9757000727653504        1.0620400974027346     
   2.9835000729560854        1.0553744916671637     
   2.9913000731468200        1.0592117420429774     
   2.9991000733375550        1.0544413792089053     
   3.0069000735282896        1.0521089500982137     
   3.0147000737190246        1.0513114190900696     
   3.0225000739097596        1.0449325385723716     
   3.0303000741004942        1.0454003524837783     
   3.0381000742912292        1.0399168725193988     
   3.0459000744819642        1.0411531392604525     
   3.0537000746726988        1.0317402626158942     
   3.0615000748634338        1.0323635627183561     
   3.0693000750541688        1.0279746442871751     
   3.0771000752449034        1.0233309020482995     
   3.0849000754356384        1.0208091998978577     
   3.0927000756263734        1.0164885785980955     
   3.1005000758171080        1.0125195938034590     
   3.1083000760078430        1.0124474938234920     
   3.1161000761985780        1.0107376962324794     
   3.1239000763893126        1.0064036619364900     
   3.1317000765800476        1.0053833072849907     
   3.1395000767707826        1.0001165902589824     
   3.1473000769615171       0.99948386702036762     
   3.1551000771522522       0.99097639818026761     
   3.1629000773429872       0.99132658359961756     
   3.1707000775337217       0.98898396674398137     
   3.1785000777244568       0.98410898264739888     
   3.1863000779151918       0.98195487320424268     
   3.1941000781059263       0.97990886420769918     
   3.2019000782966613       0.97623852585681159     
   3.2097000784873964       0.97585957181546035     
   3.2175000786781309       0.96846648446973804     
   3.2253000788688659       0.97091910147985161     
   3.2331000790596010       0.96803650934346464     
   3.2409000792503355       0.96599031529628687     
   3.2487000794410705       0.96347752386778018     
   3.2565000796318055       0.96042389459284194     
   3.2643000798225401       0.95653501867594548     
   3.2721000800132751       0.95680666551447602     
   3.2799000802040101       0.95568432844980844     
   3.2877000803947447       0.95360522412658744     
   3.2955000805854797       0.95392538706435615     
   3.3033000807762147       0.95097058027702486     
   3.3111000809669493       0.95114580634356727     
   3.3189000811576843       0.94986835545462822     
   3.3267000813484193       0.94855359753727342     
   3.3345000815391539       0.94683163976846407     
   3.3423000817298889       0.94726668441395134     
   3.3501000819206239       0.94902176461810839     
   3.3579000821113585       0.94744482191249391     
   3.3657000823020935       0.94893489830979350     
   3.3735000824928285       0.94710248084019411     
   3.3813000826835631       0.95147756406970607     
   3.3891000828742981       0.95123387845776253     
   3.3969000830650331       0.95248287545346555     
   3.4047000832557677       0.95193123338688845     
   3.4125000834465027       0.95338991262281059     
   3.4203000836372377       0.95356669864033006     
   3.4281000838279723       0.95356680583375608     
   3.4359000840187073       0.95473118577899563     
   3.4437000842094423       0.95771058664395659     
   3.4515000844001769       0.95991345806683392     
   3.4593000845909119       0.96321225197919280     
   3.4671000847816469       0.96559245413532180     
   3.4749000849723815       0.96712959598513060     
   3.4827000851631165       0.96897148184266635     
   3.4905000853538515       0.96907449760598718     
   3.4983000855445860       0.97073822437594814     
   3.5061000857353211       0.97077633042890610     
   3.5139000859260561       0.97387789881623876     
   3.5217000861167906       0.97877755972100133     
   3.5295000863075257       0.98284917959400953     
   3.5373000864982607       0.98304449314015674     
   3.5451000866889952       0.98291352059219872     
   3.5529000868797302       0.98786558694357229     
   3.5607000870704653       0.98808881651667402     
   3.5685000872611998       0.98949604386921586     
   3.5763000874519348       0.99106401196347071     
   3.5841000876426699       0.99613569794331225     
   3.5919000878334044        1.0010633251235637     
   3.5997000880241394        1.0021520496325023     
   3.6075000882148744        1.0033234368921644     
   3.6153000884056090        1.0024617754713430     
   3.6231000885963440        1.0092487127605450     
   3.6309000887870790        1.0083350805534605     
   3.6387000889778136        1.0102185084063622     
   3.6465000891685486        1.0106320285251014     
   3.6543000893592836        1.0183250807926361     
   3.6621000895500182        1.0159521685445230     
   3.6699000897407532        1.0210919639497003     
   3.6777000899314882        1.0211494776215959     
   3.6855000901222228        1.0215414667730285     
   3.6933000903129578        1.0224152416622307     
   3.7011000905036928        1.0214790897533366     
   3.7089000906944274        1.0237010135352931     
   3.7167000908851624        1.0240143875211782     
   3.7245000910758974        1.0255526029021469     
   3.7323000912666320        1.0267127733988703     
   3.7401000914573670        1.0281385895805877     
   3.7479000916481020        1.0252562243339729     
   3.7557000918388366        1.0275231334633346     
   3.7635000920295716        1.0261896763485614     
   3.7713000922203066        1.0286679169954041     
   3.7791000924110412        1.0265354144937968     
   3.7869000926017762        1.0301280492045066     
   3.7947000927925112        1.0287653308259852     
   3.8025000929832458        1.0285313792928314     
   3.8103000931739808        1.0256293148484732     
   3.8181000933647158        1.0259577617240530     
   3.8259000935554504        1.0271256996532936     
   3.8337000937461854        1.0248243138793958     
   3.8415000939369204        1.0259329745998809     
   3.8493000941276549        1.0246052270950046     
   3.8571000943183900        1.0248205520554083     
   3.8649000945091250        1.0223934531212946     
   3.8727000946998595        1.0251584297032861     
   3.8805000948905946        1.0206322535541861     
   3.8883000950813296        1.0215066125642738     
   3.8961000952720641        1.0220958504439743     
   3.9039000954627991       0.50942284399224569     
