   1.4999999999999999E-002   0.0000000000000000     
   2.5000000000000001E-002   0.0000000000000000     
   3.5000000000000003E-002   0.0000000000000000     
   4.4999999999999998E-002   0.0000000000000000     
   5.5000000000000000E-002   0.0000000000000000     
   6.5000000000000002E-002   0.0000000000000000     
   7.4999999999999997E-002   0.0000000000000000     
   8.5000000000000006E-002   0.0000000000000000     
   9.5000000000000001E-002   0.0000000000000000     
  0.10500000000000000        0.0000000000000000     
  0.11500000000000000        0.0000000000000000     
  0.12500000000000000        0.0000000000000000     
  0.13500000000000001        0.0000000000000000     
  0.14499999999999999        0.0000000000000000     
  0.15500000000000000        0.0000000000000000     
  0.16500000000000001        0.0000000000000000     
  0.17500000000000002        0.0000000000000000     
  0.18500000000000000        0.0000000000000000     
  0.19500000000000001        0.0000000000000000     
  0.20500000000000002        0.0000000000000000     
  0.21500000000000000        0.0000000000000000     
  0.22500000000000001        0.0000000000000000     
  0.23500000000000001        0.0000000000000000     
  0.24500000000000000        0.0000000000000000     
  0.25500000000000000        0.0000000000000000     
  0.26500000000000001        0.0000000000000000     
  0.27500000000000002        0.0000000000000000     
  0.28500000000000003        0.0000000000000000     
  0.29499999999999998        0.0000000000000000     
  0.30499999999999999        0.0000000000000000     
  0.31500000000000000        0.0000000000000000     
  0.32500000000000001        0.0000000000000000     
  0.33500000000000002        0.0000000000000000     
  0.34500000000000003        0.0000000000000000     
  0.35499999999999998        0.0000000000000000     
  0.36499999999999999        0.0000000000000000     
  0.37500000000000000        0.0000000000000000     
  0.38500000000000001        0.0000000000000000     
  0.39500000000000002        0.0000000000000000     
  0.40500000000000003        0.0000000000000000     
  0.41500000000000004        0.0000000000000000     
  0.42499999999999999        0.0000000000000000     
  0.43500000000000000        0.0000000000000000     
  0.44500000000000001        0.0000000000000000     
  0.45500000000000002        0.0000000000000000     
  0.46500000000000002        0.0000000000000000     
  0.47500000000000003        0.0000000000000000     
  0.48499999999999999        0.0000000000000000     
  0.49500000000000000        0.0000000000000000     
  0.50500000000000000        0.0000000000000000     
  0.51500000000000001        0.0000000000000000     
  0.52500000000000002        0.0000000000000000     
  0.53500000000000003        0.0000000000000000     
  0.54500000000000004        0.0000000000000000     
  0.55500000000000005        0.0000000000000000     
  0.56500000000000006        0.0000000000000000     
  0.57500000000000007        0.0000000000000000     
  0.58499999999999996        0.0000000000000000     
  0.59499999999999997        0.0000000000000000     
  0.60499999999999998        0.0000000000000000     
  0.61499999999999999        0.0000000000000000     
  0.62500000000000000        0.0000000000000000     
  0.63500000000000001        0.0000000000000000     
  0.64500000000000002        0.0000000000000000     
  0.65500000000000003        0.0000000000000000     
  0.66500000000000004        0.0000000000000000     
  0.67500000000000004        0.0000000000000000     
  0.68500000000000005        0.0000000000000000     
  0.69500000000000006        0.0000000000000000     
  0.70499999999999996        0.0000000000000000     
  0.71499999999999997        0.0000000000000000     
  0.72499999999999998        0.0000000000000000     
  0.73499999999999999        0.0000000000000000     
  0.74500000000000000        0.0000000000000000     
  0.75500000000000000        0.0000000000000000     
  0.76500000000000001        0.0000000000000000     
  0.77500000000000002        0.0000000000000000     
  0.78500000000000003        0.0000000000000000     
  0.79500000000000004        0.0000000000000000     
  0.80500000000000005        0.0000000000000000     
  0.81500000000000006        0.0000000000000000     
  0.82500000000000007        0.0000000000000000     
  0.83499999999999996        5.7436424746543610E-006
  0.84499999999999997        1.0793502922793985E-004
  0.85499999999999998        4.8463167556867366E-004
  0.86499999999999999        2.4910809343985803E-003
  0.87500000000000000        8.0987541671774920E-003
  0.88500000000000001        2.3335880376994775E-002
  0.89500000000000002        5.2742890407360653E-002
  0.90500000000000003       0.10468410172257694     
  0.91500000000000004       0.18890253591385753     
  0.92500000000000004       0.30865176749565321     
  0.93500000000000005       0.46379414303111105     
  0.94500000000000006       0.64998848143074173     
  0.95500000000000007       0.84749859130394778     
  0.96499999999999997        1.0651751942601235     
  0.97499999999999998        1.2915026149236615     
  0.98499999999999999        1.4940075577813077     
  0.99500000000000000        1.6882883038285119     
   1.0050000000000001        1.8431860482047724     
   1.0150000000000001        1.9689867525895530     
   1.0249999999999999        2.0728290627364787     
   1.0349999999999999        2.1473628715607442     
   1.0449999999999999        2.1913089733880873     
   1.0549999999999999        2.2144250090712352     
   1.0649999999999999        2.2178306719729530     
   1.0750000000000000        2.1939191880651632     
   1.0850000000000000        2.1805336801709116     
   1.0950000000000000        2.1425833697026020     
   1.1050000000000000        2.0941837225668221     
   1.1150000000000000        2.0309648139984722     
   1.1250000000000000        1.9759512743162924     
   1.1350000000000000        1.9165735564385398     
   1.1450000000000000        1.8482996828775111     
   1.1550000000000000        1.7834725676047833     
   1.1650000000000000        1.7215640495555988     
   1.1750000000000000        1.6625710435011014     
   1.1850000000000001        1.6095412080610672     
   1.1950000000000001        1.5492707865460078     
   1.2050000000000001        1.4916555407583154     
   1.2150000000000001        1.4473065916391052     
   1.2250000000000001        1.3885102890917054     
   1.2350000000000001        1.3469674730963990     
   1.2450000000000001        1.2988144270062549     
   1.2550000000000001        1.2544301603033892     
   1.2650000000000001        1.2138825836516061     
   1.2750000000000001        1.1792009682169118     
   1.2849999999999999        1.1403934038337824     
   1.2949999999999999        1.1051104914379584     
   1.3049999999999999        1.0770399674279207     
   1.3149999999999999        1.0449935078071044     
   1.3250000000000000        1.0179285703597072     
   1.3350000000000000       0.99308375161072693     
   1.3450000000000000       0.96691527086909035     
   1.3550000000000000       0.94729225035782605     
   1.3650000000000000       0.92640713160644883     
   1.3750000000000000       0.90450977438445479     
   1.3850000000000000       0.88414987918411425     
   1.3950000000000000       0.87123018869883839     
   1.4050000000000000       0.85210948224071903     
   1.4150000000000000       0.84023197390985405     
   1.4250000000000000       0.82865341843389506     
   1.4350000000000001       0.81648362938821661     
   1.4450000000000001       0.80266923317911187     
   1.4550000000000001       0.79215079809613098     
   1.4650000000000001       0.78412642432800439     
   1.4750000000000001       0.77560512822141092     
   1.4850000000000001       0.76966964444316399     
   1.4950000000000001       0.76135859875392520     
   1.5050000000000001       0.75594198834074466     
   1.5150000000000001       0.75005618362576376     
   1.5250000000000001       0.74675932586021798     
   1.5350000000000001       0.74252723649872088     
   1.5449999999999999       0.74209011969987815     
   1.5549999999999999       0.74208435036844267     
   1.5649999999999999       0.74145383051481140     
   1.5750000000000000       0.74114560543644070     
   1.5850000000000000       0.74254348509740031     
   1.5950000000000000       0.74159860949174716     
   1.6050000000000000       0.74179065990701765     
   1.6150000000000000       0.74615208363756746     
   1.6250000000000000       0.75425221227565165     
   1.6350000000000000       0.75778245472071848     
   1.6450000000000000       0.75995799440001888     
   1.6550000000000000       0.76271410530341999     
   1.6650000000000000       0.77244519497048447     
   1.6750000000000000       0.77926561418664231     
   1.6850000000000001       0.78662707364867612     
   1.6950000000000001       0.79358500216007044     
   1.7050000000000001       0.80093065755728465     
   1.7150000000000001       0.81008683145267735     
   1.7250000000000001       0.81895945002696535     
   1.7350000000000001       0.82712054682682112     
   1.7450000000000001       0.84239488685631714     
   1.7550000000000001       0.84857351772494904     
   1.7650000000000001       0.86177808328801664     
   1.7750000000000001       0.87379888553630392     
   1.7850000000000001       0.88530434291375604     
   1.7949999999999999       0.89519865862137071     
   1.8049999999999999       0.90783914017715051     
   1.8149999999999999       0.91882525259184555     
   1.8250000000000000       0.93224268681526679     
   1.8350000000000000       0.94639558461510342     
   1.8450000000000000       0.95870514071872603     
   1.8550000000000000       0.97231232318662064     
   1.8650000000000000       0.98677086489955168     
   1.8750000000000000        1.0014542592484108     
   1.8850000000000000        1.0087842593645080     
   1.8950000000000000        1.0210968824648385     
   1.9050000000000000        1.0346117954305094     
   1.9150000000000000        1.0498711189763388     
   1.9250000000000000        1.0598080212009136     
   1.9350000000000001        1.0702435883250143     
   1.9450000000000001        1.0828841997035865     
   1.9550000000000001        1.0941124313461044     
   1.9650000000000001        1.1007658755772829     
   1.9750000000000001        1.1081020027875774     
   1.9850000000000001        1.1211632515498271     
   1.9950000000000001        1.1282619217244292     
   2.0049999999999999        1.1303451250997734     
   2.0150000000000001        1.1364411525247824     
   2.0249999999999999        1.1416919601538775     
   2.0350000000000001        1.1448493964356925     
   2.0449999999999999        1.1430401558039076     
   2.0550000000000002        1.1440448831198993     
   2.0649999999999999        1.1465089405452265     
   2.0750000000000002        1.1470039672100913     
   2.0850000000000000        1.1458755979136792     
   2.0950000000000002        1.1417541948740393     
   2.1050000000000000        1.1385317968377640     
   2.1150000000000002        1.1379935349927066     
   2.1250000000000000        1.1294255278594276     
   2.1350000000000002        1.1262540084093235     
   2.1450000000000000        1.1256400941177742     
   2.1550000000000002        1.1173896247573776     
   2.1650000000000000        1.1099961334592912     
   2.1750000000000003        1.1004393405941875     
   2.1850000000000001        1.0958570317108298     
   2.1949999999999998        1.0906703662960764     
   2.2050000000000001        1.0809904569518891     
   2.2149999999999999        1.0732090606061233     
   2.2250000000000001        1.0672661516494855     
   2.2349999999999999        1.0598865110686488     
   2.2450000000000001        1.0530558248452713     
   2.2549999999999999        1.0446827410277084     
   2.2650000000000001        1.0375809482727705     
   2.2749999999999999        1.0305269605287763     
   2.2850000000000001        1.0231492139350458     
   2.2949999999999999        1.0163470029170307     
   2.3050000000000002        1.0103873793762981     
   2.3149999999999999        1.0034016746772350     
   2.3250000000000002       0.99823055150522577     
   2.3350000000000000       0.99156688448582553     
   2.3450000000000002       0.98371173737079276     
   2.3550000000000000       0.97935111041041334     
   2.3650000000000002       0.97538909468137536     
   2.3750000000000000       0.96866557188279157     
   2.3850000000000002       0.96534662144284766     
   2.3950000000000000       0.95974097763378696     
   2.4050000000000002       0.95461527843520688     
   2.4150000000000000       0.95078771700585740     
   2.4250000000000003       0.94903889561913146     
   2.4350000000000001       0.94442751988369333     
   2.4449999999999998       0.94318480375637370     
   2.4550000000000001       0.94114024597508483     
   2.4649999999999999       0.93967712542142201     
   2.4750000000000001       0.93640810939322305     
   2.4849999999999999       0.93543084911156571     
   2.4950000000000001       0.93363683600680758     
   2.5049999999999999       0.92886668289443186     
   2.5150000000000001       0.92365370591417595     
   2.5249999999999999       0.92759354914373804     
   2.5350000000000001       0.92500133976930055     
   2.5449999999999999       0.92555619187402272     
   2.5550000000000002       0.92585790831037573     
   2.5649999999999999       0.92657307606487271     
   2.5750000000000002       0.92649748718756908     
   2.5850000000000000       0.93022661804311324     
   2.5950000000000002       0.93187367877513005     
   2.6050000000000000       0.93263058992975678     
   2.6150000000000002       0.93450413211272465     
   2.6250000000000000       0.93676604581241285     
   2.6350000000000002       0.93783111638229300     
   2.6450000000000000       0.94053546331809268     
   2.6550000000000002       0.94346772404454571     
   2.6650000000000000       0.94498143450520244     
   2.6750000000000003       0.95052334699161822     
   2.6850000000000001       0.95402135310392233     
   2.6949999999999998       0.95555455022713010     
   2.7050000000000001       0.95873831457111147     
   2.7149999999999999       0.96180873800480626     
   2.7250000000000001       0.96620872045546680     
   2.7349999999999999       0.96891259895575244     
   2.7450000000000001       0.97228521616994668     
   2.7549999999999999       0.97702206031386973     
   2.7650000000000001       0.97779237396517427     
   2.7749999999999999       0.98466513456321936     
   2.7850000000000001       0.98621502906875103     
   2.7949999999999999       0.98952823588134997     
   2.8050000000000002       0.99377747117278525     
   2.8149999999999999       0.99736309126952671     
   2.8250000000000002        1.0008480782204154     
   2.8350000000000000        1.0013072844460464     
   2.8450000000000002        1.0067827324120271     
   2.8550000000000000        1.0076750885532320     
   2.8650000000000002        1.0115176146259643     
   2.8750000000000000        1.0137477835529114     
   2.8850000000000002        1.0157154104697323     
   2.8950000000000000        1.0187668930531861     
   2.9050000000000002        1.0185558141707312     
   2.9150000000000000        1.0214313419850567     
   2.9250000000000003        1.0245558076591932     
   2.9350000000000001        1.0269335373483841     
   2.9449999999999998        1.0272374276371821     
   2.9550000000000001        1.0272891156591988     
   2.9649999999999999        1.0303438879936868     
   2.9750000000000001        1.0319893663727620     
   2.9849999999999999        1.0338379816037446     
   2.9950000000000001        1.0339774253116594     
   3.0049999999999999        1.0334163887155612     
   3.0150000000000001        1.0339401438851852     
   3.0249999999999999        1.0325286352081724     
   3.0350000000000001        1.0326476528952326     
   3.0449999999999999        1.0323534447297880     
   3.0550000000000002        1.0306843155310421     
   3.0649999999999999        1.0318843707328342     
   3.0750000000000002        1.0311653038322177     
   3.0850000000000000        1.0309010895401851     
   3.0950000000000002        1.0292551205057126     
   3.1050000000000000        1.0278624100321794     
   3.1150000000000002        1.0249340500868898     
   3.1250000000000000        1.0260078379638347     
   3.1350000000000002        1.0242746676090606     
   3.1450000000000000        1.0228331954464911     
   3.1550000000000002        1.0211991276300485     
   3.1650000000000000        1.0189995971572794     
   3.1750000000000003        1.0166750518945060     
   3.1850000000000001        1.0163843342393188     
   3.1950000000000003        1.0138094211124602     
   3.2050000000000001        1.0135327287456912     
   3.2149999999999999        1.0115463279547872     
   3.2250000000000001        1.0098383853846944     
   3.2349999999999999        1.0074217668248160     
   3.2450000000000001        1.0060024469355333     
   3.2549999999999999        1.0028533636142463     
   3.2650000000000001        1.0013308926221205     
   3.2749999999999999        1.0012556174667848     
   3.2850000000000001       0.99790759328440115     
   3.2949999999999999       0.99664039494247303     
   3.3050000000000002       0.99440391996001998     
   3.3149999999999999       0.99266845383919733     
   3.3250000000000002       0.99124213934734973     
   3.3350000000000000       0.99084075878014588     
   3.3450000000000002       0.98868866194915306     
   3.3550000000000000       0.98654924060298765     
   3.3650000000000002       0.98666923824444175     
   3.3750000000000000       0.98389503112814647     
   3.3850000000000002       0.98372686813299104     
   3.3950000000000000       0.98279842882103219     
   3.4050000000000002       0.98428568285495943     
   3.4150000000000000       0.98161511180888139     
   3.4250000000000003       0.97968987452854372     
   3.4350000000000001       0.97936547532331386     
   3.4450000000000003       0.97926403027690900     
   3.4550000000000001       0.97799568715750473     
   3.4649999999999999       0.97765533573038199     
   3.4750000000000001       0.97747891431370271     
   3.4849999999999999       0.97605029707301338     
   3.4950000000000001       0.97686730904633767     
   3.5049999999999999       0.97630510626064171     
   3.5150000000000001       0.97739099253215056     
   3.5249999999999999       0.97797713860388480     
   3.5350000000000001       0.97831247967442969     
   3.5449999999999999       0.97871075496063797     
   3.5550000000000002       0.98006724990189864     
   3.5649999999999999       0.97976331194150257     
   3.5750000000000002       0.97953130577346859     
   3.5850000000000000       0.98018207375530053     
   3.5950000000000002       0.98069959435804466     
   3.6050000000000000       0.98148643913605571     
   3.6150000000000002       0.98344031540426813     
   3.6250000000000000       0.98367881012301384     
   3.6350000000000002       0.98444424524332530     
   3.6450000000000000       0.98482022493282761     
   3.6550000000000002       0.98656465730274545     
   3.6650000000000000       0.98772494825641854     
   3.6750000000000003       0.98864197729893544     
   3.6850000000000001       0.98826799974840773     
   3.6950000000000003       0.98997966927813608     
   3.7050000000000001       0.99141534289963751     
   3.7149999999999999       0.99114167992592728     
   3.7250000000000001       0.99272491879908831     
   3.7349999999999999       0.99319634434516813     
   3.7450000000000001       0.99460442461202248     
   3.7549999999999999       0.99545862054115852     
   3.7650000000000001       0.99616893072243073     
   3.7749999999999999       0.99765583651349821     
   3.7850000000000001       0.99781392098586508     
   3.7949999999999999       0.99927231427568752     
   3.8050000000000002       0.99935717052304807     
   3.8149999999999999        1.0003890172774621     
   3.8250000000000002        1.0022664948653308     
   3.8350000000000000        1.0025940270659695     
   3.8450000000000002        1.0014680157125939     
   3.8550000000000000        1.0040544344624505     
   3.8650000000000002        1.0040822724450569     
   3.8750000000000000        1.0050967017605028     
   3.8850000000000002        1.0060137981218402     
   3.8950000000000000        1.0067155735676467     
   3.9050000000000002        1.0062248748383888     
   3.9150000000000000        1.0069098038266859     
   3.9250000000000003        1.0079453304634978     
   3.9350000000000001        1.0072856829952821     
   3.9450000000000003        1.0077595187148087     
   3.9550000000000001        1.0076824486386069     
   3.9650000000000003        1.0073787422190066     
   3.9750000000000001        1.0080887234545353     
   3.9849999999999999        1.0083383430342503     
   3.9950000000000001        1.0087306044470044     
   4.0049999999999999        1.0085376878622443     
   4.0149999999999997        1.0090367657064039     
   4.0250000000000004        1.0084827137243013     
   4.0350000000000001        1.0077593701723104     
   4.0449999999999999        1.0075256933313947     
   4.0549999999999997        1.0056631228872868     
   4.0650000000000004        1.0074340616556625     
   4.0750000000000002        1.0068946097860401     
   4.0850000000000000        1.0054121470559449     
   4.0949999999999998        1.0050152836225528     
   4.1050000000000004        1.0044937456282055     
   4.1150000000000002        1.0038420491933910     
   4.1250000000000000        1.0039181295066637     
   4.1349999999999998        1.0041579267784861     
   4.1450000000000005        1.0026666578125294     
   4.1550000000000002        1.0030765637073122     
   4.1650000000000000        1.0023586073807458     
   4.1749999999999998        1.0020514395206375     
   4.1850000000000005        1.0010459166432011     
   4.1950000000000003       0.99990157268003543     
   4.2050000000000001       0.99985223115476141     
   4.2149999999999999       0.99929334208511156     
   4.2249999999999996       0.99897777042479907     
   4.2350000000000003       0.99816016025014942     
   4.2450000000000001       0.99721757720046256     
   4.2549999999999999       0.99760791176905506     
   4.2649999999999997       0.99570273969452039     
   4.2750000000000004       0.99583546583179849     
   4.2850000000000001       0.99537113708039537     
   4.2949999999999999       0.99438699789794938     
   4.3049999999999997       0.99274863396929491     
   4.3150000000000004       0.98845504320865107     
   4.3250000000000002       0.98380113335896580     
   4.3350000000000000       0.97783162256653688     
   4.3449999999999998       0.97127561094162362     
   4.3550000000000004       0.96345737443672141     
   4.3650000000000002       0.95777369638140153     
   4.3750000000000000       0.95064374572530785     
   4.3849999999999998       0.94403466090840493     
   4.3950000000000005       0.93717358299586662     
   4.4050000000000002       0.92946195349020877     
   4.4150000000000000       0.92314874578531581     
   4.4249999999999998       0.91587034283792645     
   4.4350000000000005       0.90968291658757072     
   4.4450000000000003       0.90357230056474602     
   4.4550000000000001       0.89674132077158597     
   4.4649999999999999       0.89187943251659674     
   4.4750000000000005       0.88468664146221676     
   4.4850000000000003       0.87843318628243316     
   4.4950000000000001       0.87222681933187962     
   4.5049999999999999       0.86496505901835419     
   4.5149999999999997       0.85934445210872523     
   4.5250000000000004       0.85272246996347312     
   4.5350000000000001       0.84689748722391667     
   4.5449999999999999       0.84110114915493639     
   4.5549999999999997       0.83510391267641371     
   4.5650000000000004       0.82840252067332232     
   4.5750000000000002       0.82460963908249507     
   4.5850000000000000       0.81771126260889460     
   4.5949999999999998       0.81132273583139969     
   4.6050000000000004       0.80584757137585339     
   4.6150000000000002       0.79965843669264247     
   4.6250000000000000       0.79374722856095692     
   4.6349999999999998       0.78769644447527332     
   4.6450000000000005       0.78245393587311995     
   4.6550000000000002       0.77604775215415067     
   4.6650000000000000       0.77077201367851111     
   4.6749999999999998       0.76428866657815031     
   4.6850000000000005       0.75829442755435716     
   4.6950000000000003       0.75334815084221773     
   4.7050000000000001       0.74769649497066482     
   4.7149999999999999       0.74243729329517039     
   4.7250000000000005       0.73636134848180868     
   4.7350000000000003       0.73101593146771382     
   4.7450000000000001       0.72501421004421496     
   4.7549999999999999       0.71915614139000750     
   4.7649999999999997       0.71429164723590122     
   4.7750000000000004       0.70897534157407172     
   4.7850000000000001       0.70336817444269373     
   4.7949999999999999       0.69807724019819817     
   4.8049999999999997       0.69228606082969535     
   4.8150000000000004       0.68676282043689840     
   4.8250000000000002       0.68137860415347995     
   4.8350000000000000       0.67550318239889129     
   4.8449999999999998       0.67136597361525197     
   4.8550000000000004       0.66527460526217164     
   4.8650000000000002       0.66013456272849547     
   4.8750000000000000       0.65456629138142097     
   4.8849999999999998       0.64896402989645274     
   4.8950000000000005       0.64355851503102512     
   4.9050000000000002       0.63837823388768755     
   4.9150000000000000       0.63261383409053573     
   4.9249999999999998       0.62742238773200454     
   4.9350000000000005       0.62266584157753646     
   4.9450000000000003       0.61716353609939933     
   4.9550000000000001       0.61215214789685057     
   4.9649999999999999       0.60715528553287434     
   4.9750000000000005       0.60132111462721727     
   4.9850000000000003       0.59593714672209075     
   4.9950000000000001       0.59032092321304286     
   5.0049999999999999       0.29288125589548147     
